1787846400|20260828000000|998.06
1787846460|20260828000100|998.03
1787846520|20260828000200|998.11
1787846580|20260828000300|997.81
1787846640|20260828000400|997.60
1787846700|20260828000500|998.35
1787846760|20260828000600|997.77
1787846820|20260828000700|997.41
1787846880|20260828000800|997.17
1787846940|20260828000900|997.38
1787847000|20260828001000|997.49
1787847060|20260828001100|997.31
1787847120|20260828001200|997.27
1787847180|20260828001300|997.28
1787847240|20260828001400|997.27
1787847300|20260828001500|997.27
1787847360|20260828001600|996.84
1787847420|20260828001700|996.94
1787847480|20260828001800|996.94
1787847540|20260828001900|996.67
1787847600|20260828002000|996.56
1787847660|20260828002100|996.95
1787847720|20260828002200|996.96
1787847780|20260828002300|996.90
1787847840|20260828002400|997.51
1787847900|20260828002500|997.21
1787847960|20260828002600|997.34
1787848020|20260828002700|997.52
1787848080|20260828002800|997.50
1787848140|20260828002900|997.56
1787848200|20260828003000|997.56
1787848260|20260828003100|997.30
1787848320|20260828003200|997.50
1787848380|20260828003300|997.50
1787848440|20260828003400|997.64
1787848500|20260828003500|997.64
1787848560|20260828003600|997.64
1787848620|20260828003700|997.64
1787848680|20260828003800|998.31
1787848740|20260828003900|997.79
1787848800|20260828004000|998.31
1787848860|20260828004100|998.25
1787848920|20260828004200|998.25
1787848980|20260828004300|998.25
1787849040|20260828004400|998.23
1787849100|20260828004500|998.21
1787849160|20260828004600|998.93
1787849220|20260828004700|998.54
1787849280|20260828004800|998.16
1787849340|20260828004900|998.35
1787849400|20260828005000|998.40
1787849460|20260828005100|998.60
1787849520|20260828005200|998.65
1787849580|20260828005300|999.10
1787849640|20260828005400|999.16
1787849700|20260828005500|999.30
1787849760|20260828005600|998.99
1787849820|20260828005700|998.96
1787849880|20260828005800|998.96
1787849940|20260828005900|999.10
1787850000|20260828010000|999.24
1787850060|20260828010100|999.53
1787850120|20260828010200|999.32
1787850180|20260828010300|998.91
1787850240|20260828010400|999.24
1787850300|20260828010500|999.13
1787850360|20260828010600|998.67
1787850420|20260828010700|998.50
1787850480|20260828010800|998.49
1787850540|20260828010900|998.29
1787850600|20260828011000|998.10
1787850660|20260828011100|997.88
1787850720|20260828011200|998.18
1787850780|20260828011300|998.18
1787850840|20260828011400|998.18
1787850900|20260828011500|998.24
1787850960|20260828011600|998.22
1787851020|20260828011700|997.94
1787851080|20260828011800|997.63
1787851140|20260828011900|997.71
1787851200|20260828012000|998.06
1787851260|20260828012100|998.06
1787851320|20260828012200|998.06
1787851380|20260828012300|998.25
1787851440|20260828012400|998.24
1787851500|20260828012500|998.40
1787851560|20260828012600|998.40
1787851620|20260828012700|998.44
1787851680|20260828012800|998.35
1787851740|20260828012900|998.35
1787851800|20260828013000|998.36
1787851860|20260828013100|998.31
1787851920|20260828013200|998.14
1787851980|20260828013300|998.32
1787852040|20260828013400|998.14
1787852100|20260828013500|998.15
1787852160|20260828013600|998.14
1787852220|20260828013700|998.12
1787852280|20260828013800|998.14
1787852340|20260828013900|998.23
1787852400|20260828014000|998.30
1787852460|20260828014100|999.00
1787852520|20260828014200|999.11
1787852580|20260828014300|998.66
1787852640|20260828014400|998.66
1787852700|20260828014500|998.44
1787852760|20260828014600|998.43
1787852820|20260828014700|998.41
1787852880|20260828014800|998.18
1787852940|20260828014900|997.79
1787853000|20260828015000|998.16
1787853060|20260828015100|998.22
1787853120|20260828015200|997.86
1787853180|20260828015300|998.03
1787853240|20260828015400|997.86
1787853300|20260828015500|997.86
1787853360|20260828015600|997.92
1787853420|20260828015700|997.83
1787853480|20260828015800|997.67
1787853540|20260828015900|997.64
1787879400|20260828091000|995.95
1787879460|20260828091100|996.00
1787879520|20260828091200|995.57
1787879580|20260828091300|994.71
1787879640|20260828091400|994.82
1787879700|20260828091500|994.70
1787879760|20260828091600|995.07
1787879820|20260828091700|994.64
1787879880|20260828091800|994.70
1787879940|20260828091900|995.30
1787880000|20260828092000|995.06
1787880060|20260828092100|994.89
1787880120|20260828092200|995.12
1787880180|20260828092300|995.15
1787880240|20260828092400|995.00
1787880300|20260828092500|994.26
1787880360|20260828092600|993.92
1787880420|20260828092700|993.72
1787880480|20260828092800|992.82
1787880540|20260828092900|992.72
1787880600|20260828093000|992.89
1787880660|20260828093100|993.36
1787880720|20260828093200|993.00
1787880780|20260828093300|993.44
1787880840|20260828093400|993.44
1787880900|20260828093500|993.51
1787880960|20260828093600|993.51
1787881020|20260828093700|992.97
1787881080|20260828093800|993.40
1787881140|20260828093900|992.51
1787881200|20260828094000|991.95
1787881260|20260828094100|991.53
1787881320|20260828094200|991.62
1787881380|20260828094300|992.03
1787881440|20260828094400|992.01
1787881500|20260828094500|992.25
1787881560|20260828094600|991.72
1787881620|20260828094700|992.27
1787881680|20260828094800|991.62
1787881740|20260828094900|992.04
1787881800|20260828095000|992.23
1787881860|20260828095100|992.51
1787881920|20260828095200|992.22
1787881980|20260828095300|991.82
1787882040|20260828095400|991.07
1787882100|20260828095500|991.26
1787882160|20260828095600|991.45
1787882220|20260828095700|991.29
1787882280|20260828095800|991.14
1787882340|20260828095900|991.22
1787882400|20260828100000|991.02
1787882460|20260828100100|991.15
1787882520|20260828100200|991.26
1787882580|20260828100300|991.41
1787882640|20260828100400|991.38
1787882700|20260828100500|991.41
1787882760|20260828100600|991.65
1787882820|20260828100700|991.68
1787882880|20260828100800|991.82
1787882940|20260828100900|992.35
1787883000|20260828101000|992.12
1787883060|20260828101100|992.39
1787883120|20260828101200|991.90
1787883180|20260828101300|991.84
1787883240|20260828101400|992.15
1787883300|20260828101500|992.18
1787883360|20260828101600|992.01
1787883420|20260828101700|992.01
1787883480|20260828101800|992.04
1787883540|20260828101900|992.14
1787883600|20260828102000|992.09
1787883660|20260828102100|992.24
1787883720|20260828102200|992.12
1787883780|20260828102300|992.16
1787883840|20260828102400|992.39
1787883900|20260828102500|992.56
1787883960|20260828102600|992.60
1787884020|20260828102700|992.48
1787884080|20260828102800|992.48
1787884140|20260828102900|992.64
1787884200|20260828103000|992.59
1787884260|20260828103100|993.44
1787884320|20260828103200|993.34
1787884380|20260828103300|993.12
1787884440|20260828103400|992.97
1787884500|20260828103500|993.06
1787884560|20260828103600|993.34
1787884620|20260828103700|993.17
1787884680|20260828103800|993.51
1787884740|20260828103900|993.85
1787884800|20260828104000|993.82
1787884860|20260828104100|993.59
1787884920|20260828104200|993.45
1787884980|20260828104300|993.47
1787885040|20260828104400|993.18
1787885100|20260828104500|993.06
1787885160|20260828104600|992.78
1787885220|20260828104700|992.75
1787885280|20260828104800|992.73
1787885340|20260828104900|992.76
1787885400|20260828105000|993.31
1787885460|20260828105100|993.20
1787885520|20260828105200|993.42
1787885580|20260828105300|993.41
1787885640|20260828105400|993.23
1787885700|20260828105500|993.24
1787885760|20260828105600|992.86
1787885820|20260828105700|992.98
1787885880|20260828105800|993.01
1787885940|20260828105900|993.24
1787886000|20260828110000|993.28
1787886060|20260828110100|993.41
1787886120|20260828110200|993.27
1787886180|20260828110300|992.88
1787886240|20260828110400|993.09
1787886300|20260828110500|993.57
1787886360|20260828110600|993.53
1787886420|20260828110700|993.18
1787886480|20260828110800|993.30
1787886540|20260828110900|993.12
1787886600|20260828111000|993.31
1787886660|20260828111100|993.43
1787886720|20260828111200|993.53
1787886780|20260828111300|993.51
1787886840|20260828111400|992.76
1787886900|20260828111500|992.85
1787886960|20260828111600|993.27
1787887020|20260828111700|993.29
1787887080|20260828111800|993.36
1787887140|20260828111900|993.34
1787887200|20260828112000|993.45
1787887260|20260828112100|993.31
1787887320|20260828112200|993.51
1787887380|20260828112300|993.65
1787887440|20260828112400|993.63
1787887500|20260828112500|993.71
1787887560|20260828112600|993.46
1787887620|20260828112700|993.40
1787887680|20260828112800|993.34
1787887740|20260828112900|993.55
1787887800|20260828113000|993.56
1787887860|20260828113100|993.41
1787887920|20260828113200|993.29
1787887980|20260828113300|993.14
1787888040|20260828113400|992.98
1787888100|20260828113500|992.95
1787888160|20260828113600|992.94
1787888220|20260828113700|992.92
1787888280|20260828113800|992.96
1787888340|20260828113900|992.92
1787888400|20260828114000|992.70
1787888460|20260828114100|992.71
1787888520|20260828114200|992.56
1787888580|20260828114300|992.52
1787888640|20260828114400|992.62
1787888700|20260828114500|992.55
1787888760|20260828114600|992.36
1787888820|20260828114700|992.22
1787888880|20260828114800|992.46
1787888940|20260828114900|992.36
1787889000|20260828115000|992.36
1787889060|20260828115100|992.21
1787889120|20260828115200|992.56
1787889180|20260828115300|992.08
1787889240|20260828115400|992.17
1787889300|20260828115500|992.02
1787889360|20260828115600|992.12
1787889420|20260828115700|992.05
1787889480|20260828115800|992.31
1787889540|20260828115900|992.02
1787889600|20260828120000|992.12
1787889660|20260828120100|992.09
1787889720|20260828120200|992.12
1787889780|20260828120300|992.09
1787889840|20260828120400|992.12
1787889900|20260828120500|992.12
1787889960|20260828120600|992.11
1787890020|20260828120700|992.11
1787890080|20260828120800|991.96
1787890140|20260828120900|992.04
1787890200|20260828121000|992.11
1787890260|20260828121100|992.12
1787890320|20260828121200|992.15
1787890380|20260828121300|992.12
1787890440|20260828121400|992.16
1787890500|20260828121500|992.15
1787890560|20260828121600|992.16
1787890620|20260828121700|992.19
1787890680|20260828121800|992.19
1787890740|20260828121900|992.41
1787890800|20260828122000|992.56
1787890860|20260828122100|992.57
1787890920|20260828122200|992.71
1787890980|20260828122300|992.78
1787891040|20260828122400|992.65
1787891100|20260828122500|992.74
1787891160|20260828122600|992.81
1787891220|20260828122700|992.67
1787891280|20260828122800|992.70
1787891340|20260828122900|992.66
1787891400|20260828123000|992.74
1787891460|20260828123100|992.64
1787891520|20260828123200|992.61
1787891580|20260828123300|992.41
1787891640|20260828123400|992.58
1787891700|20260828123500|992.50
1787891760|20260828123600|992.45
1787891820|20260828123700|992.39
1787891880|20260828123800|992.43
1787891940|20260828123900|991.93
1787892000|20260828124000|991.72
1787892060|20260828124100|991.74
1787892120|20260828124200|991.96
1787892180|20260828124300|992.09
1787892240|20260828124400|991.99
1787892300|20260828124500|992.12
1787892360|20260828124600|991.99
1787892420|20260828124700|991.93
1787892480|20260828124800|992.15
1787892540|20260828124900|992.30
1787892600|20260828125000|992.15
1787892660|20260828125100|992.28
1787892720|20260828125200|992.28
1787892780|20260828125300|992.32
1787892840|20260828125400|992.32
1787892900|20260828125500|992.36
1787892960|20260828125600|992.32
1787893020|20260828125700|992.47
1787893080|20260828125800|992.60
1787893140|20260828125900|992.77
1787893200|20260828130000|992.74
1787893260|20260828130100|992.74
1787893320|20260828130200|992.67
1787893380|20260828130300|992.66
1787893440|20260828130400|992.51
1787893500|20260828130500|992.54
1787893560|20260828130600|992.42
1787893620|20260828130700|992.22
1787893680|20260828130800|992.15
1787893740|20260828130900|992.16
1787893800|20260828131000|992.08
1787893860|20260828131100|991.94
1787893920|20260828131200|991.96
1787893980|20260828131300|992.05
1787894040|20260828131400|991.97
1787894100|20260828131500|992.01
1787894160|20260828131600|991.88
1787894220|20260828131700|991.91
1787894280|20260828131800|992.03
1787894340|20260828131900|992.08
1787894400|20260828132000|992.13
1787894460|20260828132100|992.10
1787894520|20260828132200|992.26
1787894580|20260828132300|992.12
1787894640|20260828132400|992.46
1787894700|20260828132500|992.53
1787894760|20260828132600|992.62
1787894820|20260828132700|992.99
1787894880|20260828132800|992.66
