1789056000|20260911000000|947.45
1789056060|20260911000100|947.25
1789056120|20260911000200|947.27
1789056180|20260911000300|947.28
1789056240|20260911000400|947.61
1789056300|20260911000500|947.75
1789056360|20260911000600|947.49
1789056420|20260911000700|947.34
1789056480|20260911000800|947.04
1789056540|20260911000900|946.51
1789056600|20260911001000|946.22
1789056660|20260911001100|945.81
1789056720|20260911001200|945.20
1789056780|20260911001300|945.34
1789056840|20260911001400|945.33
1789056900|20260911001500|945.73
1789056960|20260911001600|945.93
1789057020|20260911001700|945.71
1789057080|20260911001800|945.15
1789057140|20260911001900|945.15
1789057200|20260911002000|945.41
1789057260|20260911002100|945.84
1789057320|20260911002200|946.08
1789057380|20260911002300|946.12
1789057440|20260911002400|946.26
1789057500|20260911002500|946.26
1789057560|20260911002600|946.26
1789057620|20260911002700|946.27
1789057680|20260911002800|946.30
1789057740|20260911002900|946.30
1789057800|20260911003000|946.57
1789057860|20260911003100|946.37
1789057920|20260911003200|946.75
1789057980|20260911003300|946.82
1789058040|20260911003400|946.82
1789058100|20260911003500|946.04
1789058160|20260911003600|945.52
1789058220|20260911003700|945.75
1789058280|20260911003800|945.99
1789058340|20260911003900|946.02
1789058400|20260911004000|946.02
1789058460|20260911004100|946.02
1789058520|20260911004200|946.02
1789058580|20260911004300|945.55
1789058640|20260911004400|945.52
1789058700|20260911004500|945.54
1789058760|20260911004600|945.55
1789058820|20260911004700|945.79
1789058880|20260911004800|945.78
1789058940|20260911004900|945.78
1789059000|20260911005000|945.78
1789059060|20260911005100|945.99
1789059120|20260911005200|946.43
1789059180|20260911005300|946.43
1789059240|20260911005400|946.44
1789059300|20260911005500|946.38
1789059360|20260911005600|946.31
1789059420|20260911005700|946.30
1789059480|20260911005800|946.38
1789059540|20260911005900|946.59
1789059600|20260911010000|946.59
1789059660|20260911010100|946.65
1789059720|20260911010200|946.65
1789059780|20260911010300|946.92
1789059840|20260911010400|946.08
1789059900|20260911010500|946.10
1789059960|20260911010600|946.09
1789060020|20260911010700|946.24
1789060080|20260911010800|946.48
1789060140|20260911010900|946.28
1789060200|20260911011000|946.24
1789060260|20260911011100|946.90
1789060320|20260911011200|946.85
1789060380|20260911011300|946.84
1789060440|20260911011400|946.51
1789060500|20260911011500|946.45
1789060560|20260911011600|946.45
1789060620|20260911011700|946.67
1789060680|20260911011800|946.54
1789060740|20260911011900|946.53
1789060800|20260911012000|946.57
1789060860|20260911012100|946.57
1789060920|20260911012200|946.57
1789060980|20260911012300|946.57
1789061040|20260911012400|946.69
1789061100|20260911012500|946.70
1789061160|20260911012600|946.78
1789061220|20260911012700|946.78
1789061280|20260911012800|947.05
1789061340|20260911012900|947.05
1789061400|20260911013000|947.05
1789061460|20260911013100|947.05
1789061520|20260911013200|947.05
1789061580|20260911013300|947.05
1789061640|20260911013400|946.81
1789061700|20260911013500|946.81
1789061760|20260911013600|946.69
1789061820|20260911013700|946.65
1789061880|20260911013800|946.60
1789061940|20260911013900|946.41
1789062000|20260911014000|945.92
1789062060|20260911014100|945.67
1789062120|20260911014200|945.07
1789062180|20260911014300|945.10
1789062240|20260911014400|945.28
1789062300|20260911014500|945.16
1789062360|20260911014600|945.44
1789062420|20260911014700|945.44
1789062480|20260911014800|945.37
1789062540|20260911014900|945.37
1789062600|20260911015000|945.37
1789062660|20260911015100|945.37
1789062720|20260911015200|945.38
1789062780|20260911015300|945.65
1789062840|20260911015400|945.61
1789062900|20260911015500|945.44
1789062960|20260911015600|945.34
1789063020|20260911015700|945.08
1789063080|20260911015800|944.26
1789063140|20260911015900|944.16
1789089000|20260911091000|941.23
1789089060|20260911091100|941.33
1789089120|20260911091200|941.25
1789089180|20260911091300|941.02
1789089240|20260911091400|940.67
1789089300|20260911091500|940.24
1789089360|20260911091600|940.25
1789089420|20260911091700|940.32
1789089480|20260911091800|940.62
1789089540|20260911091900|939.79
1789089600|20260911092000|939.60
1789089660|20260911092100|939.35
1789089720|20260911092200|938.55
1789089780|20260911092300|938.70
1789089840|20260911092400|938.13
1789089900|20260911092500|937.45
1789089960|20260911092600|937.88
1789090020|20260911092700|938.86
1789090080|20260911092800|938.92
1789090140|20260911092900|938.77
1789090200|20260911093000|938.76
1789090260|20260911093100|939.32
1789090320|20260911093200|939.33
1789090380|20260911093300|939.21
1789090440|20260911093400|939.18
1789090500|20260911093500|939.59
1789090560|20260911093600|939.79
1789090620|20260911093700|939.37
1789090680|20260911093800|939.58
1789090740|20260911093900|939.13
1789090800|20260911094000|938.71
1789090860|20260911094100|937.84
1789090920|20260911094200|937.44
1789090980|20260911094300|937.51
1789091040|20260911094400|937.79
1789091100|20260911094500|937.79
1789091160|20260911094600|937.79
1789091220|20260911094700|937.62
1789091280|20260911094800|937.74
1789091340|20260911094900|937.91
1789091400|20260911095000|938.27
1789091460|20260911095100|938.14
1789091520|20260911095200|938.50
1789091580|20260911095300|938.34
1789091640|20260911095400|937.69
1789091700|20260911095500|937.63
1789091760|20260911095600|937.61
1789091820|20260911095700|938.01
1789091880|20260911095800|937.94
1789091940|20260911095900|937.96
1789092000|20260911100000|938.48
1789092060|20260911100100|938.70
1789092120|20260911100200|938.91
1789092180|20260911100300|938.78
1789092240|20260911100400|938.96
1789092300|20260911100500|939.31
1789092360|20260911100600|939.29
1789092420|20260911100700|938.96
1789092480|20260911100800|938.47
1789092540|20260911100900|938.97
1789092600|20260911101000|938.80
1789092660|20260911101100|939.03
1789092720|20260911101200|938.74
1789092780|20260911101300|938.65
1789092840|20260911101400|939.22
1789092900|20260911101500|939.09
1789092960|20260911101600|939.44
1789093020|20260911101700|939.35
1789093080|20260911101800|939.31
1789093140|20260911101900|939.38
1789093200|20260911102000|939.55
1789093260|20260911102100|939.28
1789093320|20260911102200|939.13
1789093380|20260911102300|938.90
1789093440|20260911102400|938.54
1789093500|20260911102500|938.25
1789093560|20260911102600|937.89
1789093620|20260911102700|937.62
1789093680|20260911102800|937.75
1789093740|20260911102900|938.17
1789093800|20260911103000|937.96
1789093860|20260911103100|937.38
1789093920|20260911103200|936.42
1789093980|20260911103300|936.49
1789094040|20260911103400|936.45
1789094100|20260911103500|936.43
1789094160|20260911103600|936.04
1789094220|20260911103700|935.95
1789094280|20260911103800|936.05
1789094340|20260911103900|936.83
1789094400|20260911104000|936.76
1789094460|20260911104100|937.13
1789094520|20260911104200|937.16
1789094580|20260911104300|936.46
1789094640|20260911104400|936.68
1789094700|20260911104500|936.43
1789094760|20260911104600|936.07
1789094820|20260911104700|935.98
1789094880|20260911104800|936.30
1789094940|20260911104900|937.03
1789095000|20260911105000|937.25
1789095060|20260911105100|937.54
1789095120|20260911105200|937.45
1789095180|20260911105300|937.13
1789095240|20260911105400|937.43
1789095300|20260911105500|936.83
1789095360|20260911105600|936.89
1789095420|20260911105700|936.97
1789095480|20260911105800|937.09
1789095540|20260911105900|937.20
1789095600|20260911110000|937.14
1789095660|20260911110100|937.27
1789095720|20260911110200|937.59
1789095780|20260911110300|937.60
1789095840|20260911110400|937.33
1789095900|20260911110500|937.01
1789095960|20260911110600|936.91
1789096020|20260911110700|936.33
1789096080|20260911110800|935.46
1789096140|20260911110900|935.97
1789096200|20260911111000|935.91
1789096260|20260911111100|935.85
1789096320|20260911111200|935.49
1789096380|20260911111300|935.71
1789096440|20260911111400|936.16
1789096500|20260911111500|936.17
1789096560|20260911111600|936.25
1789096620|20260911111700|936.30
1789096680|20260911111800|936.04
1789096740|20260911111900|935.94
1789096800|20260911112000|935.38
1789096860|20260911112100|935.70
1789096920|20260911112200|934.35
1789096980|20260911112300|933.58
1789097040|20260911112400|933.86
1789097100|20260911112500|933.98
1789097160|20260911112600|934.10
1789097220|20260911112700|934.23
1789097280|20260911112800|934.31
1789097340|20260911112900|934.32
1789097400|20260911113000|934.46
1789097460|20260911113100|934.57
1789097520|20260911113200|934.52
1789097580|20260911113300|934.42
1789097640|20260911113400|934.01
1789097700|20260911113500|934.32
1789097760|20260911113600|934.21
1789097820|20260911113700|934.22
1789097880|20260911113800|934.29
1789097940|20260911113900|934.27
1789098000|20260911114000|934.37
1789098060|20260911114100|934.36
1789098120|20260911114200|934.31
1789098180|20260911114300|934.65
1789098240|20260911114400|934.65
1789098300|20260911114500|934.28
1789098360|20260911114600|933.76
1789098420|20260911114700|933.21
1789098480|20260911114800|933.21
1789098540|20260911114900|933.22
1789098600|20260911115000|933.20
1789098660|20260911115100|933.27
1789098720|20260911115200|933.23
1789098780|20260911115300|933.05
1789098840|20260911115400|933.24
1789098900|20260911115500|933.07
1789098960|20260911115600|933.46
1789099020|20260911115700|933.84
1789099080|20260911115800|933.92
1789099140|20260911115900|933.78
1789099200|20260911120000|933.60
1789099260|20260911120100|933.28
1789099320|20260911120200|933.48
1789099380|20260911120300|933.33
1789099440|20260911120400|933.96
1789099500|20260911120500|934.47
1789099560|20260911120600|934.67
1789099620|20260911120700|934.65
1789099680|20260911120800|934.64
1789099740|20260911120900|935.42
1789099800|20260911121000|935.65
1789099860|20260911121100|936.50
1789099920|20260911121200|936.11
1789099980|20260911121300|936.39
1789100040|20260911121400|937.08
1789100100|20260911121500|936.28
1789100160|20260911121600|936.42
1789100220|20260911121700|935.76
1789100280|20260911121800|936.17
1789100340|20260911121900|935.25
1789100400|20260911122000|936.17
1789100460|20260911122100|936.39
1789100520|20260911122200|937.12
1789100580|20260911122300|937.18
1789100640|20260911122400|937.45
1789100700|20260911122500|937.51
1789100760|20260911122600|937.77
1789100820|20260911122700|937.69
1789100880|20260911122800|937.91
1789100940|20260911122900|937.87
1789101000|20260911123000|938.07
1789101060|20260911123100|938.09
1789101120|20260911123200|938.09
1789101180|20260911123300|938.14
1789101240|20260911123400|938.03
1789101300|20260911123500|937.78
1789101360|20260911123600|937.67
1789101420|20260911123700|937.63
1789101480|20260911123800|937.71
1789101540|20260911123900|937.71
1789101600|20260911124000|937.83
1789101660|20260911124100|937.63
1789101720|20260911124200|937.93
1789101780|20260911124300|938.38
1789101840|20260911124400|938.35
1789101900|20260911124500|938.33
1789101960|20260911124600|938.31
1789102020|20260911124700|938.53
1789102080|20260911124800|938.32
1789102140|20260911124900|938.13
1789102200|20260911125000|938.30
1789102260|20260911125100|938.43
1789102320|20260911125200|939.09
1789102380|20260911125300|938.98
1789102440|20260911125400|938.86
1789102500|20260911125500|939.13
1789102560|20260911125600|938.28
1789102620|20260911125700|938.64
1789102680|20260911125800|939.03
1789102740|20260911125900|938.61
1789102800|20260911130000|938.63
1789102860|20260911130100|938.39
1789102920|20260911130200|938.06
1789102980|20260911130300|937.87
1789103040|20260911130400|937.75
1789103100|20260911130500|937.97
1789103160|20260911130600|938.38
1789103220|20260911130700|938.53
1789103280|20260911130800|938.26
1789103340|20260911130900|938.21
1789103400|20260911131000|939.23
1789103460|20260911131100|938.99
1789103520|20260911131200|938.74
1789103580|20260911131300|939.43
1789103640|20260911131400|939.33
1789103700|20260911131500|939.89
1789103760|20260911131600|939.99
1789103820|20260911131700|939.58
1789103880|20260911131800|939.32
1789103940|20260911131900|939.98
1789104000|20260911132000|939.93
1789104060|20260911132100|939.56
1789104120|20260911132200|939.49
1789104180|20260911132300|939.54
1789104240|20260911132400|939.59
1789104300|20260911132500|939.52
1789104360|20260911132600|939.19
1789104420|20260911132700|939.49
1789104480|20260911132800|939.52
1789104540|20260911132900|939.34
1789104600|20260911133000|939.54
1789104660|20260911133100|940.06
1789104720|20260911133200|940.19
1789104780|20260911133300|939.83
1789104840|20260911133400|940.03
1789104900|20260911133500|940.24
1789104960|20260911133600|940.16
1789105020|20260911133700|939.77
1789105080|20260911133800|940.05
1789105140|20260911133900|939.78
1789105200|20260911134000|940.03
1789105260|20260911134100|939.47
1789105320|20260911134200|939.34
1789105380|20260911134300|940.08
1789105440|20260911134400|940.48
1789105500|20260911134500|940.95
1789105560|20260911134600|940.59
1789105620|20260911134700|941.42
1789105680|20260911134800|941.46
1789105740|20260911134900|941.34
1789105800|20260911135000|941.53
1789105860|20260911135100|941.19
1789105920|20260911135200|941.54
1789105980|20260911135300|941.51
1789106040|20260911135400|941.29
1789106100|20260911135500|941.83
1789106160|20260911135600|942.60
1789106220|20260911135700|942.55
1789106280|20260911135800|942.40
1789106340|20260911135900|941.84
1789106400|20260911140000|941.59
1789106460|20260911140100|942.27
1789106520|20260911140200|942.34
1789106580|20260911140300|943.22
1789106640|20260911140400|943.18
1789106700|20260911140500|943.22
1789106760|20260911140600|943.05
1789106820|20260911140700|943.41
1789106880|20260911140800|944.09
1789106940|20260911140900|944.23
1789107000|20260911141000|943.76
1789107060|20260911141100|943.68
1789107120|20260911141200|943.74
1789107180|20260911141300|943.47
1789107240|20260911141400|944.21
1789107300|20260911141500|944.45
1789107360|20260911141600|944.51
1789107420|20260911141700|944.04
1789107480|20260911141800|943.88
1789107540|20260911141900|943.80
1789107600|20260911142000|944.12
1789107660|20260911142100|943.85
1789107720|20260911142200|943.36
1789107780|20260911142300|943.17
1789107840|20260911142400|943.03
1789107900|20260911142500|942.94
1789107960|20260911142600|942.78
1789108020|20260911142700|942.73
1789108080|20260911142800|942.84
1789108140|20260911142900|942.71
1789108200|20260911143000|942.81
1789108260|20260911143100|942.49
1789108320|20260911143200|942.77
1789108380|20260911143300|942.67
1789108440|20260911143400|941.83
1789108500|20260911143500|941.74
1789108560|20260911143600|942.20
1789108620|20260911143700|942.50
1789108680|20260911143800|942.29
1789108740|20260911143900|942.70
1789108800|20260911144000|942.77
1789108860|20260911144100|942.92
1789108920|20260911144200|943.09
1789108980|20260911144300|942.51
1789109040|20260911144400|942.35
1789109100|20260911144500|942.49
1789109160|20260911144600|942.35
1789109220|20260911144700|942.62
1789109280|20260911144800|942.98
1789109340|20260911144900|943.20
1789109400|20260911145000|942.96
1789109460|20260911145100|942.65
1789109520|20260911145200|942.51
1789109580|20260911145300|942.55
1789109640|20260911145400|942.79
1789109700|20260911145500|943.13
1789109760|20260911145600|942.99
1789109820|20260911145700|943.00
1789109880|20260911145800|943.02
1789109940|20260911145900|943.10
1789110000|20260911150000|943.25
1789110060|20260911150100|943.32
1789110120|20260911150200|943.22
1789110180|20260911150300|943.27
1789110240|20260911150400|943.39
1789110300|20260911150500|943.85
1789110360|20260911150600|943.69
1789110420|20260911150700|943.25
1789110480|20260911150800|943.30
1789110540|20260911150900|942.78
1789110600|20260911151000|942.81
1789110660|20260911151100|943.26
1789110720|20260911151200|943.44
1789110780|20260911151300|943.46
1789110840|20260911151400|943.31
1789110900|20260911151500|943.12
1789110960|20260911151600|943.19
1789111020|20260911151700|943.01
1789111080|20260911151800|943.02
1789111140|20260911151900|942.81
1789111200|20260911152000|942.79
1789111260|20260911152100|942.72
1789111320|20260911152200|942.71
1789111380|20260911152300|942.35
1789111440|20260911152400|942.70
1789111500|20260911152500|942.50
1789111560|20260911152600|942.40
1789111620|20260911152700|942.05
1789111680|20260911152800|942.22
1789111740|20260911152900|942.20
1789111800|20260911153000|942.07
1789111860|20260911153100|941.66
1789111920|20260911153200|941.80
1789111980|20260911153300|941.81
1789112040|20260911153400|941.55
1789112100|20260911153500|941.40
1789112160|20260911153600|941.33
1789112220|20260911153700|941.23
1789112280|20260911153800|941.09
1789112340|20260911153900|940.97
1789112400|20260911154000|941.04
1789112460|20260911154100|940.98
1789112520|20260911154200|941.18
1789112580|20260911154300|941.18
1789112640|20260911154400|941.51
1789112700|20260911154500|941.35
1789112760|20260911154600|941.33
1789112820|20260911154700|941.01
1789112880|20260911154800|940.97
1789112940|20260911154900|940.95
1789113000|20260911155000|940.82
1789113060|20260911155100|940.82
1789113120|20260911155200|940.47
1789113180|20260911155300|940.95
1789113240|20260911155400|940.76
1789113300|20260911155500|940.86
1789113360|20260911155600|941.03
1789113420|20260911155700|941.18
1789113480|20260911155800|941.20
1789113540|20260911155900|941.42
1789113600|20260911160000|941.38
1789113660|20260911160100|941.73
1789113720|20260911160200|941.57
1789113780|20260911160300|941.27
1789113840|20260911160400|941.09
1789113900|20260911160500|941.39
1789113960|20260911160600|941.39
1789114020|20260911160700|941.80
1789114080|20260911160800|941.94
1789114140|20260911160900|941.81
1789114200|20260911161000|941.52
1789114260|20260911161100|941.89
1789114320|20260911161200|941.24
1789114380|20260911161300|941.64
1789114440|20260911161400|942.32
1789114500|20260911161500|941.97
1789114560|20260911161600|941.88
1789114620|20260911161700|942.21
1789114680|20260911161800|942.35
1789114740|20260911161900|942.55
1789114800|20260911162000|941.86
1789114860|20260911162100|941.40
1789114920|20260911162200|941.56
1789114980|20260911162300|941.62
1789115040|20260911162400|942.09
1789115100|20260911162500|942.93
1789115160|20260911162600|943.09
1789115220|20260911162700|942.82
1789115280|20260911162800|942.30
1789115340|20260911162900|942.63
1789115400|20260911163000|942.84
1789115460|20260911163100|943.47
1789115520|20260911163200|943.41
1789115580|20260911163300|943.45
1789115640|20260911163400|943.28
1789115700|20260911163500|942.93
1789115760|20260911163600|942.86
1789115820|20260911163700|943.01
1789115880|20260911163800|943.06
1789115940|20260911163900|943.54
1789116000|20260911164000|943.30
1789116060|20260911164100|943.63
1789116120|20260911164200|943.79
1789116180|20260911164300|943.61
1789116240|20260911164400|942.96
1789116300|20260911164500|942.99
1789116360|20260911164600|943.07
1789116420|20260911164700|943.20
1789116480|20260911164800|942.89
1789116540|20260911164900|943.04
1789116600|20260911165000|943.04
1789116660|20260911165100|942.57
1789116720|20260911165200|942.63
1789116780|20260911165300|942.74
1789116840|20260911165400|942.88
1789116900|20260911165500|942.57
1789116960|20260911165600|941.97
1789117020|20260911165700|942.14
1789117080|20260911165800|941.54
1789117140|20260911165900|941.68
1789117200|20260911170000|941.76
1789117260|20260911170100|942.59
1789117320|20260911170200|943.03
1789117380|20260911170300|942.54
1789117440|20260911170400|942.25
1789117500|20260911170500|942.07
1789117560|20260911170600|942.08
1789117620|20260911170700|942.04
1789117680|20260911170800|941.92
1789117740|20260911170900|941.67
1789117800|20260911171000|941.24
1789117860|20260911171100|941.20
1789117920|20260911171200|941.12
1789117980|20260911171300|941.24
1789118040|20260911171400|941.28
1789118100|20260911171500|940.77
1789118160|20260911171600|940.84
1789118220|20260911171700|940.95
1789118280|20260911171800|940.87
1789118340|20260911171900|941.00
1789118400|20260911172000|941.38
1789118460|20260911172100|941.51
1789118520|20260911172200|941.47
1789118580|20260911172300|941.47
1789118640|20260911172400|941.45
1789118700|20260911172500|941.11
1789118760|20260911172600|941.22
1789118820|20260911172700|941.32
1789118880|20260911172800|941.00
1789118940|20260911172900|941.19
1789119000|20260911173000|940.97
1789119060|20260911173100|940.76
1789119120|20260911173200|940.54
1789119180|20260911173300|940.78
1789119240|20260911173400|940.75
1789119300|20260911173500|940.61
1789119360|20260911173600|940.77
1789119420|20260911173700|941.01
1789119480|20260911173800|940.99
1789119540|20260911173900|940.73
1789119600|20260911174000|940.60
1789119660|20260911174100|940.74
1789119720|20260911174200|940.55
1789119780|20260911174300|940.58
1789119840|20260911174400|940.79
1789119900|20260911174500|940.86
1789119960|20260911174600|940.77
1789120020|20260911174700|940.84
1789120080|20260911174800|940.83
1789120140|20260911174900|940.94
1789120200|20260911175000|940.85
