1786636800|20260814000000|949.27
1786636860|20260814000100|949.55
1786636920|20260814000200|949.43
1786636980|20260814000300|949.38
1786637040|20260814000400|949.44
1786637100|20260814000500|949.00
1786637160|20260814000600|948.58
1786637220|20260814000700|948.77
1786637280|20260814000800|948.66
1786637340|20260814000900|948.41
1786637400|20260814001000|948.12
1786637460|20260814001100|947.70
1786637520|20260814001200|947.76
1786637580|20260814001300|947.72
1786637640|20260814001400|947.78
1786637700|20260814001500|947.41
1786637760|20260814001600|947.17
1786637820|20260814001700|947.29
1786637880|20260814001800|946.64
1786637940|20260814001900|946.75
1786638000|20260814002000|946.90
1786638060|20260814002100|947.47
1786638120|20260814002200|947.73
1786638180|20260814002300|947.47
1786638240|20260814002400|947.43
1786638300|20260814002500|947.98
1786638360|20260814002600|948.21
1786638420|20260814002700|947.97
1786638480|20260814002800|947.88
1786638540|20260814002900|948.13
1786638600|20260814003000|948.69
1786638660|20260814003100|949.42
1786638720|20260814003200|948.95
1786638780|20260814003300|949.20
1786638840|20260814003400|949.47
1786638900|20260814003500|949.50
1786638960|20260814003600|949.37
1786639020|20260814003700|949.26
1786639080|20260814003800|949.01
1786639140|20260814003900|949.02
1786639200|20260814004000|949.01
1786639260|20260814004100|949.01
1786639320|20260814004200|949.07
1786639380|20260814004300|949.06
1786639440|20260814004400|949.19
1786639500|20260814004500|949.27
1786639560|20260814004600|949.60
1786639620|20260814004700|949.57
1786639680|20260814004800|949.36
1786639740|20260814004900|949.40
1786639800|20260814005000|949.27
1786639860|20260814005100|949.27
1786639920|20260814005200|949.27
1786639980|20260814005300|949.16
1786640040|20260814005400|949.05
1786640100|20260814005500|949.06
1786640160|20260814005600|949.39
1786640220|20260814005700|949.45
1786640280|20260814005800|949.49
1786640340|20260814005900|949.45
1786640400|20260814010000|949.59
1786640460|20260814010100|949.97
1786640520|20260814010200|949.97
1786640580|20260814010300|949.74
1786640640|20260814010400|949.36
1786640700|20260814010500|949.65
1786640760|20260814010600|949.97
1786640820|20260814010700|950.42
1786640880|20260814010800|950.75
1786640940|20260814010900|950.82
1786641000|20260814011000|950.81
1786641060|20260814011100|951.05
1786641120|20260814011200|950.87
1786641180|20260814011300|951.21
1786641240|20260814011400|951.01
1786641300|20260814011500|951.00
1786641360|20260814011600|950.61
1786641420|20260814011700|950.31
1786641480|20260814011800|949.56
1786641540|20260814011900|949.87
1786641600|20260814012000|949.99
1786641660|20260814012100|950.30
1786641720|20260814012200|950.66
1786641780|20260814012300|950.65
1786641840|20260814012400|950.22
1786641900|20260814012500|950.40
1786641960|20260814012600|950.29
1786642020|20260814012700|950.31
1786642080|20260814012800|950.14
1786642140|20260814012900|949.60
1786642200|20260814013000|949.27
1786642260|20260814013100|949.35
1786642320|20260814013200|949.23
1786642380|20260814013300|949.21
1786642440|20260814013400|948.87
1786642500|20260814013500|948.87
1786642560|20260814013600|948.73
1786642620|20260814013700|948.83
1786642680|20260814013800|948.72
1786642740|20260814013900|948.72
1786642800|20260814014000|948.80
1786642860|20260814014100|948.80
1786642920|20260814014200|948.63
1786642980|20260814014300|948.65
1786643040|20260814014400|948.08
1786643100|20260814014500|947.90
1786643160|20260814014600|948.27
1786643220|20260814014700|948.32
1786643280|20260814014800|948.27
1786643340|20260814014900|948.19
1786643400|20260814015000|948.22
1786643460|20260814015100|948.30
1786643520|20260814015200|948.40
1786643580|20260814015300|948.40
1786643640|20260814015400|948.03
1786643700|20260814015500|948.19
1786643760|20260814015600|948.26
1786643820|20260814015700|947.74
1786643880|20260814015800|947.66
1786643940|20260814015900|947.85
1786669800|20260814091000|941.49
1786669860|20260814091100|940.78
1786669920|20260814091200|940.46
1786669980|20260814091300|940.61
1786670040|20260814091400|940.87
1786670100|20260814091500|940.81
1786670160|20260814091600|941.17
1786670220|20260814091700|940.02
1786670280|20260814091800|939.94
1786670340|20260814091900|939.55
1786670400|20260814092000|939.93
1786670460|20260814092100|939.96
1786670520|20260814092200|940.40
1786670580|20260814092300|939.72
1786670640|20260814092400|939.41
1786670700|20260814092500|938.62
1786670760|20260814092600|938.86
1786670820|20260814092700|939.41
1786670880|20260814092800|939.41
1786670940|20260814092900|939.72
1786671000|20260814093000|939.65
1786671060|20260814093100|938.82
1786671120|20260814093200|938.75
1786671180|20260814093300|938.19
1786671240|20260814093400|938.07
1786671300|20260814093500|938.08
1786671360|20260814093600|938.27
1786671420|20260814093700|939.17
1786671480|20260814093800|939.14
1786671540|20260814093900|939.23
1786671600|20260814094000|939.54
1786671660|20260814094100|939.48
1786671720|20260814094200|939.63
1786671780|20260814094300|939.83
1786671840|20260814094400|939.77
1786671900|20260814094500|939.58
1786671960|20260814094600|940.44
1786672020|20260814094700|940.15
1786672080|20260814094800|939.47
1786672140|20260814094900|938.74
1786672200|20260814095000|939.00
1786672260|20260814095100|939.02
1786672320|20260814095200|939.00
1786672380|20260814095300|938.65
1786672440|20260814095400|939.67
1786672500|20260814095500|939.63
1786672560|20260814095600|940.00
1786672620|20260814095700|940.18
1786672680|20260814095800|939.39
1786672740|20260814095900|939.90
1786672800|20260814100000|939.51
1786672860|20260814100100|939.66
1786672920|20260814100200|939.97
1786672980|20260814100300|940.37
1786673040|20260814100400|940.09
1786673100|20260814100500|939.32
1786673160|20260814100600|939.38
1786673220|20260814100700|939.76
1786673280|20260814100800|939.85
1786673340|20260814100900|939.58
1786673400|20260814101000|939.58
1786673460|20260814101100|939.05
1786673520|20260814101200|938.55
1786673580|20260814101300|938.27
1786673640|20260814101400|938.31
1786673700|20260814101500|938.25
1786673760|20260814101600|938.31
1786673820|20260814101700|938.78
1786673880|20260814101800|938.78
1786673940|20260814101900|938.43
1786674000|20260814102000|938.66
1786674060|20260814102100|938.87
1786674120|20260814102200|939.01
1786674180|20260814102300|938.90
1786674240|20260814102400|938.87
1786674300|20260814102500|938.84
1786674360|20260814102600|938.67
1786674420|20260814102700|938.87
1786674480|20260814102800|938.79
1786674540|20260814102900|938.38
1786674600|20260814103000|938.45
1786674660|20260814103100|939.71
1786674720|20260814103200|939.67
1786674780|20260814103300|940.05
1786674840|20260814103400|938.89
1786674900|20260814103500|939.91
1786674960|20260814103600|939.90
1786675020|20260814103700|940.08
1786675080|20260814103800|939.99
1786675140|20260814103900|939.57
1786675200|20260814104000|939.92
1786675260|20260814104100|939.79
1786675320|20260814104200|939.79
1786675380|20260814104300|939.52
1786675440|20260814104400|939.69
1786675500|20260814104500|940.04
1786675560|20260814104600|939.92
1786675620|20260814104700|939.51
1786675680|20260814104800|938.72
1786675740|20260814104900|938.94
1786675800|20260814105000|939.13
1786675860|20260814105100|939.25
1786675920|20260814105200|939.19
1786675980|20260814105300|939.32
1786676040|20260814105400|939.15
1786676100|20260814105500|938.98
1786676160|20260814105600|938.95
1786676220|20260814105700|938.71
1786676280|20260814105800|938.41
1786676340|20260814105900|938.66
1786676400|20260814110000|938.87
1786676460|20260814110100|938.76
1786676520|20260814110200|938.77
1786676580|20260814110300|939.03
1786676640|20260814110400|938.89
1786676700|20260814110500|939.60
1786676760|20260814110600|939.97
1786676820|20260814110700|939.97
1786676880|20260814110800|940.08
1786676940|20260814110900|939.98
1786677000|20260814111000|939.63
1786677060|20260814111100|939.61
1786677120|20260814111200|939.54
1786677180|20260814111300|939.55
1786677240|20260814111400|940.31
1786677300|20260814111500|939.99
1786677360|20260814111600|939.96
1786677420|20260814111700|940.14
1786677480|20260814111800|940.40
1786677540|20260814111900|940.23
1786677600|20260814112000|940.25
1786677660|20260814112100|940.58
1786677720|20260814112200|940.93
1786677780|20260814112300|940.83
1786677840|20260814112400|940.80
1786677900|20260814112500|940.83
1786677960|20260814112600|940.94
1786678020|20260814112700|941.16
1786678080|20260814112800|941.17
1786678140|20260814112900|941.14
1786678200|20260814113000|941.07
1786678260|20260814113100|941.09
1786678320|20260814113200|941.09
1786678380|20260814113300|941.09
1786678440|20260814113400|941.15
1786678500|20260814113500|941.13
1786678560|20260814113600|941.17
1786678620|20260814113700|941.16
1786678680|20260814113800|941.11
1786678740|20260814113900|940.97
1786678800|20260814114000|940.91
1786678860|20260814114100|940.89
1786678920|20260814114200|940.93
1786678980|20260814114300|940.79
1786679040|20260814114400|940.79
1786679100|20260814114500|940.80
1786679160|20260814114600|940.84
1786679220|20260814114700|940.89
1786679280|20260814114800|940.88
1786679340|20260814114900|940.90
1786679400|20260814115000|940.87
1786679460|20260814115100|940.94
1786679520|20260814115200|940.78
1786679580|20260814115300|940.65
1786679640|20260814115400|940.55
1786679700|20260814115500|940.52
1786679760|20260814115600|940.54
1786679820|20260814115700|940.52
1786679880|20260814115800|940.54
1786679940|20260814115900|940.52
1786680000|20260814120000|940.50
1786680060|20260814120100|940.52
1786680120|20260814120200|940.52
1786680180|20260814120300|940.49
1786680240|20260814120400|940.51
1786680300|20260814120500|940.52
1786680360|20260814120600|940.62
1786680420|20260814120700|940.68
1786680480|20260814120800|940.67
1786680540|20260814120900|940.74
1786680600|20260814121000|940.70
1786680660|20260814121100|940.69
1786680720|20260814121200|940.69
1786680780|20260814121300|940.74
1786680840|20260814121400|940.94
1786680900|20260814121500|940.95
1786680960|20260814121600|940.95
1786681020|20260814121700|940.99
1786681080|20260814121800|941.05
1786681140|20260814121900|941.05
1786681200|20260814122000|941.05
1786681260|20260814122100|941.20
1786681320|20260814122200|941.09
1786681380|20260814122300|941.05
1786681440|20260814122400|940.94
1786681500|20260814122500|941.01
1786681560|20260814122600|941.00
1786681620|20260814122700|940.92
1786681680|20260814122800|940.94
1786681740|20260814122900|940.76
1786681800|20260814123000|940.67
1786681860|20260814123100|940.73
1786681920|20260814123200|940.69
1786681980|20260814123300|940.58
1786682040|20260814123400|940.77
1786682100|20260814123500|940.88
1786682160|20260814123600|940.96
1786682220|20260814123700|941.06
1786682280|20260814123800|940.87
1786682340|20260814123900|940.75
1786682400|20260814124000|940.74
1786682460|20260814124100|940.73
1786682520|20260814124200|940.78
1786682580|20260814124300|940.88
1786682640|20260814124400|940.89
1786682700|20260814124500|940.91
1786682760|20260814124600|940.88
1786682820|20260814124700|940.81
1786682880|20260814124800|940.76
1786682940|20260814124900|940.74
1786683000|20260814125000|940.80
1786683060|20260814125100|940.79
1786683120|20260814125200|940.79
1786683180|20260814125300|940.79
1786683240|20260814125400|940.79
1786683300|20260814125500|940.72
1786683360|20260814125600|940.72
1786683420|20260814125700|940.72
1786683480|20260814125800|940.77
1786683540|20260814125900|940.78
1786683600|20260814130000|940.79
1786683660|20260814130100|940.80
1786683720|20260814130200|940.73
1786683780|20260814130300|940.71
1786683840|20260814130400|940.68
1786683900|20260814130500|940.63
1786683960|20260814130600|940.25
1786684020|20260814130700|940.11
1786684080|20260814130800|939.99
1786684140|20260814130900|939.94
1786684200|20260814131000|939.76
1786684260|20260814131100|939.67
1786684320|20260814131200|939.74
1786684380|20260814131300|939.85
1786684440|20260814131400|939.74
1786684500|20260814131500|939.67
1786684560|20260814131600|939.25
1786684620|20260814131700|939.30
1786684680|20260814131800|939.38
1786684740|20260814131900|939.22
1786684800|20260814132000|939.20
1786684860|20260814132100|939.26
1786684920|20260814132200|939.35
1786684980|20260814132300|939.30
1786685040|20260814132400|939.27
1786685100|20260814132500|939.20
1786685160|20260814132600|939.19
1786685220|20260814132700|939.23
1786685280|20260814132800|939.22
1786685340|20260814132900|939.28
1786685400|20260814133000|939.28
1786685460|20260814133100|937.90
1786685520|20260814133200|938.29
1786685580|20260814133300|938.68
1786685640|20260814133400|939.15
1786685700|20260814133500|938.89
1786685760|20260814133600|939.02
1786685820|20260814133700|939.63
1786685880|20260814133800|939.80
1786685940|20260814133900|940.21
1786686000|20260814134000|939.99
1786686060|20260814134100|939.97
1786686120|20260814134200|940.18
1786686180|20260814134300|940.01
1786686240|20260814134400|939.42
1786686300|20260814134500|938.96
1786686360|20260814134600|939.75
1786686420|20260814134700|939.63
1786686480|20260814134800|939.76
1786686540|20260814134900|939.81
1786686600|20260814135000|940.33
1786686660|20260814135100|940.88
1786686720|20260814135200|941.12
1786686780|20260814135300|941.13
1786686840|20260814135400|941.13
1786686900|20260814135500|941.32
1786686960|20260814135600|941.79
1786687020|20260814135700|941.79
1786687080|20260814135800|941.47
1786687140|20260814135900|941.99
1786687200|20260814140000|942.44
1786687260|20260814140100|942.50
1786687320|20260814140200|942.80
1786687380|20260814140300|943.11
1786687440|20260814140400|943.12
1786687500|20260814140500|943.46
1786687560|20260814140600|943.03
1786687620|20260814140700|942.55
1786687680|20260814140800|942.14
1786687740|20260814140900|941.93
1786687800|20260814141000|941.88
1786687860|20260814141100|941.75
1786687920|20260814141200|942.28
1786687980|20260814141300|942.46
1786688040|20260814141400|942.52
1786688100|20260814141500|942.61
1786688160|20260814141600|942.71
1786688220|20260814141700|942.49
1786688280|20260814141800|942.51
1786688340|20260814141900|942.12
1786688400|20260814142000|942.22
1786688460|20260814142100|941.66
1786688520|20260814142200|941.83
1786688580|20260814142300|941.81
1786688640|20260814142400|942.36
1786688700|20260814142500|942.14
1786688760|20260814142600|942.21
1786688820|20260814142700|942.29
1786688880|20260814142800|942.27
1786688940|20260814142900|942.11
1786689000|20260814143000|941.84
1786689060|20260814143100|941.83
1786689120|20260814143200|941.94
1786689180|20260814143300|941.91
1786689240|20260814143400|941.93
1786689300|20260814143500|941.78
1786689360|20260814143600|941.75
1786689420|20260814143700|941.80
1786689480|20260814143800|941.79
1786689540|20260814143900|941.89
1786689600|20260814144000|941.88
1786689660|20260814144100|941.93
1786689720|20260814144200|942.00
1786689780|20260814144300|942.22
1786689840|20260814144400|942.39
1786689900|20260814144500|942.82
1786689960|20260814144600|943.19
1786690020|20260814144700|943.11
1786690080|20260814144800|943.19
1786690140|20260814144900|943.28
1786690200|20260814145000|943.23
1786690260|20260814145100|943.09
1786690320|20260814145200|943.17
1786690380|20260814145300|943.13
1786690440|20260814145400|943.20
1786690500|20260814145500|942.92
1786690560|20260814145600|942.77
1786690620|20260814145700|942.76
1786690680|20260814145800|942.77
1786690740|20260814145900|942.94
1786690800|20260814150000|943.05
1786690860|20260814150100|942.71
1786690920|20260814150200|942.62
1786690980|20260814150300|942.74
1786691040|20260814150400|942.89
1786691100|20260814150500|942.76
1786691160|20260814150600|942.75
1786691220|20260814150700|942.69
1786691280|20260814150800|942.63
1786691340|20260814150900|942.79
1786691400|20260814151000|942.81
1786691460|20260814151100|942.74
1786691520|20260814151200|943.09
1786691580|20260814151300|942.96
1786691640|20260814151400|942.37
1786691700|20260814151500|942.34
1786691760|20260814151600|942.65
1786691820|20260814151700|942.53
1786691880|20260814151800|942.62
1786691940|20260814151900|942.48
1786692000|20260814152000|942.46
1786692060|20260814152100|942.39
1786692120|20260814152200|942.46
1786692180|20260814152300|942.71
1786692240|20260814152400|942.52
1786692300|20260814152500|943.31
1786692360|20260814152600|943.34
1786692420|20260814152700|942.96
1786692480|20260814152800|943.01
1786692540|20260814152900|942.92
1786692600|20260814153000|942.60
1786692660|20260814153100|942.45
1786692720|20260814153200|942.47
1786692780|20260814153300|942.59
1786692840|20260814153400|942.76
1786692900|20260814153500|942.73
1786692960|20260814153600|943.07
1786693020|20260814153700|943.08
1786693080|20260814153800|943.16
1786693140|20260814153900|943.04
1786693200|20260814154000|943.30
1786693260|20260814154100|943.46
1786693320|20260814154200|943.84
1786693380|20260814154300|943.88
1786693440|20260814154400|943.75
1786693500|20260814154500|943.94
1786693560|20260814154600|944.19
1786693620|20260814154700|943.92
1786693680|20260814154800|944.04
1786693740|20260814154900|944.27
1786693800|20260814155000|944.66
1786693860|20260814155100|944.60
1786693920|20260814155200|944.33
1786693980|20260814155300|944.30
1786694040|20260814155400|944.55
1786694100|20260814155500|944.61
1786694160|20260814155600|944.67
1786694220|20260814155700|944.46
1786694280|20260814155800|944.52
1786694340|20260814155900|944.83
1786694400|20260814160000|944.70
1786694460|20260814160100|945.57
1786694520|20260814160200|945.13
1786694580|20260814160300|944.71
1786694640|20260814160400|944.49
1786694700|20260814160500|944.56
1786694760|20260814160600|944.47
1786694820|20260814160700|944.80
1786694880|20260814160800|944.61
1786694940|20260814160900|944.85
1786695000|20260814161000|945.04
1786695060|20260814161100|944.96
1786695120|20260814161200|945.11
1786695180|20260814161300|944.95
1786695240|20260814161400|945.29
1786695300|20260814161500|945.63
1786695360|20260814161600|945.61
1786695420|20260814161700|945.55
1786695480|20260814161800|945.81
1786695540|20260814161900|945.36
1786695600|20260814162000|945.35
1786695660|20260814162100|945.09
1786695720|20260814162200|944.94
1786695780|20260814162300|944.79
1786695840|20260814162400|944.97
1786695900|20260814162500|944.81
1786695960|20260814162600|944.85
1786696020|20260814162700|944.76
1786696080|20260814162800|945.02
1786696140|20260814162900|945.07
1786696200|20260814163000|945.18
1786696260|20260814163100|945.00
1786696320|20260814163200|945.05
1786696380|20260814163300|944.94
1786696440|20260814163400|944.86
1786696500|20260814163500|944.81
1786696560|20260814163600|944.98
1786696620|20260814163700|945.32
1786696680|20260814163800|945.73
1786696740|20260814163900|945.51
1786696800|20260814164000|945.58
1786696860|20260814164100|945.58
1786696920|20260814164200|945.57
1786696980|20260814164300|945.07
1786697040|20260814164400|945.02
1786697100|20260814164500|944.64
1786697160|20260814164600|944.59
1786697220|20260814164700|944.75
1786697280|20260814164800|944.74
1786697340|20260814164900|944.77
1786697400|20260814165000|944.80
1786697460|20260814165100|944.84
1786697520|20260814165200|945.12
1786697580|20260814165300|945.24
1786697640|20260814165400|945.39
1786697700|20260814165500|945.32
1786697760|20260814165600|945.71
1786697820|20260814165700|945.80
1786697880|20260814165800|945.47
1786697940|20260814165900|945.72
1786698000|20260814170000|945.72
1786698060|20260814170100|945.69
1786698120|20260814170200|945.72
1786698180|20260814170300|945.60
1786698240|20260814170400|945.57
1786698300|20260814170500|945.52
1786698360|20260814170600|945.38
1786698420|20260814170700|945.43
1786698480|20260814170800|945.53
1786698540|20260814170900|945.54
1786698600|20260814171000|945.76
1786698660|20260814171100|945.77
1786698720|20260814171200|945.85
1786698780|20260814171300|945.83
1786698840|20260814171400|945.88
1786698900|20260814171500|946.19
1786698960|20260814171600|946.36
1786699020|20260814171700|946.18
1786699080|20260814171800|946.22
1786699140|20260814171900|946.04
1786699200|20260814172000|945.92
1786699260|20260814172100|946.29
1786699320|20260814172200|946.33
1786699380|20260814172300|946.18
1786699440|20260814172400|946.15
1786699500|20260814172500|946.49
1786699560|20260814172600|946.67
1786699620|20260814172700|946.66
1786699680|20260814172800|946.27
1786699740|20260814172900|946.31
1786699800|20260814173000|946.40
1786699860|20260814173100|946.39
1786699920|20260814173200|946.05
1786699980|20260814173300|946.55
1786700040|20260814173400|946.57
1786700100|20260814173500|946.57
1786700160|20260814173600|946.90
1786700220|20260814173700|946.68
1786700280|20260814173800|946.84
1786700340|20260814173900|946.56
1786700400|20260814174000|946.60
1786700460|20260814174100|946.59
1786700520|20260814174200|946.73
1786700580|20260814174300|946.55
1786700640|20260814174400|946.69
1786700700|20260814174500|946.74
1786700760|20260814174600|946.95
1786700820|20260814174700|946.79
1786700880|20260814174800|946.66
1786700940|20260814174900|946.73
1786701000|20260814175000|946.80
1786701060|20260814175100|947.13
1786701120|20260814175200|946.77
1786701180|20260814175300|946.97
1786701240|20260814175400|946.98
1786701300|20260814175500|947.07
1786701360|20260814175600|947.08
1786701420|20260814175700|947.10
1786701480|20260814175800|947.03
1786701540|20260814175900|947.13
1786701600|20260814180000|947.58
1786701660|20260814180100|947.34
1786701720|20260814180200|947.37
1786701780|20260814180300|947.44
1786701840|20260814180400|947.53
1786701900|20260814180500|947.51
1786701960|20260814180600|947.47
1786702020|20260814180700|947.59
1786702080|20260814180800|947.52
1786702140|20260814180900|947.49
1786702200|20260814181000|947.33
1786702260|20260814181100|947.29
1786702320|20260814181200|947.40
1786702380|20260814181300|947.44
1786702440|20260814181400|947.11
1786702500|20260814181500|946.99
1786702560|20260814181600|947.12
1786702620|20260814181700|946.83
1786702680|20260814181800|946.89
1786702740|20260814181900|946.75
1786702800|20260814182000|946.79
1786702860|20260814182100|946.73
1786702920|20260814182200|946.67
1786702980|20260814182300|946.91
1786703040|20260814182400|946.90
1786703100|20260814182500|946.91
1786703160|20260814182600|946.74
1786703220|20260814182700|946.38
1786703280|20260814182800|946.30
1786703340|20260814182900|946.22
1786703400|20260814183000|946.35
1786703460|20260814183100|946.14
1786703520|20260814183200|945.90
1786703580|20260814183300|945.80
1786703640|20260814183400|945.89
1786703700|20260814183500|945.94
1786703760|20260814183600|945.93
1786703820|20260814183700|946.04
1786703880|20260814183800|945.81
1786703940|20260814183900|945.87
1786704000|20260814184000|945.83
1786704060|20260814184100|945.80
1786704120|20260814184200|946.11
1786704180|20260814184300|946.01
1786704240|20260814184400|946.26
1786704300|20260814184500|946.45
1786704360|20260814184600|946.53
1786704420|20260814184700|946.43
1786704480|20260814184800|946.55
1786704540|20260814184900|946.37
1786704600|20260814185000|946.34
1786704660|20260814185100|946.58
1786704720|20260814185200|946.62
1786704780|20260814185300|946.71
1786704840|20260814185400|946.30
1786704900|20260814185500|946.26
1786704960|20260814185600|946.06
1786705020|20260814185700|945.91
1786705080|20260814185800|945.95
1786705140|20260814185900|945.85
1786705200|20260814190000|945.91
1786705260|20260814190100|946.00
1786705320|20260814190200|946.03
1786705380|20260814190300|946.20
1786705440|20260814190400|945.88
1786705500|20260814190500|945.86
1786705560|20260814190600|945.94
1786705620|20260814190700|945.99
1786705680|20260814190800|946.03
1786705740|20260814190900|946.35
1786705800|20260814191000|946.22
1786705860|20260814191100|946.24
1786705920|20260814191200|946.31
1786705980|20260814191300|946.30
1786706040|20260814191400|946.13
1786706100|20260814191500|946.16
1786706160|20260814191600|946.34
1786706220|20260814191700|946.82
1786706280|20260814191800|946.92
1786706340|20260814191900|946.96
1786706400|20260814192000|947.15
1786706460|20260814192100|947.25
1786706520|20260814192200|947.34
1786706580|20260814192300|947.13
1786706640|20260814192400|946.81
1786706700|20260814192500|946.82
1786706760|20260814192600|946.81
1786706820|20260814192700|947.19
1786706880|20260814192800|947.36
1786706940|20260814192900|947.45
1786707000|20260814193000|947.42
1786707060|20260814193100|947.83
1786707120|20260814193200|947.80
1786707180|20260814193300|947.80
1786707240|20260814193400|947.74
1786707300|20260814193500|948.45
1786707360|20260814193600|948.53
1786707420|20260814193700|948.34
1786707480|20260814193800|948.51
1786707540|20260814193900|948.68
1786707600|20260814194000|948.52
1786707660|20260814194100|948.64
1786707720|20260814194200|948.67
1786707780|20260814194300|948.79
1786707840|20260814194400|948.82
1786707900|20260814194500|948.65
1786707960|20260814194600|948.64
1786708020|20260814194700|948.51
1786708080|20260814194800|948.46
1786708140|20260814194900|948.45
1786708200|20260814195000|948.52
1786708260|20260814195100|949.22
1786708320|20260814195200|949.36
1786708380|20260814195300|949.66
1786708440|20260814195400|949.79
1786708500|20260814195500|949.69
1786708560|20260814195600|949.56
1786708620|20260814195700|949.41
1786708680|20260814195800|949.56
1786708740|20260814195900|949.83
1786708800|20260814200000|948.86
1786708860|20260814200100|950.12
1786708920|20260814200200|949.91
1786708980|20260814200300|950.50
1786709040|20260814200400|950.27
1786709100|20260814200500|950.51
1786709160|20260814200600|950.35
1786709220|20260814200700|950.40
1786709280|20260814200800|950.41
1786709340|20260814200900|950.55
1786709400|20260814201000|950.37
1786709460|20260814201100|949.92
1786709520|20260814201200|949.69
1786709580|20260814201300|949.75
1786709640|20260814201400|949.58
1786709700|20260814201500|950.26
1786709760|20260814201600|949.52
1786709820|20260814201700|949.65
1786709880|20260814201800|949.73
1786709940|20260814201900|949.95
1786710000|20260814202000|950.06
1786710060|20260814202100|951.01
1786710120|20260814202200|951.02
1786710180|20260814202300|951.33
1786710240|20260814202400|951.33
1786710300|20260814202500|951.42
1786710360|20260814202600|951.46
1786710420|20260814202700|951.27
1786710480|20260814202800|951.29
1786710540|20260814202900|951.61
1786710600|20260814203000|951.66
1786710660|20260814203100|951.89
1786710720|20260814203200|952.56
1786710780|20260814203300|952.49
1786710840|20260814203400|952.61
1786710900|20260814203500|952.12
1786710960|20260814203600|952.11
1786711020|20260814203700|951.72
1786711080|20260814203800|951.66
1786711140|20260814203900|951.48
1786711200|20260814204000|951.41
1786711260|20260814204100|950.93
1786711320|20260814204200|950.66
1786711380|20260814204300|950.39
1786711440|20260814204400|950.47
1786711500|20260814204500|950.39
1786711560|20260814204600|950.24
1786711620|20260814204700|950.11
1786711680|20260814204800|950.12
1786711740|20260814204900|951.04
1786711800|20260814205000|950.54
1786711860|20260814205100|950.74
1786711920|20260814205200|950.43
1786711980|20260814205300|950.84
1786712040|20260814205400|951.01
1786712100|20260814205500|950.86
1786712160|20260814205600|950.83
1786712220|20260814205700|950.79
1786712280|20260814205800|950.76
1786712340|20260814205900|950.65
1786712400|20260814210000|950.64
1786712460|20260814210100|950.22
1786712520|20260814210200|950.72
1786712580|20260814210300|950.62
1786712640|20260814210400|951.62
1786712700|20260814210500|951.73
1786712760|20260814210600|951.47
1786712820|20260814210700|952.03
1786712880|20260814210800|951.75
1786712940|20260814210900|951.28
1786713000|20260814211000|951.98
1786713060|20260814211100|952.15
1786713120|20260814211200|951.75
1786713180|20260814211300|952.09
1786713240|20260814211400|951.84
1786713300|20260814211500|951.02
1786713360|20260814211600|951.64
1786713420|20260814211700|951.82
1786713480|20260814211800|951.95
1786713540|20260814211900|952.09
1786713600|20260814212000|952.25
1786713660|20260814212100|952.08
1786713720|20260814212200|952.26
1786713780|20260814212300|952.51
1786713840|20260814212400|953.00
1786713900|20260814212500|952.88
1786713960|20260814212600|953.14
1786714020|20260814212700|952.88
1786714080|20260814212800|953.15
1786714140|20260814212900|952.95
1786714200|20260814213000|952.70
1786714260|20260814213100|953.39
1786714320|20260814213200|953.32
1786714380|20260814213300|953.92
1786714440|20260814213400|953.73
1786714500|20260814213500|954.08
1786714560|20260814213600|954.28
1786714620|20260814213700|954.72
1786714680|20260814213800|954.91
1786714740|20260814213900|955.23
1786714800|20260814214000|954.82
1786714860|20260814214100|954.52
1786714920|20260814214200|954.06
1786714980|20260814214300|954.59
1786715040|20260814214400|954.68
1786715100|20260814214500|954.47
1786715160|20260814214600|954.40
1786715220|20260814214700|953.88
1786715280|20260814214800|953.55
1786715340|20260814214900|953.53
