1787673600|20260826000000|1006.33
1787673660|20260826000100|1006.20
1787673720|20260826000200|1006.14
1787673780|20260826000300|1006.27
1787673840|20260826000400|1006.10
1787673900|20260826000500|1005.73
1787673960|20260826000600|1005.63
1787674020|20260826000700|1005.67
1787674080|20260826000800|1005.67
1787674140|20260826000900|1005.58
1787674200|20260826001000|1005.20
1787674260|20260826001100|1004.98
1787674320|20260826001200|1004.61
1787674380|20260826001300|1005.27
1787674440|20260826001400|1004.96
1787674500|20260826001500|1004.99
1787674560|20260826001600|1004.77
1787674620|20260826001700|1005.16
1787674680|20260826001800|1005.13
1787674740|20260826001900|1005.20
1787674800|20260826002000|1004.78
1787674860|20260826002100|1004.49
1787674920|20260826002200|1003.95
1787674980|20260826002300|1003.92
1787675040|20260826002400|1004.05
1787675100|20260826002500|1004.07
1787675160|20260826002600|1004.12
1787675220|20260826002700|1004.16
1787675280|20260826002800|1004.27
1787675340|20260826002900|1004.27
1787675400|20260826003000|1004.26
1787675460|20260826003100|1004.12
1787675520|20260826003200|1004.27
1787675580|20260826003300|1004.37
1787675640|20260826003400|1004.07
1787675700|20260826003500|1003.91
1787675760|20260826003600|1003.94
1787675820|20260826003700|1004.35
1787675880|20260826003800|1004.75
1787675940|20260826003900|1005.15
1787676000|20260826004000|1005.17
1787676060|20260826004100|1004.94
1787676120|20260826004200|1004.79
1787676180|20260826004300|1005.00
1787676240|20260826004400|1004.82
1787676300|20260826004500|1004.82
1787676360|20260826004600|1004.73
1787676420|20260826004700|1004.77
1787676480|20260826004800|1004.77
1787676540|20260826004900|1005.19
1787676600|20260826005000|1005.21
1787676660|20260826005100|1005.29
1787676720|20260826005200|1005.30
1787676780|20260826005300|1005.37
1787676840|20260826005400|1005.60
1787676900|20260826005500|1005.17
1787676960|20260826005600|1005.13
1787677020|20260826005700|1005.17
1787677080|20260826005800|1004.54
1787677140|20260826005900|1004.79
1787677200|20260826010000|1005.14
1787677260|20260826010100|1004.57
1787677320|20260826010200|1004.57
1787677380|20260826010300|1004.47
1787677440|20260826010400|1004.40
1787677500|20260826010500|1004.56
1787677560|20260826010600|1004.34
1787677620|20260826010700|1004.23
1787677680|20260826010800|1004.06
1787677740|20260826010900|1003.69
1787677800|20260826011000|1003.80
1787677860|20260826011100|1003.74
1787677920|20260826011200|1003.56
1787677980|20260826011300|1003.83
1787678040|20260826011400|1003.89
1787678100|20260826011500|1003.97
1787678160|20260826011600|1003.57
1787678220|20260826011700|1003.87
1787678280|20260826011800|1004.35
1787678340|20260826011900|1004.42
1787678400|20260826012000|1004.80
1787678460|20260826012100|1005.10
1787678520|20260826012200|1004.81
1787678580|20260826012300|1004.68
1787678640|20260826012400|1004.32
1787678700|20260826012500|1004.10
1787678760|20260826012600|1004.10
1787678820|20260826012700|1004.10
1787678880|20260826012800|1004.25
1787678940|20260826012900|1003.78
1787679000|20260826013000|1003.89
1787679060|20260826013100|1004.18
1787679120|20260826013200|1004.12
1787679180|20260826013300|1004.01
1787679240|20260826013400|1004.21
1787679300|20260826013500|1004.18
1787679360|20260826013600|1004.66
1787679420|20260826013700|1004.68
1787679480|20260826013800|1004.63
1787679540|20260826013900|1004.68
1787679600|20260826014000|1004.68
1787679660|20260826014100|1004.66
1787679720|20260826014200|1004.93
1787679780|20260826014300|1004.91
1787679840|20260826014400|1005.11
1787679900|20260826014500|1005.06
1787679960|20260826014600|1005.07
1787680020|20260826014700|1005.27
1787680080|20260826014800|1005.61
1787680140|20260826014900|1005.46
1787680200|20260826015000|1005.58
1787680260|20260826015100|1005.00
1787680320|20260826015200|1004.98
1787680380|20260826015300|1005.00
1787680440|20260826015400|1005.07
1787680500|20260826015500|1005.44
1787680560|20260826015600|1005.69
1787680620|20260826015700|1005.80
1787680680|20260826015800|1005.80
1787680740|20260826015900|1006.02
1787706600|20260826091000|1004.97
1787706660|20260826091100|1004.65
1787706720|20260826091200|1005.31
1787706780|20260826091300|1004.82
1787706840|20260826091400|1004.79
1787706900|20260826091500|1004.93
1787706960|20260826091600|1005.16
1787707020|20260826091700|1006.02
1787707080|20260826091800|1005.83
1787707140|20260826091900|1005.34
1787707200|20260826092000|1005.19
1787707260|20260826092100|1005.71
1787707320|20260826092200|1005.59
1787707380|20260826092300|1005.60
1787707440|20260826092400|1005.34
1787707500|20260826092500|1004.95
1787707560|20260826092600|1005.33
1787707620|20260826092700|1005.50
1787707680|20260826092800|1005.20
1787707740|20260826092900|1005.25
1787707800|20260826093000|1005.00
1787707860|20260826093100|1005.17
1787707920|20260826093200|1004.64
1787707980|20260826093300|1004.74
1787708040|20260826093400|1004.24
1787708100|20260826093500|1004.08
1787708160|20260826093600|1004.63
1787708220|20260826093700|1005.15
1787708280|20260826093800|1005.21
1787708340|20260826093900|1004.93
1787708400|20260826094000|1005.26
1787708460|20260826094100|1005.05
1787708520|20260826094200|1004.50
1787708580|20260826094300|1005.03
1787708640|20260826094400|1004.85
1787708700|20260826094500|1005.21
1787708760|20260826094600|1005.21
1787708820|20260826094700|1004.88
1787708880|20260826094800|1005.15
1787708940|20260826094900|1005.68
1787709000|20260826095000|1006.26
1787709060|20260826095100|1006.66
1787709120|20260826095200|1006.72
1787709180|20260826095300|1006.53
1787709240|20260826095400|1006.61
1787709300|20260826095500|1006.45
1787709360|20260826095600|1006.99
1787709420|20260826095700|1007.30
1787709480|20260826095800|1008.05
1787709540|20260826095900|1008.10
1787709600|20260826100000|1007.59
1787709660|20260826100100|1007.16
1787709720|20260826100200|1007.51
1787709780|20260826100300|1007.59
1787709840|20260826100400|1008.00
1787709900|20260826100500|1008.00
1787709960|20260826100600|1007.82
1787710020|20260826100700|1008.06
1787710080|20260826100800|1008.36
1787710140|20260826100900|1008.33
1787710200|20260826101000|1008.32
1787710260|20260826101100|1008.35
1787710320|20260826101200|1007.86
1787710380|20260826101300|1008.13
1787710440|20260826101400|1008.30
1787710500|20260826101500|1008.16
1787710560|20260826101600|1008.13
1787710620|20260826101700|1008.27
1787710680|20260826101800|1008.27
1787710740|20260826101900|1008.16
1787710800|20260826102000|1008.11
1787710860|20260826102100|1008.21
1787710920|20260826102200|1008.02
1787710980|20260826102300|1008.01
1787711040|20260826102400|1007.87
1787711100|20260826102500|1007.77
1787711160|20260826102600|1007.63
1787711220|20260826102700|1007.80
1787711280|20260826102800|1007.75
1787711340|20260826102900|1007.31
1787711400|20260826103000|1007.77
1787711460|20260826103100|1008.54
1787711520|20260826103200|1008.17
1787711580|20260826103300|1008.34
1787711640|20260826103400|1009.07
1787711700|20260826103500|1008.92
1787711760|20260826103600|1009.35
1787711820|20260826103700|1008.86
1787711880|20260826103800|1008.41
1787711940|20260826103900|1009.20
1787712000|20260826104000|1009.22
1787712060|20260826104100|1009.18
1787712120|20260826104200|1009.74
1787712180|20260826104300|1009.78
1787712240|20260826104400|1010.25
1787712300|20260826104500|1009.73
1787712360|20260826104600|1009.98
1787712420|20260826104700|1009.80
1787712480|20260826104800|1009.70
1787712540|20260826104900|1009.46
1787712600|20260826105000|1009.50
1787712660|20260826105100|1009.68
1787712720|20260826105200|1009.19
1787712780|20260826105300|1008.79
1787712840|20260826105400|1008.60
1787712900|20260826105500|1008.66
1787712960|20260826105600|1008.52
1787713020|20260826105700|1008.39
1787713080|20260826105800|1008.43
1787713140|20260826105900|1008.40
1787713200|20260826110000|1008.12
1787713260|20260826110100|1007.52
1787713320|20260826110200|1007.74
1787713380|20260826110300|1007.67
1787713440|20260826110400|1007.97
1787713500|20260826110500|1007.94
1787713560|20260826110600|1007.62
1787713620|20260826110700|1007.26
1787713680|20260826110800|1006.61
1787713740|20260826110900|1006.64
1787713800|20260826111000|1006.61
1787713860|20260826111100|1006.04
1787713920|20260826111200|1006.05
1787713980|20260826111300|1006.15
1787714040|20260826111400|1006.35
1787714100|20260826111500|1006.34
1787714160|20260826111600|1006.33
1787714220|20260826111700|1005.89
1787714280|20260826111800|1005.57
1787714340|20260826111900|1005.84
1787714400|20260826112000|1005.72
1787714460|20260826112100|1006.16
1787714520|20260826112200|1006.60
1787714580|20260826112300|1006.79
1787714640|20260826112400|1006.50
1787714700|20260826112500|1006.50
1787714760|20260826112600|1006.77
1787714820|20260826112700|1006.54
1787714880|20260826112800|1006.45
1787714940|20260826112900|1006.30
1787715000|20260826113000|1006.68
1787715060|20260826113100|1006.68
1787715120|20260826113200|1006.43
1787715180|20260826113300|1006.28
1787715240|20260826113400|1006.33
1787715300|20260826113500|1006.36
1787715360|20260826113600|1006.41
1787715420|20260826113700|1006.06
1787715480|20260826113800|1006.24
1787715540|20260826113900|1006.12
1787715600|20260826114000|1006.17
1787715660|20260826114100|1006.28
1787715720|20260826114200|1006.12
1787715780|20260826114300|1006.08
1787715840|20260826114400|1006.02
1787715900|20260826114500|1005.75
1787715960|20260826114600|1005.42
1787716020|20260826114700|1005.66
1787716080|20260826114800|1005.36
1787716140|20260826114900|1005.52
1787716200|20260826115000|1005.58
1787716260|20260826115100|1005.64
1787716320|20260826115200|1005.80
1787716380|20260826115300|1005.72
1787716440|20260826115400|1005.77
1787716500|20260826115500|1005.57
1787716560|20260826115600|1005.68
1787716620|20260826115700|1005.67
1787716680|20260826115800|1005.55
1787716740|20260826115900|1005.61
1787716800|20260826120000|1005.53
1787716860|20260826120100|1005.49
1787716920|20260826120200|1005.46
1787716980|20260826120300|1005.43
1787717040|20260826120400|1005.70
1787717100|20260826120500|1005.24
1787717160|20260826120600|1005.21
1787717220|20260826120700|1005.33
1787717280|20260826120800|1005.11
1787717340|20260826120900|1005.37
1787717400|20260826121000|1005.33
1787717460|20260826121100|1005.43
1787717520|20260826121200|1005.37
1787717580|20260826121300|1005.30
1787717640|20260826121400|1005.24
1787717700|20260826121500|1005.33
1787717760|20260826121600|1005.06
1787717820|20260826121700|1005.06
1787717880|20260826121800|1005.06
1787717940|20260826121900|1005.07
1787718000|20260826122000|1005.07
1787718060|20260826122100|1004.97
1787718120|20260826122200|1005.20
1787718180|20260826122300|1004.95
1787718240|20260826122400|1004.98
1787718300|20260826122500|1005.28
1787718360|20260826122600|1005.31
1787718420|20260826122700|1004.89
1787718480|20260826122800|1004.91
1787718540|20260826122900|1004.98
1787718600|20260826123000|1004.96
1787718660|20260826123100|1005.06
1787718720|20260826123200|1005.36
1787718780|20260826123300|1005.30
1787718840|20260826123400|1005.26
1787718900|20260826123500|1005.24
1787718960|20260826123600|1004.94
1787719020|20260826123700|1005.19
1787719080|20260826123800|1005.19
1787719140|20260826123900|1004.94
1787719200|20260826124000|1004.78
1787719260|20260826124100|1004.68
1787719320|20260826124200|1004.95
1787719380|20260826124300|1004.96
1787719440|20260826124400|1004.99
1787719500|20260826124500|1004.88
1787719560|20260826124600|1004.87
1787719620|20260826124700|1004.83
1787719680|20260826124800|1004.75
1787719740|20260826124900|1004.61
1787719800|20260826125000|1004.64
1787719860|20260826125100|1004.78
1787719920|20260826125200|1004.77
1787719980|20260826125300|1004.93
1787720040|20260826125400|1004.94
1787720100|20260826125500|1004.79
1787720160|20260826125600|1004.92
1787720220|20260826125700|1004.82
1787720280|20260826125800|1004.70
1787720340|20260826125900|1004.71
1787720400|20260826130000|1004.86
1787720460|20260826130100|1004.89
1787720520|20260826130200|1005.03
1787720580|20260826130300|1005.21
1787720640|20260826130400|1005.19
1787720700|20260826130500|1005.10
1787720760|20260826130600|1005.11
1787720820|20260826130700|1005.21
1787720880|20260826130800|1005.56
1787720940|20260826130900|1005.09
1787721000|20260826131000|1005.87
1787721060|20260826131100|1005.87
1787721120|20260826131200|1005.71
1787721180|20260826131300|1005.21
1787721240|20260826131400|1005.20
1787721300|20260826131500|1005.34
1787721360|20260826131600|1005.13
1787721420|20260826131700|1005.22
1787721480|20260826131800|1005.30
1787721540|20260826131900|1005.42
1787721600|20260826132000|1005.47
1787721660|20260826132100|1005.43
1787721720|20260826132200|1005.19
1787721780|20260826132300|1005.21
1787721840|20260826132400|1005.56
1787721900|20260826132500|1005.56
1787721960|20260826132600|1005.42
1787722020|20260826132700|1005.31
1787722080|20260826132800|1005.44
1787722140|20260826132900|1005.51
1787722200|20260826133000|1005.50
1787722260|20260826133100|1006.46
1787722320|20260826133200|1005.96
1787722380|20260826133300|1005.83
1787722440|20260826133400|1005.43
1787722500|20260826133500|1005.75
1787722560|20260826133600|1005.60
1787722620|20260826133700|1005.05
1787722680|20260826133800|1004.80
1787722740|20260826133900|1004.62
1787722800|20260826134000|1004.92
1787722860|20260826134100|1005.38
1787722920|20260826134200|1005.51
1787722980|20260826134300|1004.97
1787723040|20260826134400|1004.41
1787723100|20260826134500|1004.28
1787723160|20260826134600|1003.54
1787723220|20260826134700|1003.83
1787723280|20260826134800|1004.08
1787723340|20260826134900|1004.36
1787723400|20260826135000|1003.92
1787723460|20260826135100|1003.96
1787723520|20260826135200|1004.22
1787723580|20260826135300|1004.47
1787723640|20260826135400|1004.44
1787723700|20260826135500|1004.40
1787723760|20260826135600|1004.33
1787723820|20260826135700|1004.07
1787723880|20260826135800|1004.30
1787723940|20260826135900|1004.06
1787724000|20260826140000|1004.28
1787724060|20260826140100|1004.04
1787724120|20260826140200|1004.08
1787724180|20260826140300|1003.96
1787724240|20260826140400|1004.28
1787724300|20260826140500|1004.81
1787724360|20260826140600|1004.45
1787724420|20260826140700|1004.21
1787724480|20260826140800|1004.32
1787724540|20260826140900|1004.27
1787724600|20260826141000|1004.41
1787724660|20260826141100|1004.13
1787724720|20260826141200|1004.08
1787724780|20260826141300|1004.30
1787724840|20260826141400|1004.33
1787724900|20260826141500|1004.18
1787724960|20260826141600|1003.73
1787725020|20260826141700|1002.94
1787725080|20260826141800|1002.94
1787725140|20260826141900|1003.15
1787725200|20260826142000|1002.95
1787725260|20260826142100|1002.73
1787725320|20260826142200|1002.61
1787725380|20260826142300|1002.22
1787725440|20260826142400|1001.59
1787725500|20260826142500|1001.71
1787725560|20260826142600|1001.77
1787725620|20260826142700|1002.09
1787725680|20260826142800|1001.74
1787725740|20260826142900|1001.53
1787725800|20260826143000|1001.65
1787725860|20260826143100|1001.98
1787725920|20260826143200|1002.40
1787725980|20260826143300|1002.22
1787726040|20260826143400|1002.41
1787726100|20260826143500|1002.71
1787726160|20260826143600|1002.30
1787726220|20260826143700|1002.24
1787726280|20260826143800|1002.19
1787726340|20260826143900|1002.45
1787726400|20260826144000|1002.74
1787726460|20260826144100|1002.69
1787726520|20260826144200|1002.97
1787726580|20260826144300|1003.16
1787726640|20260826144400|1003.34
1787726700|20260826144500|1003.29
1787726760|20260826144600|1003.40
1787726820|20260826144700|1003.47
1787726880|20260826144800|1003.82
1787726940|20260826144900|1003.75
1787727000|20260826145000|1003.75
1787727060|20260826145100|1003.25
1787727120|20260826145200|1003.47
1787727180|20260826145300|1003.47
1787727240|20260826145400|1003.15
1787727300|20260826145500|1003.15
1787727360|20260826145600|1002.72
1787727420|20260826145700|1002.80
1787727480|20260826145800|1002.88
1787727540|20260826145900|1002.90
1787727600|20260826150000|1003.08
1787727660|20260826150100|1003.28
1787727720|20260826150200|1003.24
1787727780|20260826150300|1003.34
1787727840|20260826150400|1003.61
1787727900|20260826150500|1003.63
1787727960|20260826150600|1003.67
1787728020|20260826150700|1003.60
1787728080|20260826150800|1003.34
1787728140|20260826150900|1003.03
1787728200|20260826151000|1003.20
1787728260|20260826151100|1003.15
1787728320|20260826151200|1002.87
1787728380|20260826151300|1003.11
1787728440|20260826151400|1003.33
1787728500|20260826151500|1003.30
1787728560|20260826151600|1003.06
1787728620|20260826151700|1003.30
1787728680|20260826151800|1003.29
1787728740|20260826151900|1002.99
1787728800|20260826152000|1002.96
1787728860|20260826152100|1002.76
1787728920|20260826152200|1002.93
1787728980|20260826152300|1002.87
1787729040|20260826152400|1002.92
1787729100|20260826152500|1003.05
1787729160|20260826152600|1003.39
1787729220|20260826152700|1003.23
1787729280|20260826152800|1002.97
1787729340|20260826152900|1002.52
1787729400|20260826153000|1002.46
1787729460|20260826153100|1002.67
1787729520|20260826153200|1002.95
1787729580|20260826153300|1003.10
1787729640|20260826153400|1003.44
1787729700|20260826153500|1002.99
1787729760|20260826153600|1003.06
1787729820|20260826153700|1003.02
1787729880|20260826153800|1002.83
1787729940|20260826153900|1002.66
1787730000|20260826154000|1002.35
1787730060|20260826154100|1002.06
1787730120|20260826154200|1002.17
1787730180|20260826154300|1002.33
1787730240|20260826154400|1002.22
1787730300|20260826154500|1002.62
1787730360|20260826154600|1002.55
1787730420|20260826154700|1002.66
1787730480|20260826154800|1002.69
1787730540|20260826154900|1003.10
1787730600|20260826155000|1002.64
1787730660|20260826155100|1002.39
1787730720|20260826155200|1001.83
1787730780|20260826155300|1001.96
1787730840|20260826155400|1001.74
1787730900|20260826155500|1001.89
1787730960|20260826155600|1001.56
1787731020|20260826155700|1001.64
1787731080|20260826155800|1001.84
1787731140|20260826155900|1002.04
1787731200|20260826160000|1001.95
1787731260|20260826160100|1001.73
1787731320|20260826160200|1001.78
1787731380|20260826160300|1001.97
1787731440|20260826160400|1002.23
1787731500|20260826160500|1001.96
1787731560|20260826160600|1001.88
1787731620|20260826160700|1001.74
1787731680|20260826160800|1001.39
1787731740|20260826160900|1001.85
1787731800|20260826161000|1001.75
1787731860|20260826161100|1001.58
1787731920|20260826161200|1001.43
1787731980|20260826161300|1001.71
1787732040|20260826161400|1001.78
1787732100|20260826161500|1001.30
1787732160|20260826161600|1001.14
1787732220|20260826161700|1001.81
1787732280|20260826161800|1001.20
1787732340|20260826161900|1000.97
1787732400|20260826162000|1001.15
1787732460|20260826162100|1001.08
1787732520|20260826162200|1001.05
1787732580|20260826162300|1000.95
1787732640|20260826162400|1000.94
1787732700|20260826162500|1001.47
1787732760|20260826162600|1001.65
1787732820|20260826162700|1001.61
1787732880|20260826162800|1001.85
1787732940|20260826162900|1002.02
1787733000|20260826163000|1002.15
1787733060|20260826163100|1001.63
1787733120|20260826163200|1001.63
1787733180|20260826163300|1001.74
1787733240|20260826163400|1002.21
1787733300|20260826163500|1001.87
1787733360|20260826163600|1002.05
1787733420|20260826163700|1002.17
1787733480|20260826163800|1002.03
1787733540|20260826163900|1001.87
1787733600|20260826164000|1002.04
1787733660|20260826164100|1001.90
1787733720|20260826164200|1001.96
1787733780|20260826164300|1002.01
1787733840|20260826164400|1002.02
1787733900|20260826164500|1002.11
1787733960|20260826164600|1002.09
1787734020|20260826164700|1002.07
1787734080|20260826164800|1001.67
1787734140|20260826164900|1001.85
1787734200|20260826165000|1001.91
1787734260|20260826165100|1001.92
1787734320|20260826165200|1001.74
1787734380|20260826165300|1001.85
1787734440|20260826165400|1001.73
1787734500|20260826165500|1001.74
1787734560|20260826165600|1001.55
1787734620|20260826165700|1001.53
1787734680|20260826165800|1001.55
1787734740|20260826165900|1001.53
1787734800|20260826170000|1001.89
1787734860|20260826170100|1001.98
1787734920|20260826170200|1002.19
1787734980|20260826170300|1002.19
1787735040|20260826170400|1001.93
1787735100|20260826170500|1001.36
1787735160|20260826170600|1001.56
1787735220|20260826170700|1001.59
1787735280|20260826170800|1001.33
1787735340|20260826170900|1001.14
1787735400|20260826171000|1001.01
1787735460|20260826171100|1001.43
1787735520|20260826171200|1001.53
1787735580|20260826171300|1001.74
1787735640|20260826171400|1001.18
1787735700|20260826171500|1001.14
1787735760|20260826171600|1001.14
1787735820|20260826171700|1000.62
1787735880|20260826171800|1000.67
1787735940|20260826171900|1000.50
1787736000|20260826172000|1000.36
1787736060|20260826172100|1000.26
1787736120|20260826172200|1000.27
1787736180|20260826172300|1000.31
1787736240|20260826172400|1000.10
1787736300|20260826172500|999.88
1787736360|20260826172600|999.48
1787736420|20260826172700|999.59
1787736480|20260826172800|999.44
1787736540|20260826172900|999.48
1787736600|20260826173000|999.43
1787736660|20260826173100|999.74
1787736720|20260826173200|1000.27
1787736780|20260826173300|1000.29
1787736840|20260826173400|1000.51
1787736900|20260826173500|1000.30
1787736960|20260826173600|1000.29
1787737020|20260826173700|1000.25
1787737080|20260826173800|1000.22
1787737140|20260826173900|1000.20
1787737200|20260826174000|1000.15
1787737260|20260826174100|1000.11
1787737320|20260826174200|1000.20
1787737380|20260826174300|1000.14
1787737440|20260826174400|1000.51
1787737500|20260826174500|1000.53
1787737560|20260826174600|1000.60
1787737620|20260826174700|1000.85
1787737680|20260826174800|1000.76
1787737740|20260826174900|1001.16
1787737800|20260826175000|1000.98
1787737860|20260826175100|1001.02
1787737920|20260826175200|1001.08
1787737980|20260826175300|1000.77
1787738040|20260826175400|1000.83
1787738100|20260826175500|1000.99
1787738160|20260826175600|1001.06
1787738220|20260826175700|1000.92
1787738280|20260826175800|1001.04
1787738340|20260826175900|1000.96
1787738400|20260826180000|1000.78
1787738460|20260826180100|1000.65
1787738520|20260826180200|1000.47
1787738580|20260826180300|1000.27
1787738640|20260826180400|1000.78
1787738700|20260826180500|1000.83
1787738760|20260826180600|1000.42
1787738820|20260826180700|1000.59
1787738880|20260826180800|1000.43
1787738940|20260826180900|1000.33
1787739000|20260826181000|1000.50
1787739060|20260826181100|1000.35
1787739120|20260826181200|999.98
1787739180|20260826181300|999.64
1787739240|20260826181400|999.77
1787739300|20260826181500|999.90
1787739360|20260826181600|1000.05
1787739420|20260826181700|1000.09
1787739480|20260826181800|1000.00
1787739540|20260826181900|999.75
1787739600|20260826182000|999.52
1787739660|20260826182100|999.35
1787739720|20260826182200|999.37
1787739780|20260826182300|999.76
1787739840|20260826182400|1000.05
1787739900|20260826182500|999.80
1787739960|20260826182600|999.09
1787740020|20260826182700|998.88
1787740080|20260826182800|998.93
1787740140|20260826182900|998.93
1787740200|20260826183000|999.02
1787740260|20260826183100|998.97
1787740320|20260826183200|999.54
1787740380|20260826183300|999.70
1787740440|20260826183400|999.95
1787740500|20260826183500|999.96
1787740560|20260826183600|999.84
1787740620|20260826183700|1000.02
1787740680|20260826183800|1000.32
1787740740|20260826183900|1000.73
1787740800|20260826184000|1000.93
1787740860|20260826184100|1000.85
1787740920|20260826184200|1000.88
1787740980|20260826184300|1000.57
1787741040|20260826184400|1000.38
1787741100|20260826184500|1000.56
1787741160|20260826184600|1000.63
1787741220|20260826184700|1000.67
1787741280|20260826184800|1000.65
1787741340|20260826184900|1000.81
1787741400|20260826185000|1000.86
1787741460|20260826185100|1000.80
1787741520|20260826185200|1000.89
1787741580|20260826185300|1000.61
1787741640|20260826185400|1000.57
1787741700|20260826185500|1000.65
