1790006400|20260922000000|940.75
1790006460|20260922000100|940.45
1790006520|20260922000200|940.60
1790006580|20260922000300|940.85
1790006640|20260922000400|941.17
1790006700|20260922000500|941.03
1790006760|20260922000600|941.09
1790006820|20260922000700|940.99
1790006880|20260922000800|941.53
1790006940|20260922000900|941.40
1790007000|20260922001000|941.69
1790007060|20260922001100|942.01
1790007120|20260922001200|941.95
1790007180|20260922001300|941.66
1790007240|20260922001400|941.42
1790007300|20260922001500|941.26
1790007360|20260922001600|941.53
1790007420|20260922001700|941.71
1790007480|20260922001800|941.53
1790007540|20260922001900|941.68
1790007600|20260922002000|942.08
1790007660|20260922002100|942.09
1790007720|20260922002200|941.81
1790007780|20260922002300|941.63
1790007840|20260922002400|941.47
1790007900|20260922002500|941.28
1790007960|20260922002600|941.10
1790008020|20260922002700|941.09
1790008080|20260922002800|941.08
1790008140|20260922002900|941.05
1790008200|20260922003000|941.05
1790008260|20260922003100|941.09
1790008320|20260922003200|941.10
1790008380|20260922003300|941.12
1790008440|20260922003400|941.18
1790008500|20260922003500|941.18
1790008560|20260922003600|941.09
1790008620|20260922003700|941.08
1790008680|20260922003800|941.07
1790008740|20260922003900|941.05
1790008800|20260922004000|941.03
1790008860|20260922004100|941.01
1790008920|20260922004200|940.85
1790008980|20260922004300|940.55
1790009040|20260922004400|940.43
1790009100|20260922004500|939.80
1790009160|20260922004600|939.79
1790009220|20260922004700|939.85
1790009280|20260922004800|940.07
1790009340|20260922004900|940.09
1790009400|20260922005000|939.93
1790009460|20260922005100|940.27
1790009520|20260922005200|940.21
1790009580|20260922005300|939.73
1790009640|20260922005400|939.80
1790009700|20260922005500|939.80
1790009760|20260922005600|939.91
1790009820|20260922005700|939.75
1790009880|20260922005800|939.71
1790009940|20260922005900|939.80
1790010000|20260922010000|939.50
1790010060|20260922010100|939.49
1790010120|20260922010200|939.46
1790010180|20260922010300|939.59
1790010240|20260922010400|939.64
1790010300|20260922010500|939.55
1790010360|20260922010600|939.86
1790010420|20260922010700|939.82
1790010480|20260922010800|939.91
1790010540|20260922010900|939.92
1790010600|20260922011000|939.92
1790010660|20260922011100|939.92
1790010720|20260922011200|939.98
1790010780|20260922011300|940.24
1790010840|20260922011400|940.16
1790010900|20260922011500|940.16
1790010960|20260922011600|939.91
1790011020|20260922011700|939.88
1790011080|20260922011800|939.52
1790011140|20260922011900|939.70
1790011200|20260922012000|939.30
1790011260|20260922012100|939.36
1790011320|20260922012200|939.27
1790011380|20260922012300|939.34
1790011440|20260922012400|939.57
1790011500|20260922012500|939.39
1790011560|20260922012600|939.48
1790011620|20260922012700|939.48
1790011680|20260922012800|939.48
1790011740|20260922012900|939.68
1790011800|20260922013000|940.13
1790011860|20260922013100|939.35
1790011920|20260922013200|939.19
1790011980|20260922013300|939.13
1790012040|20260922013400|938.84
1790012100|20260922013500|938.77
1790012160|20260922013600|938.78
1790012220|20260922013700|938.79
1790012280|20260922013800|938.35
1790012340|20260922013900|938.49
1790012400|20260922014000|938.52
1790012460|20260922014100|938.94
1790012520|20260922014200|938.96
1790012580|20260922014300|939.02
1790012640|20260922014400|939.01
1790012700|20260922014500|939.11
1790012760|20260922014600|939.10
1790012820|20260922014700|939.40
1790012880|20260922014800|939.40
1790012940|20260922014900|939.40
1790013000|20260922015000|939.40
1790013060|20260922015100|939.40
1790013120|20260922015200|939.44
1790013180|20260922015300|939.72
1790013240|20260922015400|939.62
1790013300|20260922015500|939.60
1790013360|20260922015600|940.05
1790013420|20260922015700|939.90
1790013480|20260922015800|939.95
1790013540|20260922015900|939.96
1790039400|20260922091000|943.23
1790039460|20260922091100|942.97
1790039520|20260922091200|941.91
1790039580|20260922091300|942.33
1790039640|20260922091400|941.90
1790039700|20260922091500|941.79
1790039760|20260922091600|941.80
1790039820|20260922091700|941.21
1790039880|20260922091800|941.26
1790039940|20260922091900|941.59
1790040000|20260922092000|941.65
1790040060|20260922092100|941.78
1790040120|20260922092200|941.41
1790040180|20260922092300|941.48
1790040240|20260922092400|942.24
1790040300|20260922092500|942.19
1790040360|20260922092600|942.21
1790040420|20260922092700|941.98
1790040480|20260922092800|941.98
1790040540|20260922092900|941.98
1790040600|20260922093000|942.19
1790040660|20260922093100|941.74
1790040720|20260922093200|941.83
1790040780|20260922093300|941.49
1790040840|20260922093400|941.72
1790040900|20260922093500|942.14
1790040960|20260922093600|941.87
1790041020|20260922093700|942.18
1790041080|20260922093800|942.27
1790041140|20260922093900|941.93
1790041200|20260922094000|942.23
1790041260|20260922094100|942.41
1790041320|20260922094200|942.15
1790041380|20260922094300|941.94
1790041440|20260922094400|941.97
1790041500|20260922094500|941.14
1790041560|20260922094600|941.23
1790041620|20260922094700|940.77
1790041680|20260922094800|940.57
1790041740|20260922094900|940.49
1790041800|20260922095000|940.12
1790041860|20260922095100|939.91
1790041920|20260922095200|940.34
1790041980|20260922095300|940.59
1790042040|20260922095400|940.43
1790042100|20260922095500|940.65
1790042160|20260922095600|940.48
1790042220|20260922095700|940.87
1790042280|20260922095800|940.51
1790042340|20260922095900|940.80
1790042400|20260922100000|940.89
1790042460|20260922100100|941.12
1790042520|20260922100200|941.23
1790042580|20260922100300|941.06
1790042640|20260922100400|940.73
1790042700|20260922100500|941.52
1790042760|20260922100600|940.99
1790042820|20260922100700|940.71
1790042880|20260922100800|940.21
1790042940|20260922100900|940.03
1790043000|20260922101000|939.85
1790043060|20260922101100|939.69
1790043120|20260922101200|939.76
1790043180|20260922101300|939.60
1790043240|20260922101400|939.67
1790043300|20260922101500|939.44
1790043360|20260922101600|939.44
1790043420|20260922101700|939.48
1790043480|20260922101800|939.29
1790043540|20260922101900|939.48
1790043600|20260922102000|939.64
1790043660|20260922102100|939.83
1790043720|20260922102200|939.77
1790043780|20260922102300|940.24
1790043840|20260922102400|940.08
1790043900|20260922102500|940.20
1790043960|20260922102600|940.50
1790044020|20260922102700|940.43
1790044080|20260922102800|940.60
1790044140|20260922102900|940.92
1790044200|20260922103000|941.03
1790044260|20260922103100|941.22
1790044320|20260922103200|941.17
1790044380|20260922103300|941.44
1790044440|20260922103400|941.59
1790044500|20260922103500|941.77
1790044560|20260922103600|941.55
1790044620|20260922103700|941.80
1790044680|20260922103800|941.65
1790044740|20260922103900|941.40
1790044800|20260922104000|941.48
1790044860|20260922104100|941.05
1790044920|20260922104200|940.64
1790044980|20260922104300|940.43
1790045040|20260922104400|940.46
1790045100|20260922104500|940.29
1790045160|20260922104600|940.27
1790045220|20260922104700|940.23
1790045280|20260922104800|939.81
1790045340|20260922104900|940.03
1790045400|20260922105000|940.27
1790045460|20260922105100|940.26
1790045520|20260922105200|939.84
1790045580|20260922105300|939.73
1790045640|20260922105400|939.76
1790045700|20260922105500|939.41
1790045760|20260922105600|939.71
1790045820|20260922105700|939.89
1790045880|20260922105800|939.86
1790045940|20260922105900|939.94
1790046000|20260922110000|940.04
1790046060|20260922110100|939.90
1790046120|20260922110200|939.90
1790046180|20260922110300|940.23
1790046240|20260922110400|939.48
1790046300|20260922110500|939.54
1790046360|20260922110600|939.60
1790046420|20260922110700|939.68
1790046480|20260922110800|939.41
1790046540|20260922110900|939.31
1790046600|20260922111000|939.12
1790046660|20260922111100|939.31
1790046720|20260922111200|939.47
1790046780|20260922111300|939.62
1790046840|20260922111400|939.86
1790046900|20260922111500|940.05
1790046960|20260922111600|940.14
1790047020|20260922111700|940.03
1790047080|20260922111800|939.96
1790047140|20260922111900|939.89
1790047200|20260922112000|939.81
1790047260|20260922112100|939.97
1790047320|20260922112200|939.91
1790047380|20260922112300|939.91
1790047440|20260922112400|939.43
1790047500|20260922112500|939.70
1790047560|20260922112600|939.92
1790047620|20260922112700|939.89
1790047680|20260922112800|940.00
1790047740|20260922112900|940.02
1790047800|20260922113000|940.11
1790047860|20260922113100|939.95
1790047920|20260922113200|939.84
1790047980|20260922113300|940.12
1790048040|20260922113400|940.01
1790048100|20260922113500|939.96
1790048160|20260922113600|939.98
1790048220|20260922113700|939.92
1790048280|20260922113800|939.84
1790048340|20260922113900|939.82
1790048400|20260922114000|940.04
1790048460|20260922114100|939.89
1790048520|20260922114200|939.77
1790048580|20260922114300|939.96
1790048640|20260922114400|939.51
1790048700|20260922114500|939.61
1790048760|20260922114600|939.60
1790048820|20260922114700|939.43
1790048880|20260922114800|939.41
1790048940|20260922114900|939.44
1790049000|20260922115000|939.47
1790049060|20260922115100|939.47
1790049120|20260922115200|939.60
1790049180|20260922115300|939.48
1790049240|20260922115400|939.40
1790049300|20260922115500|939.28
1790049360|20260922115600|939.44
1790049420|20260922115700|939.45
1790049480|20260922115800|939.61
1790049540|20260922115900|939.42
1790049600|20260922120000|939.36
1790049660|20260922120100|939.25
1790049720|20260922120200|938.55
1790049780|20260922120300|938.41
1790049840|20260922120400|938.32
1790049900|20260922120500|938.53
1790049960|20260922120600|938.44
1790050020|20260922120700|938.52
1790050080|20260922120800|938.61
1790050140|20260922120900|938.72
1790050200|20260922121000|938.48
1790050260|20260922121100|938.75
1790050320|20260922121200|938.97
1790050380|20260922121300|938.97
1790050440|20260922121400|938.88
1790050500|20260922121500|938.89
1790050560|20260922121600|938.79
1790050620|20260922121700|938.66
1790050680|20260922121800|938.59
1790050740|20260922121900|938.54
1790050800|20260922122000|938.60
1790050860|20260922122100|938.53
1790050920|20260922122200|938.76
1790050980|20260922122300|938.95
1790051040|20260922122400|938.82
1790051100|20260922122500|939.03
1790051160|20260922122600|938.70
1790051220|20260922122700|938.73
1790051280|20260922122800|938.79
1790051340|20260922122900|938.59
1790051400|20260922123000|938.69
1790051460|20260922123100|938.61
1790051520|20260922123200|938.70
1790051580|20260922123300|938.66
1790051640|20260922123400|938.69
1790051700|20260922123500|938.44
1790051760|20260922123600|938.65
1790051820|20260922123700|938.89
1790051880|20260922123800|938.97
1790051940|20260922123900|939.08
1790052000|20260922124000|939.07
1790052060|20260922124100|938.89
1790052120|20260922124200|938.96
1790052180|20260922124300|939.00
1790052240|20260922124400|938.99
1790052300|20260922124500|939.04
1790052360|20260922124600|939.06
1790052420|20260922124700|939.07
1790052480|20260922124800|938.88
1790052540|20260922124900|938.80
1790052600|20260922125000|939.04
1790052660|20260922125100|938.99
1790052720|20260922125200|939.17
1790052780|20260922125300|939.28
1790052840|20260922125400|939.26
1790052900|20260922125500|939.41
1790052960|20260922125600|939.04
1790053020|20260922125700|939.31
1790053080|20260922125800|939.44
1790053140|20260922125900|939.43
1790053200|20260922130000|939.43
1790053260|20260922130100|939.38
1790053320|20260922130200|939.52
1790053380|20260922130300|939.61
1790053440|20260922130400|939.66
1790053500|20260922130500|939.63
1790053560|20260922130600|939.35
1790053620|20260922130700|939.54
1790053680|20260922130800|940.12
1790053740|20260922130900|940.16
1790053800|20260922131000|940.09
1790053860|20260922131100|939.99
1790053920|20260922131200|940.10
1790053980|20260922131300|940.18
1790054040|20260922131400|940.17
1790054100|20260922131500|940.09
1790054160|20260922131600|940.12
1790054220|20260922131700|940.07
1790054280|20260922131800|939.81
1790054340|20260922131900|939.50
1790054400|20260922132000|938.68
1790054460|20260922132100|938.66
1790054520|20260922132200|938.56
1790054580|20260922132300|938.31
1790054640|20260922132400|937.90
1790054700|20260922132500|937.25
1790054760|20260922132600|937.16
1790054820|20260922132700|936.98
1790054880|20260922132800|937.23
1790054940|20260922132900|937.66
1790055000|20260922133000|937.57
1790055060|20260922133100|936.24
1790055120|20260922133200|935.95
1790055180|20260922133300|936.71
1790055240|20260922133400|937.32
1790055300|20260922133500|936.15
1790055360|20260922133600|934.80
1790055420|20260922133700|935.36
1790055480|20260922133800|935.12
1790055540|20260922133900|934.84
1790055600|20260922134000|935.58
1790055660|20260922134100|935.55
1790055720|20260922134200|935.77
1790055780|20260922134300|936.23
1790055840|20260922134400|935.83
1790055900|20260922134500|935.16
1790055960|20260922134600|935.25
1790056020|20260922134700|936.14
1790056080|20260922134800|936.59
1790056140|20260922134900|936.90
1790056200|20260922135000|936.98
1790056260|20260922135100|937.02
1790056320|20260922135200|937.42
1790056380|20260922135300|937.41
1790056440|20260922135400|936.76
1790056500|20260922135500|936.47
1790056560|20260922135600|936.37
1790056620|20260922135700|936.04
1790056680|20260922135800|935.99
1790056740|20260922135900|935.75
1790056800|20260922140000|935.52
1790056860|20260922140100|935.50
1790056920|20260922140200|934.88
1790056980|20260922140300|935.24
1790057040|20260922140400|935.18
1790057100|20260922140500|934.48
1790057160|20260922140600|934.52
1790057220|20260922140700|934.72
1790057280|20260922140800|934.12
1790057340|20260922140900|934.37
1790057400|20260922141000|934.67
1790057460|20260922141100|934.57
1790057520|20260922141200|934.03
1790057580|20260922141300|934.29
1790057640|20260922141400|934.45
1790057700|20260922141500|934.64
1790057760|20260922141600|934.91
1790057820|20260922141700|934.69
1790057880|20260922141800|934.77
1790057940|20260922141900|934.66
1790058000|20260922142000|934.28
1790058060|20260922142100|934.27
1790058120|20260922142200|934.05
1790058180|20260922142300|934.44
1790058240|20260922142400|934.72
1790058300|20260922142500|934.36
1790058360|20260922142600|934.75
1790058420|20260922142700|934.66
1790058480|20260922142800|934.71
1790058540|20260922142900|934.32
1790058600|20260922143000|934.46
1790058660|20260922143100|934.81
1790058720|20260922143200|934.58
1790058780|20260922143300|934.70
1790058840|20260922143400|934.51
1790058900|20260922143500|934.48
1790058960|20260922143600|934.61
1790059020|20260922143700|934.61
1790059080|20260922143800|934.63
1790059140|20260922143900|934.74
1790059200|20260922144000|934.21
1790059260|20260922144100|934.57
1790059320|20260922144200|934.94
1790059380|20260922144300|934.74
1790059440|20260922144400|934.68
1790059500|20260922144500|934.98
1790059560|20260922144600|935.08
1790059620|20260922144700|935.00
1790059680|20260922144800|934.91
1790059740|20260922144900|935.21
1790059800|20260922145000|935.28
1790059860|20260922145100|935.12
1790059920|20260922145200|935.20
1790059980|20260922145300|935.06
1790060040|20260922145400|934.90
1790060100|20260922145500|934.55
1790060160|20260922145600|934.30
1790060220|20260922145700|934.56
1790060280|20260922145800|934.48
1790060340|20260922145900|934.69
1790060400|20260922150000|934.70
1790060460|20260922150100|934.75
1790060520|20260922150200|934.63
1790060580|20260922150300|934.81
1790060640|20260922150400|934.72
1790060700|20260922150500|934.55
1790060760|20260922150600|934.76
1790060820|20260922150700|934.50
1790060880|20260922150800|934.81
1790060940|20260922150900|934.91
1790061000|20260922151000|935.04
1790061060|20260922151100|935.17
1790061120|20260922151200|935.58
1790061180|20260922151300|935.74
1790061240|20260922151400|935.47
1790061300|20260922151500|935.51
1790061360|20260922151600|935.76
1790061420|20260922151700|935.85
1790061480|20260922151800|935.91
1790061540|20260922151900|936.04
1790061600|20260922152000|935.33
1790061660|20260922152100|935.78
1790061720|20260922152200|935.76
1790061780|20260922152300|935.76
1790061840|20260922152400|935.68
1790061900|20260922152500|935.56
1790061960|20260922152600|935.85
1790062020|20260922152700|935.65
1790062080|20260922152800|935.54
1790062140|20260922152900|935.11
1790062200|20260922153000|934.51
1790062260|20260922153100|933.32
1790062320|20260922153200|933.62
1790062380|20260922153300|932.75
1790062440|20260922153400|932.94
1790062500|20260922153500|933.17
1790062560|20260922153600|933.46
1790062620|20260922153700|933.74
1790062680|20260922153800|933.54
1790062740|20260922153900|933.44
1790062800|20260922154000|933.53
1790062860|20260922154100|933.38
1790062920|20260922154200|933.21
1790062980|20260922154300|933.07
1790063040|20260922154400|932.89
1790063100|20260922154500|933.16
1790063160|20260922154600|933.29
1790063220|20260922154700|934.13
1790063280|20260922154800|933.79
1790063340|20260922154900|933.49
1790063400|20260922155000|932.81
1790063460|20260922155100|932.35
1790063520|20260922155200|931.42
1790063580|20260922155300|931.73
1790063640|20260922155400|931.17
1790063700|20260922155500|931.28
1790063760|20260922155600|931.30
1790063820|20260922155700|930.95
1790063880|20260922155800|930.71
1790063940|20260922155900|930.94
1790064000|20260922160000|931.06
1790064060|20260922160100|930.86
1790064120|20260922160200|931.44
1790064180|20260922160300|931.55
1790064240|20260922160400|931.40
1790064300|20260922160500|931.92
1790064360|20260922160600|932.30
1790064420|20260922160700|932.25
1790064480|20260922160800|932.69
1790064540|20260922160900|933.09
1790064600|20260922161000|933.32
1790064660|20260922161100|933.10
1790064720|20260922161200|933.02
1790064780|20260922161300|933.03
1790064840|20260922161400|932.74
1790064900|20260922161500|931.75
1790064960|20260922161600|931.40
1790065020|20260922161700|931.37
1790065080|20260922161800|931.48
1790065140|20260922161900|931.59
1790065200|20260922162000|931.85
1790065260|20260922162100|931.69
1790065320|20260922162200|931.93
1790065380|20260922162300|931.53
1790065440|20260922162400|931.56
1790065500|20260922162500|931.75
1790065560|20260922162600|931.24
1790065620|20260922162700|931.77
1790065680|20260922162800|931.74
1790065740|20260922162900|931.28
1790065800|20260922163000|931.29
1790065860|20260922163100|930.65
1790065920|20260922163200|930.16
1790065980|20260922163300|930.28
1790066040|20260922163400|929.68
1790066100|20260922163500|930.40
1790066160|20260922163600|931.09
1790066220|20260922163700|932.08
1790066280|20260922163800|932.12
1790066340|20260922163900|932.34
1790066400|20260922164000|933.24
1790066460|20260922164100|933.35
1790066520|20260922164200|934.65
1790066580|20260922164300|935.19
1790066640|20260922164400|935.16
1790066700|20260922164500|935.25
1790066760|20260922164600|934.51
1790066820|20260922164700|934.51
1790066880|20260922164800|935.02
1790066940|20260922164900|935.24
1790067000|20260922165000|936.28
1790067060|20260922165100|936.70
1790067120|20260922165200|937.50
1790067180|20260922165300|937.86
1790067240|20260922165400|937.71
1790067300|20260922165500|937.59
1790067360|20260922165600|937.72
1790067420|20260922165700|938.20
1790067480|20260922165800|937.86
1790067540|20260922165900|937.09
1790067600|20260922170000|937.37
1790067660|20260922170100|936.89
1790067720|20260922170200|936.36
1790067780|20260922170300|935.89
1790067840|20260922170400|935.67
1790067900|20260922170500|934.88
1790067960|20260922170600|934.94
1790068020|20260922170700|935.81
1790068080|20260922170800|935.53
1790068140|20260922170900|935.13
1790068200|20260922171000|935.02
1790068260|20260922171100|934.96
1790068320|20260922171200|935.41
1790068380|20260922171300|934.67
1790068440|20260922171400|934.80
1790068500|20260922171500|934.91
1790068560|20260922171600|935.73
1790068620|20260922171700|935.49
1790068680|20260922171800|935.46
1790068740|20260922171900|934.76
1790068800|20260922172000|934.70
1790068860|20260922172100|934.66
1790068920|20260922172200|935.09
1790068980|20260922172300|934.92
1790069040|20260922172400|934.87
1790069100|20260922172500|934.89
1790069160|20260922172600|934.40
1790069220|20260922172700|934.36
1790069280|20260922172800|934.40
1790069340|20260922172900|934.16
1790069400|20260922173000|934.22
1790069460|20260922173100|934.04
1790069520|20260922173200|934.46
1790069580|20260922173300|934.20
1790069640|20260922173400|934.13
1790069700|20260922173500|934.11
1790069760|20260922173600|933.78
1790069820|20260922173700|933.96
1790069880|20260922173800|934.25
1790069940|20260922173900|934.40
1790070000|20260922174000|934.36
1790070060|20260922174100|934.28
1790070120|20260922174200|934.57
1790070180|20260922174300|934.66
1790070240|20260922174400|935.12
1790070300|20260922174500|935.20
1790070360|20260922174600|935.17
1790070420|20260922174700|935.24
1790070480|20260922174800|935.59
1790070540|20260922174900|935.07
1790070600|20260922175000|935.56
1790070660|20260922175100|935.79
1790070720|20260922175200|935.93
1790070780|20260922175300|936.76
1790070840|20260922175400|937.80
1790070900|20260922175500|937.57
1790070960|20260922175600|936.30
1790071020|20260922175700|937.71
1790071080|20260922175800|937.01
1790071140|20260922175900|938.43
1790071200|20260922180000|938.40
1790071260|20260922180100|938.37
1790071320|20260922180200|937.58
1790071380|20260922180300|938.01
1790071440|20260922180400|938.60
1790071500|20260922180500|938.37
1790071560|20260922180600|938.00
1790071620|20260922180700|938.00
1790071680|20260922180800|938.27
1790071740|20260922180900|938.25
1790071800|20260922181000|937.71
1790071860|20260922181100|937.94
1790071920|20260922181200|937.67
1790071980|20260922181300|937.51
1790072040|20260922181400|936.97
1790072100|20260922181500|937.19
1790072160|20260922181600|937.32
1790072220|20260922181700|937.39
1790072280|20260922181800|937.47
1790072340|20260922181900|937.07
1790072400|20260922182000|937.19
1790072460|20260922182100|937.15
1790072520|20260922182200|937.27
1790072580|20260922182300|937.01
1790072640|20260922182400|937.16
1790072700|20260922182500|937.14
1790072760|20260922182600|937.26
1790072820|20260922182700|937.37
1790072880|20260922182800|937.26
1790072940|20260922182900|937.23
1790073000|20260922183000|937.13
1790073060|20260922183100|937.36
1790073120|20260922183200|937.33
1790073180|20260922183300|937.27
1790073240|20260922183400|936.82
1790073300|20260922183500|936.88
1790073360|20260922183600|936.79
1790073420|20260922183700|936.87
1790073480|20260922183800|937.57
1790073540|20260922183900|937.35
1790073600|20260922184000|937.40
1790073660|20260922184100|937.43
1790073720|20260922184200|937.72
1790073780|20260922184300|937.78
1790073840|20260922184400|937.84
1790073900|20260922184500|937.30
1790073960|20260922184600|936.96
1790074020|20260922184700|936.61
1790074080|20260922184800|936.72
1790074140|20260922184900|936.47
1790074200|20260922185000|936.55
1790074260|20260922185100|936.86
1790074320|20260922185200|936.75
1790074380|20260922185300|936.76
1790074440|20260922185400|936.82
1790074500|20260922185500|936.65
1790074560|20260922185600|936.33
1790074620|20260922185700|936.22
1790074680|20260922185800|935.92
1790074740|20260922185900|935.97
1790074800|20260922190000|935.34
1790074860|20260922190100|935.29
1790074920|20260922190200|934.89
1790074980|20260922190300|935.05
1790075040|20260922190400|934.62
1790075100|20260922190500|934.70
1790075160|20260922190600|934.56
1790075220|20260922190700|934.59
1790075280|20260922190800|934.68
1790075340|20260922190900|933.89
1790075400|20260922191000|932.89
1790075460|20260922191100|933.72
1790075520|20260922191200|933.58
1790075580|20260922191300|933.49
1790075640|20260922191400|933.39
1790075700|20260922191500|933.93
1790075760|20260922191600|934.34
1790075820|20260922191700|934.59
1790075880|20260922191800|934.34
1790075940|20260922191900|933.97
1790076000|20260922192000|933.58
1790076060|20260922192100|933.67
1790076120|20260922192200|933.78
1790076180|20260922192300|933.90
1790076240|20260922192400|934.01
1790076300|20260922192500|934.37
1790076360|20260922192600|934.28
1790076420|20260922192700|934.51
1790076480|20260922192800|934.39
1790076540|20260922192900|934.26
1790076600|20260922193000|934.62
1790076660|20260922193100|934.50
1790076720|20260922193200|934.66
1790076780|20260922193300|934.71
1790076840|20260922193400|934.23
1790076900|20260922193500|933.81
1790076960|20260922193600|934.16
1790077020|20260922193700|934.15
1790077080|20260922193800|933.87
1790077140|20260922193900|934.27
1790077200|20260922194000|934.35
1790077260|20260922194100|934.40
1790077320|20260922194200|934.99
1790077380|20260922194300|934.80
1790077440|20260922194400|934.75
1790077500|20260922194500|934.53
1790077560|20260922194600|935.08
1790077620|20260922194700|934.55
1790077680|20260922194800|934.90
1790077740|20260922194900|935.11
1790077800|20260922195000|935.09
1790077860|20260922195100|935.11
1790077920|20260922195200|934.77
1790077980|20260922195300|935.26
1790078040|20260922195400|934.98
1790078100|20260922195500|934.65
1790078160|20260922195600|935.45
1790078220|20260922195700|935.58
1790078280|20260922195800|935.67
1790078340|20260922195900|935.30
1790078400|20260922200000|937.36
1790078460|20260922200100|936.28
1790078520|20260922200200|935.76
1790078580|20260922200300|936.44
1790078640|20260922200400|936.41
1790078700|20260922200500|936.25
1790078760|20260922200600|936.26
1790078820|20260922200700|935.78
1790078880|20260922200800|935.77
1790078940|20260922200900|935.77
1790079000|20260922201000|935.74
1790079060|20260922201100|936.02
1790079120|20260922201200|936.08
1790079180|20260922201300|935.75
1790079240|20260922201400|935.80
1790079300|20260922201500|935.94
1790079360|20260922201600|936.08
1790079420|20260922201700|936.03
1790079480|20260922201800|935.86
1790079540|20260922201900|935.59
1790079600|20260922202000|936.61
1790079660|20260922202100|937.96
1790079720|20260922202200|938.16
1790079780|20260922202300|938.24
1790079840|20260922202400|938.86
1790079900|20260922202500|938.16
1790079960|20260922202600|938.69
1790080020|20260922202700|937.63
1790080080|20260922202800|937.70
1790080140|20260922202900|937.97
1790080200|20260922203000|938.16
1790080260|20260922203100|939.02
1790080320|20260922203200|939.45
1790080380|20260922203300|938.82
1790080440|20260922203400|938.97
1790080500|20260922203500|938.35
1790080560|20260922203600|939.16
1790080620|20260922203700|938.80
1790080680|20260922203800|938.74
1790080740|20260922203900|938.92
1790080800|20260922204000|938.38
1790080860|20260922204100|938.74
1790080920|20260922204200|938.94
1790080980|20260922204300|938.81
1790081040|20260922204400|938.50
1790081100|20260922204500|937.97
1790081160|20260922204600|938.25
1790081220|20260922204700|937.82
1790081280|20260922204800|938.20
1790081340|20260922204900|938.43
1790081400|20260922205000|937.95
1790081460|20260922205100|938.11
1790081520|20260922205200|937.80
1790081580|20260922205300|937.69
1790081640|20260922205400|937.83
1790081700|20260922205500|938.02
1790081760|20260922205600|938.35
1790081820|20260922205700|937.71
1790081880|20260922205800|938.23
1790081940|20260922205900|938.27
1790082000|20260922210000|938.16
1790082060|20260922210100|938.05
1790082120|20260922210200|938.54
1790082180|20260922210300|938.83
1790082240|20260922210400|938.44
1790082300|20260922210500|938.53
1790082360|20260922210600|938.12
1790082420|20260922210700|938.02
1790082480|20260922210800|938.34
1790082540|20260922210900|938.93
1790082600|20260922211000|939.25
1790082660|20260922211100|939.50
1790082720|20260922211200|939.13
1790082780|20260922211300|939.40
1790082840|20260922211400|939.19
1790082900|20260922211500|939.32
1790082960|20260922211600|939.39
1790083020|20260922211700|939.35
1790083080|20260922211800|938.70
1790083140|20260922211900|939.06
1790083200|20260922212000|939.06
1790083260|20260922212100|939.06
1790083320|20260922212200|938.42
1790083380|20260922212300|938.59
1790083440|20260922212400|937.72
1790083500|20260922212500|937.98
1790083560|20260922212600|938.22
1790083620|20260922212700|938.17
1790083680|20260922212800|937.78
