1787587200|20260825000000|1007.50
1787587260|20260825000100|1007.37
1787587320|20260825000200|1008.72
1787587380|20260825000300|1009.06
1787587440|20260825000400|1009.62
1787587500|20260825000500|1010.04
1787587560|20260825000600|1009.81
1787587620|20260825000700|1009.28
1787587680|20260825000800|1010.00
1787587740|20260825000900|1008.79
1787587800|20260825001000|1008.61
1787587860|20260825001100|1009.25
1787587920|20260825001200|1009.07
1787587980|20260825001300|1009.37
1787588040|20260825001400|1008.98
1787588100|20260825001500|1009.50
1787588160|20260825001600|1009.39
1787588220|20260825001700|1009.39
1787588280|20260825001800|1010.00
1787588340|20260825001900|1010.05
1787588400|20260825002000|1009.52
1787588460|20260825002100|1009.55
1787588520|20260825002200|1009.40
1787588580|20260825002300|1009.47
1787588640|20260825002400|1009.33
1787588700|20260825002500|1009.32
1787588760|20260825002600|1009.66
1787588820|20260825002700|1009.69
1787588880|20260825002800|1009.91
1787588940|20260825002900|1009.71
1787589000|20260825003000|1009.99
1787589060|20260825003100|1010.19
1787589120|20260825003200|1010.15
1787589180|20260825003300|1010.36
1787589240|20260825003400|1010.15
1787589300|20260825003500|1010.23
1787589360|20260825003600|1010.18
1787589420|20260825003700|1010.40
1787589480|20260825003800|1010.23
1787589540|20260825003900|1010.35
1787589600|20260825004000|1010.12
1787589660|20260825004100|1009.94
1787589720|20260825004200|1010.19
1787589780|20260825004300|1010.09
1787589840|20260825004400|1010.24
1787589900|20260825004500|1009.92
1787589960|20260825004600|1009.52
1787590020|20260825004700|1009.60
1787590080|20260825004800|1009.26
1787590140|20260825004900|1009.26
1787590200|20260825005000|1009.50
1787590260|20260825005100|1009.36
1787590320|20260825005200|1008.91
1787590380|20260825005300|1008.44
1787590440|20260825005400|1008.51
1787590500|20260825005500|1008.45
1787590560|20260825005600|1008.20
1787590620|20260825005700|1006.82
1787590680|20260825005800|1007.23
1787590740|20260825005900|1006.71
1787590800|20260825010000|1007.24
1787590860|20260825010100|1006.61
1787590920|20260825010200|1007.01
1787590980|20260825010300|1006.66
1787591040|20260825010400|1006.96
1787591100|20260825010500|1007.14
1787591160|20260825010600|1006.97
1787591220|20260825010700|1007.03
1787591280|20260825010800|1007.77
1787591340|20260825010900|1008.54
1787591400|20260825011000|1008.35
1787591460|20260825011100|1007.75
1787591520|20260825011200|1008.31
1787591580|20260825011300|1008.33
1787591640|20260825011400|1008.54
1787591700|20260825011500|1008.47
1787591760|20260825011600|1008.34
1787591820|20260825011700|1007.87
1787591880|20260825011800|1008.15
1787591940|20260825011900|1008.38
1787592000|20260825012000|1007.69
1787592060|20260825012100|1006.16
1787592120|20260825012200|1004.31
1787592180|20260825012300|1004.77
1787592240|20260825012400|1005.42
1787592300|20260825012500|1005.17
1787592360|20260825012600|1005.30
1787592420|20260825012700|1005.85
1787592480|20260825012800|1005.95
1787592540|20260825012900|1006.52
1787592600|20260825013000|1005.64
1787592660|20260825013100|1006.06
1787592720|20260825013200|1006.28
1787592780|20260825013300|1005.08
1787592840|20260825013400|1005.40
1787592900|20260825013500|1005.62
1787592960|20260825013600|1005.58
1787593020|20260825013700|1006.07
1787593080|20260825013800|1006.25
1787593140|20260825013900|1006.25
1787593200|20260825014000|1006.08
1787593260|20260825014100|1006.14
1787593320|20260825014200|1005.95
1787593380|20260825014300|1005.92
1787593440|20260825014400|1006.20
1787593500|20260825014500|1005.65
1787593560|20260825014600|1005.23
1787593620|20260825014700|1005.54
1787593680|20260825014800|1005.32
1787593740|20260825014900|1005.17
1787593800|20260825015000|1005.03
1787593860|20260825015100|1005.61
1787593920|20260825015200|1005.45
1787593980|20260825015300|1004.90
1787594040|20260825015400|1004.92
1787594100|20260825015500|1004.97
1787594160|20260825015600|1004.79
1787594220|20260825015700|1005.05
1787594280|20260825015800|1005.23
1787594340|20260825015900|1005.55
1787620200|20260825091000|1013.63
1787620260|20260825091100|1013.20
1787620320|20260825091200|1013.51
1787620380|20260825091300|1013.29
1787620440|20260825091400|1013.68
1787620500|20260825091500|1013.57
1787620560|20260825091600|1012.93
1787620620|20260825091700|1013.19
1787620680|20260825091800|1013.31
1787620740|20260825091900|1013.59
1787620800|20260825092000|1013.51
1787620860|20260825092100|1013.12
1787620920|20260825092200|1013.25
1787620980|20260825092300|1012.67
1787621040|20260825092400|1011.63
1787621100|20260825092500|1011.05
1787621160|20260825092600|1011.15
1787621220|20260825092700|1011.27
1787621280|20260825092800|1011.98
1787621340|20260825092900|1012.28
1787621400|20260825093000|1011.57
1787621460|20260825093100|1012.04
1787621520|20260825093200|1012.27
1787621580|20260825093300|1012.58
1787621640|20260825093400|1012.25
1787621700|20260825093500|1011.47
1787621760|20260825093600|1011.71
1787621820|20260825093700|1012.46
1787621880|20260825093800|1012.12
1787621940|20260825093900|1011.96
1787622000|20260825094000|1011.81
1787622060|20260825094100|1011.86
1787622120|20260825094200|1012.07
1787622180|20260825094300|1012.54
1787622240|20260825094400|1012.36
1787622300|20260825094500|1012.02
1787622360|20260825094600|1012.19
1787622420|20260825094700|1012.24
1787622480|20260825094800|1012.16
1787622540|20260825094900|1012.67
1787622600|20260825095000|1012.92
1787622660|20260825095100|1011.82
1787622720|20260825095200|1012.20
1787622780|20260825095300|1012.18
1787622840|20260825095400|1012.03
1787622900|20260825095500|1011.30
1787622960|20260825095600|1011.00
1787623020|20260825095700|1010.70
1787623080|20260825095800|1010.68
1787623140|20260825095900|1009.70
1787623200|20260825100000|1009.67
1787623260|20260825100100|1009.73
1787623320|20260825100200|1009.81
1787623380|20260825100300|1008.98
1787623440|20260825100400|1007.76
1787623500|20260825100500|1007.78
1787623560|20260825100600|1006.13
1787623620|20260825100700|1005.32
1787623680|20260825100800|1005.49
1787623740|20260825100900|1006.10
1787623800|20260825101000|1005.93
1787623860|20260825101100|1006.17
1787623920|20260825101200|1006.15
1787623980|20260825101300|1005.17
1787624040|20260825101400|1004.76
1787624100|20260825101500|1005.46
1787624160|20260825101600|1005.65
1787624220|20260825101700|1006.02
1787624280|20260825101800|1006.29
1787624340|20260825101900|1006.93
1787624400|20260825102000|1007.36
1787624460|20260825102100|1007.84
1787624520|20260825102200|1008.26
1787624580|20260825102300|1008.37
1787624640|20260825102400|1008.64
1787624700|20260825102500|1008.88
1787624760|20260825102600|1008.81
1787624820|20260825102700|1008.83
1787624880|20260825102800|1009.16
1787624940|20260825102900|1009.18
1787625000|20260825103000|1009.21
1787625060|20260825103100|1007.56
1787625120|20260825103200|1008.03
1787625180|20260825103300|1006.81
1787625240|20260825103400|1006.13
1787625300|20260825103500|1006.63
1787625360|20260825103600|1006.08
1787625420|20260825103700|1006.26
1787625480|20260825103800|1005.60
1787625540|20260825103900|1005.07
1787625600|20260825104000|1005.69
1787625660|20260825104100|1005.60
1787625720|20260825104200|1006.22
1787625780|20260825104300|1006.81
1787625840|20260825104400|1005.94
1787625900|20260825104500|1003.61
1787625960|20260825104600|1003.72
1787626020|20260825104700|1003.72
1787626080|20260825104800|1004.33
1787626140|20260825104900|1004.22
1787626200|20260825105000|1003.64
1787626260|20260825105100|1004.03
1787626320|20260825105200|1001.38
1787626380|20260825105300|1001.77
1787626440|20260825105400|1002.26
1787626500|20260825105500|1002.18
1787626560|20260825105600|1002.42
1787626620|20260825105700|1002.09
1787626680|20260825105800|1001.74
1787626740|20260825105900|1001.35
1787626800|20260825110000|1002.30
1787626860|20260825110100|1002.78
1787626920|20260825110200|1002.58
1787626980|20260825110300|1002.24
1787627040|20260825110400|1001.49
1787627100|20260825110500|1001.44
1787627160|20260825110600|1002.29
1787627220|20260825110700|1003.15
1787627280|20260825110800|1003.73
1787627340|20260825110900|1003.40
1787627400|20260825111000|1003.70
1787627460|20260825111100|1004.00
1787627520|20260825111200|1003.78
1787627580|20260825111300|1003.48
1787627640|20260825111400|1003.75
1787627700|20260825111500|1003.38
1787627760|20260825111600|1003.36
1787627820|20260825111700|1003.65
1787627880|20260825111800|1003.78
1787627940|20260825111900|1003.57
1787628000|20260825112000|1003.74
1787628060|20260825112100|1003.88
1787628120|20260825112200|1003.54
1787628180|20260825112300|1003.45
1787628240|20260825112400|1003.43
1787628300|20260825112500|1003.54
1787628360|20260825112600|1004.23
1787628420|20260825112700|1004.23
1787628480|20260825112800|1004.35
1787628540|20260825112900|1004.45
1787628600|20260825113000|1004.49
1787628660|20260825113100|1004.38
1787628720|20260825113200|1004.31
1787628780|20260825113300|1004.71
1787628840|20260825113400|1004.81
1787628900|20260825113500|1005.17
1787628960|20260825113600|1004.99
1787629020|20260825113700|1005.31
1787629080|20260825113800|1005.37
1787629140|20260825113900|1004.52
1787629200|20260825114000|1003.87
1787629260|20260825114100|1004.16
1787629320|20260825114200|1004.36
1787629380|20260825114300|1004.29
1787629440|20260825114400|1004.40
1787629500|20260825114500|1004.23
1787629560|20260825114600|1003.74
1787629620|20260825114700|1003.81
1787629680|20260825114800|1004.03
1787629740|20260825114900|1003.83
1787629800|20260825115000|1003.77
1787629860|20260825115100|1003.84
1787629920|20260825115200|1004.08
1787629980|20260825115300|1003.98
1787630040|20260825115400|1003.98
1787630100|20260825115500|1003.68
1787630160|20260825115600|1003.64
1787630220|20260825115700|1004.06
1787630280|20260825115800|1003.85
1787630340|20260825115900|1003.94
1787630400|20260825120000|1003.67
1787630460|20260825120100|1003.48
1787630520|20260825120200|1003.52
1787630580|20260825120300|1003.82
1787630640|20260825120400|1004.02
1787630700|20260825120500|1003.91
1787630760|20260825120600|1003.78
1787630820|20260825120700|1003.73
1787630880|20260825120800|1004.02
1787630940|20260825120900|1004.13
1787631000|20260825121000|1004.13
1787631060|20260825121100|1003.80
1787631120|20260825121200|1003.85
1787631180|20260825121300|1004.13
1787631240|20260825121400|1004.14
1787631300|20260825121500|1004.04
1787631360|20260825121600|1004.08
1787631420|20260825121700|1004.08
1787631480|20260825121800|1004.07
1787631540|20260825121900|1003.82
1787631600|20260825122000|1003.77
1787631660|20260825122100|1004.16
1787631720|20260825122200|1003.92
1787631780|20260825122300|1003.50
1787631840|20260825122400|1003.46
1787631900|20260825122500|1003.79
1787631960|20260825122600|1003.56
1787632020|20260825122700|1003.33
1787632080|20260825122800|1003.32
1787632140|20260825122900|1003.26
1787632200|20260825123000|1003.11
1787632260|20260825123100|1003.07
1787632320|20260825123200|1003.08
1787632380|20260825123300|1002.86
1787632440|20260825123400|1002.62
1787632500|20260825123500|1002.82
1787632560|20260825123600|1003.02
1787632620|20260825123700|1003.01
1787632680|20260825123800|1002.98
1787632740|20260825123900|1002.37
1787632800|20260825124000|1002.66
1787632860|20260825124100|1002.23
1787632920|20260825124200|1001.89
1787632980|20260825124300|1002.31
1787633040|20260825124400|1002.29
1787633100|20260825124500|1002.28
1787633160|20260825124600|1002.30
1787633220|20260825124700|1002.00
1787633280|20260825124800|1002.09
1787633340|20260825124900|1002.02
1787633400|20260825125000|1002.27
1787633460|20260825125100|1001.87
1787633520|20260825125200|1001.91
1787633580|20260825125300|1002.46
1787633640|20260825125400|1002.57
1787633700|20260825125500|1002.35
1787633760|20260825125600|1002.38
1787633820|20260825125700|1002.36
1787633880|20260825125800|1002.32
1787633940|20260825125900|1002.32
