1790611200|20260929000000|894.79
1790611260|20260929000100|894.73
1790611320|20260929000200|894.84
1790611380|20260929000300|894.43
1790611440|20260929000400|894.43
1790611500|20260929000500|894.73
1790611560|20260929000600|894.74
1790611620|20260929000700|894.67
1790611680|20260929000800|894.46
1790611740|20260929000900|894.38
1790611800|20260929001000|894.48
1790611860|20260929001100|894.24
1790611920|20260929001200|893.84
1790611980|20260929001300|893.87
1790612040|20260929001400|893.74
1790612100|20260929001500|893.82
1790612160|20260929001600|893.95
1790612220|20260929001700|894.87
1790612280|20260929001800|895.08
1790612340|20260929001900|895.25
1790612400|20260929002000|895.63
1790612460|20260929002100|896.52
1790612520|20260929002200|896.15
1790612580|20260929002300|897.00
1790612640|20260929002400|896.71
1790612700|20260929002500|897.27
1790612760|20260929002600|897.46
1790612820|20260929002700|898.90
1790612880|20260929002800|899.25
1790612940|20260929002900|899.41
1790613000|20260929003000|899.33
1790613060|20260929003100|898.68
1790613120|20260929003200|899.16
1790613180|20260929003300|897.86
1790613240|20260929003400|897.43
1790613300|20260929003500|897.19
1790613360|20260929003600|897.24
1790613420|20260929003700|897.90
1790613480|20260929003800|897.76
1790613540|20260929003900|897.48
1790613600|20260929004000|897.45
1790613660|20260929004100|897.45
1790613720|20260929004200|897.20
1790613780|20260929004300|897.21
1790613840|20260929004400|896.47
1790613900|20260929004500|896.43
1790613960|20260929004600|896.48
1790614020|20260929004700|896.09
1790614080|20260929004800|896.25
1790614140|20260929004900|896.17
1790614200|20260929005000|896.49
1790614260|20260929005100|896.13
1790614320|20260929005200|895.97
1790614380|20260929005300|896.53
1790614440|20260929005400|896.68
1790614500|20260929005500|896.89
1790614560|20260929005600|896.46
1790614620|20260929005700|896.56
1790614680|20260929005800|896.20
1790614740|20260929005900|896.23
1790614800|20260929010000|896.40
1790614860|20260929010100|895.95
1790614920|20260929010200|896.42
1790614980|20260929010300|896.11
1790615040|20260929010400|896.32
1790615100|20260929010500|896.29
1790615160|20260929010600|896.39
1790615220|20260929010700|896.27
1790615280|20260929010800|896.32
1790615340|20260929010900|896.01
1790615400|20260929011000|896.13
1790615460|20260929011100|896.01
1790615520|20260929011200|898.93
1790615580|20260929011300|898.87
1790615640|20260929011400|898.47
1790615700|20260929011500|898.36
1790615760|20260929011600|897.41
1790615820|20260929011700|897.63
1790615880|20260929011800|897.34
1790615940|20260929011900|897.42
1790616000|20260929012000|897.30
1790616060|20260929012100|897.29
1790616120|20260929012200|897.80
1790616180|20260929012300|897.19
1790616240|20260929012400|897.36
1790616300|20260929012500|897.38
1790616360|20260929012600|897.28
1790616420|20260929012700|897.00
1790616480|20260929012800|896.94
1790616540|20260929012900|897.00
1790616600|20260929013000|897.02
1790616660|20260929013100|897.44
1790616720|20260929013200|897.45
1790616780|20260929013300|897.45
1790616840|20260929013400|897.58
1790616900|20260929013500|897.55
1790616960|20260929013600|897.55
1790617020|20260929013700|897.60
1790617080|20260929013800|897.55
1790617140|20260929013900|897.55
1790617200|20260929014000|897.19
1790617260|20260929014100|897.24
1790617320|20260929014200|897.35
1790617380|20260929014300|897.69
1790617440|20260929014400|897.39
1790617500|20260929014500|897.39
1790617560|20260929014600|897.24
1790617620|20260929014700|897.39
1790617680|20260929014800|897.30
1790617740|20260929014900|897.18
1790617800|20260929015000|897.30
1790617860|20260929015100|897.60
1790617920|20260929015200|897.57
1790617980|20260929015300|897.58
1790618040|20260929015400|897.53
1790618100|20260929015500|897.33
1790618160|20260929015600|897.17
1790618220|20260929015700|897.32
1790618280|20260929015800|897.28
1790618340|20260929015900|896.86
