1791421800|20261008091000|894.40
1791421860|20261008091100|893.63
1791421920|20261008091200|894.14
1791421980|20261008091300|894.16
1791422040|20261008091400|893.73
1791422100|20261008091500|893.13
1791422160|20261008091600|892.97
1791422220|20261008091700|893.03
1791422280|20261008091800|893.28
1791422340|20261008091900|893.58
1791422400|20261008092000|893.79
1791422460|20261008092100|893.19
1791422520|20261008092200|893.09
1791422580|20261008092300|892.90
1791422640|20261008092400|893.21
1791422700|20261008092500|893.61
1791422760|20261008092600|894.44
1791422820|20261008092700|894.86
1791422880|20261008092800|894.76
1791422940|20261008092900|894.77
1791423000|20261008093000|894.89
1791423060|20261008093100|895.11
1791423120|20261008093200|894.98
1791423180|20261008093300|895.06
1791423240|20261008093400|895.42
1791423300|20261008093500|895.49
1791423360|20261008093600|896.19
1791423420|20261008093700|896.25
1791423480|20261008093800|896.00
1791423540|20261008093900|896.15
1791423600|20261008094000|896.08
1791423660|20261008094100|896.25
1791423720|20261008094200|895.94
1791423780|20261008094300|895.68
1791423840|20261008094400|895.55
1791423900|20261008094500|895.79
1791423960|20261008094600|895.24
1791424020|20261008094700|896.00
1791424080|20261008094800|896.47
1791424140|20261008094900|896.47
1791424200|20261008095000|896.81
1791424260|20261008095100|896.29
1791424320|20261008095200|895.93
1791424380|20261008095300|896.15
1791424440|20261008095400|895.94
1791424500|20261008095500|895.79
1791424560|20261008095600|895.72
1791424620|20261008095700|895.72
1791424680|20261008095800|896.06
1791424740|20261008095900|895.75
1791424800|20261008100000|895.72
1791424860|20261008100100|895.88
1791424920|20261008100200|895.92
1791424980|20261008100300|895.84
1791425040|20261008100400|896.53
1791425100|20261008100500|896.88
1791425160|20261008100600|896.79
1791425220|20261008100700|896.78
1791425280|20261008100800|896.75
1791425340|20261008100900|896.76
1791425400|20261008101000|896.97
1791425460|20261008101100|896.95
1791425520|20261008101200|896.81
1791425580|20261008101300|896.93
1791425640|20261008101400|897.08
1791425700|20261008101500|897.14
1791425760|20261008101600|896.95
1791425820|20261008101700|897.10
1791425880|20261008101800|897.19
1791425940|20261008101900|897.28
1791426000|20261008102000|897.20
1791426060|20261008102100|897.16
1791426120|20261008102200|896.89
1791426180|20261008102300|897.05
1791426240|20261008102400|896.98
1791426300|20261008102500|896.84
1791426360|20261008102600|896.99
1791426420|20261008102700|897.00
1791426480|20261008102800|897.15
1791426540|20261008102900|897.01
1791426600|20261008103000|896.88
1791426660|20261008103100|896.76
1791426720|20261008103200|896.89
1791426780|20261008103300|897.13
1791426840|20261008103400|897.63
1791426900|20261008103500|898.03
1791426960|20261008103600|897.54
1791427020|20261008103700|897.82
1791427080|20261008103800|897.72
1791427140|20261008103900|897.57
1791427200|20261008104000|897.38
1791427260|20261008104100|897.08
1791427320|20261008104200|896.99
1791427380|20261008104300|897.44
1791427440|20261008104400|897.53
1791427500|20261008104500|897.84
1791427560|20261008104600|897.55
1791427620|20261008104700|897.54
1791427680|20261008104800|897.18
1791427740|20261008104900|897.14
1791427800|20261008105000|896.61
1791427860|20261008105100|896.48
1791427920|20261008105200|896.29
1791427980|20261008105300|895.83
1791428040|20261008105400|895.75
1791428100|20261008105500|895.44
1791428160|20261008105600|895.49
1791428220|20261008105700|895.40
1791428280|20261008105800|895.41
1791428340|20261008105900|895.59
1791428400|20261008110000|895.60
1791428460|20261008110100|895.94
1791428520|20261008110200|895.70
1791428580|20261008110300|895.67
1791428640|20261008110400|895.78
1791428700|20261008110500|895.61
1791428760|20261008110600|895.54
1791428820|20261008110700|895.53
1791428880|20261008110800|895.63
1791428940|20261008110900|895.46
1791429000|20261008111000|895.33
1791429060|20261008111100|895.08
1791429120|20261008111200|894.73
1791429180|20261008111300|894.94
1791429240|20261008111400|895.02
1791429300|20261008111500|894.73
1791429360|20261008111600|894.78
1791429420|20261008111700|894.86
1791429480|20261008111800|894.71
1791429540|20261008111900|895.15
1791429600|20261008112000|895.03
1791429660|20261008112100|895.32
1791429720|20261008112200|895.55
1791429780|20261008112300|895.77
1791429840|20261008112400|896.06
1791429900|20261008112500|895.49
1791429960|20261008112600|895.30
1791430020|20261008112700|895.11
1791430080|20261008112800|895.12
1791430140|20261008112900|895.40
1791430200|20261008113000|895.62
1791430260|20261008113100|895.74
1791430320|20261008113200|895.82
1791430380|20261008113300|896.02
1791430440|20261008113400|895.71
1791430500|20261008113500|895.69
1791430560|20261008113600|895.82
1791430620|20261008113700|895.94
1791430680|20261008113800|896.19
1791430740|20261008113900|896.19
1791430800|20261008114000|896.31
1791430860|20261008114100|896.24
1791430920|20261008114200|896.24
1791430980|20261008114300|896.11
1791431040|20261008114400|896.08
1791431100|20261008114500|896.15
1791431160|20261008114600|896.24
1791431220|20261008114700|896.46
1791431280|20261008114800|896.56
1791431340|20261008114900|896.65
1791431400|20261008115000|896.75
1791431460|20261008115100|896.74
1791431520|20261008115200|896.74
1791431580|20261008115300|896.57
1791431640|20261008115400|896.62
1791431700|20261008115500|896.62
1791431760|20261008115600|896.58
1791431820|20261008115700|896.59
1791431880|20261008115800|896.58
1791431940|20261008115900|896.64
1791432000|20261008120000|896.65
1791432060|20261008120100|896.78
1791432120|20261008120200|896.81
1791432180|20261008120300|896.79
1791432240|20261008120400|896.67
1791432300|20261008120500|896.99
1791432360|20261008120600|897.06
1791432420|20261008120700|897.00
1791432480|20261008120800|897.15
1791432540|20261008120900|897.20
1791432600|20261008121000|897.28
1791432660|20261008121100|897.77
1791432720|20261008121200|897.30
1791432780|20261008121300|897.27
1791432840|20261008121400|897.19
1791432900|20261008121500|896.87
1791432960|20261008121600|896.67
1791433020|20261008121700|896.77
1791433080|20261008121800|896.74
1791433140|20261008121900|896.74
1791433200|20261008122000|896.74
1791433260|20261008122100|896.48
1791433320|20261008122200|896.28
1791433380|20261008122300|896.27
1791433440|20261008122400|896.24
1791433500|20261008122500|896.16
1791433560|20261008122600|896.34
1791433620|20261008122700|896.29
1791433680|20261008122800|896.13
1791433740|20261008122900|896.36
1791433800|20261008123000|896.39
1791433860|20261008123100|896.40
1791433920|20261008123200|896.38
1791433980|20261008123300|896.21
1791434040|20261008123400|896.05
1791434100|20261008123500|895.84
1791434160|20261008123600|895.73
1791434220|20261008123700|895.78
1791434280|20261008123800|895.77
1791434340|20261008123900|895.78
1791434400|20261008124000|895.50
1791434460|20261008124100|895.42
1791434520|20261008124200|895.40
1791434580|20261008124300|895.47
1791434640|20261008124400|895.50
1791434700|20261008124500|895.80
1791434760|20261008124600|895.70
1791434820|20261008124700|896.01
1791434880|20261008124800|896.05
1791434940|20261008124900|896.01
1791435000|20261008125000|896.16
1791435060|20261008125100|896.20
1791435120|20261008125200|896.28
1791435180|20261008125300|896.01
1791435240|20261008125400|896.03
1791435300|20261008125500|896.10
1791435360|20261008125600|896.17
1791435420|20261008125700|896.17
1791435480|20261008125800|896.22
1791435540|20261008125900|896.24
1791435600|20261008130000|895.96
1791435660|20261008130100|895.67
1791435720|20261008130200|895.68
1791435780|20261008130300|895.65
1791435840|20261008130400|895.74
1791435900|20261008130500|895.88
1791435960|20261008130600|896.29
1791436020|20261008130700|895.82
1791436080|20261008130800|896.06
1791436140|20261008130900|895.95
1791436200|20261008131000|896.05
1791436260|20261008131100|896.24
1791436320|20261008131200|896.34
1791436380|20261008131300|896.05
1791436440|20261008131400|895.71
1791436500|20261008131500|895.67
1791436560|20261008131600|895.73
1791436620|20261008131700|895.70
1791436680|20261008131800|895.55
1791436740|20261008131900|895.54
1791436800|20261008132000|895.50
1791436860|20261008132100|895.52
1791436920|20261008132200|895.40
1791436980|20261008132300|895.31
1791437040|20261008132400|895.28
1791437100|20261008132500|895.20
1791437160|20261008132600|894.92
1791437220|20261008132700|895.10
1791437280|20261008132800|895.06
1791437340|20261008132900|894.93
1791437400|20261008133000|894.95
1791437460|20261008133100|893.75
1791437520|20261008133200|894.43
1791437580|20261008133300|894.86
1791437640|20261008133400|895.23
1791437700|20261008133500|895.09
1791437760|20261008133600|895.46
1791437820|20261008133700|895.33
1791437880|20261008133800|894.73
1791437940|20261008133900|894.43
1791438000|20261008134000|894.58
1791438060|20261008134100|894.40
1791438120|20261008134200|894.85
1791438180|20261008134300|895.00
1791438240|20261008134400|894.57
1791438300|20261008134500|894.04
1791438360|20261008134600|893.91
1791438420|20261008134700|893.80
1791438480|20261008134800|893.98
1791438540|20261008134900|893.99
1791438600|20261008135000|894.00
1791438660|20261008135100|893.61
1791438720|20261008135200|893.03
1791438780|20261008135300|892.89
1791438840|20261008135400|892.48
1791438900|20261008135500|892.48
1791438960|20261008135600|892.35
1791439020|20261008135700|892.49
1791439080|20261008135800|892.66
1791439140|20261008135900|892.56
1791439200|20261008140000|892.50
1791439260|20261008140100|892.90
1791439320|20261008140200|892.76
1791439380|20261008140300|892.74
1791439440|20261008140400|892.79
1791439500|20261008140500|892.80
1791439560|20261008140600|892.78
1791439620|20261008140700|892.70
1791439680|20261008140800|892.86
1791439740|20261008140900|893.00
1791439800|20261008141000|892.99
1791439860|20261008141100|892.85
1791439920|20261008141200|892.90
1791439980|20261008141300|892.80
1791440040|20261008141400|892.89
1791440100|20261008141500|893.12
1791440160|20261008141600|892.84
1791440220|20261008141700|892.57
1791440280|20261008141800|892.79
1791440340|20261008141900|892.65
1791440400|20261008142000|892.32
1791440460|20261008142100|892.10
1791440520|20261008142200|892.05
1791440580|20261008142300|892.23
1791440640|20261008142400|892.12
1791440700|20261008142500|892.09
1791440760|20261008142600|892.08
1791440820|20261008142700|891.55
1791440880|20261008142800|891.84
1791440940|20261008142900|891.73
1791441000|20261008143000|891.70
1791441060|20261008143100|891.87
1791441120|20261008143200|891.69
1791441180|20261008143300|891.66
1791441240|20261008143400|891.45
1791441300|20261008143500|891.40
1791441360|20261008143600|891.72
1791441420|20261008143700|891.54
1791441480|20261008143800|891.69
1791441540|20261008143900|891.93
1791441600|20261008144000|892.11
1791441660|20261008144100|892.31
1791441720|20261008144200|892.90
1791441780|20261008144300|893.11
1791441840|20261008144400|893.30
1791441900|20261008144500|893.57
1791441960|20261008144600|893.86
1791442020|20261008144700|893.47
1791442080|20261008144800|893.20
1791442140|20261008144900|893.64
1791442200|20261008145000|893.69
1791442260|20261008145100|893.81
1791442320|20261008145200|893.72
1791442380|20261008145300|893.49
1791442440|20261008145400|893.81
1791442500|20261008145500|893.67
1791442560|20261008145600|893.52
1791442620|20261008145700|893.62
1791442680|20261008145800|893.56
1791442740|20261008145900|893.51
1791442800|20261008150000|893.30
1791442860|20261008150100|892.98
1791442920|20261008150200|892.90
1791442980|20261008150300|892.82
1791443040|20261008150400|892.74
1791443100|20261008150500|892.85
1791443160|20261008150600|893.08
1791443220|20261008150700|893.08
1791443280|20261008150800|893.30
1791443340|20261008150900|893.12
1791443400|20261008151000|893.50
1791443460|20261008151100|893.61
1791443520|20261008151200|893.55
1791443580|20261008151300|893.61
1791443640|20261008151400|893.79
1791443700|20261008151500|893.64
1791443760|20261008151600|893.57
1791443820|20261008151700|893.99
1791443880|20261008151800|893.93
1791443940|20261008151900|893.94
1791444000|20261008152000|894.16
1791444060|20261008152100|894.53
1791444120|20261008152200|894.59
1791444180|20261008152300|894.58
1791444240|20261008152400|894.75
1791444300|20261008152500|894.73
1791444360|20261008152600|894.30
1791444420|20261008152700|894.23
1791444480|20261008152800|894.52
1791444540|20261008152900|894.49
1791444600|20261008153000|894.22
1791444660|20261008153100|893.72
1791444720|20261008153200|893.57
1791444780|20261008153300|893.02
1791444840|20261008153400|892.65
1791444900|20261008153500|892.70
1791444960|20261008153600|893.05
1791445020|20261008153700|893.05
1791445080|20261008153800|893.34
1791445140|20261008153900|893.15
1791445200|20261008154000|892.83
1791445260|20261008154100|893.01
1791445320|20261008154200|893.05
1791445380|20261008154300|892.83
1791445440|20261008154400|892.62
1791445500|20261008154500|892.56
1791445560|20261008154600|892.47
1791445620|20261008154700|892.50
1791445680|20261008154800|892.47
1791445740|20261008154900|892.49
1791445800|20261008155000|892.63
1791445860|20261008155100|892.67
1791445920|20261008155200|892.96
1791445980|20261008155300|892.99
1791446040|20261008155400|893.09
1791446100|20261008155500|892.89
1791446160|20261008155600|892.78
1791446220|20261008155700|892.69
1791446280|20261008155800|892.62
1791446340|20261008155900|892.56
1791446400|20261008160000|892.84
1791446460|20261008160100|892.58
1791446520|20261008160200|893.05
1791446580|20261008160300|893.19
1791446640|20261008160400|893.51
1791446700|20261008160500|894.14
1791446760|20261008160600|894.44
1791446820|20261008160700|894.16
1791446880|20261008160800|894.24
1791446940|20261008160900|894.05
1791447000|20261008161000|894.25
1791447060|20261008161100|894.11
1791447120|20261008161200|894.00
1791447180|20261008161300|894.41
1791447240|20261008161400|894.20
1791447300|20261008161500|894.60
1791447360|20261008161600|894.55
1791447420|20261008161700|894.70
1791447480|20261008161800|894.59
1791447540|20261008161900|894.49
1791447600|20261008162000|894.60
1791447660|20261008162100|894.54
1791447720|20261008162200|894.24
1791447780|20261008162300|894.34
1791447840|20261008162400|894.84
1791447900|20261008162500|894.62
1791447960|20261008162600|895.25
1791448020|20261008162700|894.75
1791448080|20261008162800|894.85
1791448140|20261008162900|894.50
1791448200|20261008163000|894.29
1791448260|20261008163100|894.01
1791448320|20261008163200|894.29
1791448380|20261008163300|893.88
1791448440|20261008163400|894.00
1791448500|20261008163500|894.02
1791448560|20261008163600|894.14
1791448620|20261008163700|894.05
1791448680|20261008163800|893.89
1791448740|20261008163900|893.86
1791448800|20261008164000|893.34
1791448860|20261008164100|893.21
1791448920|20261008164200|893.30
1791448980|20261008164300|893.34
1791449040|20261008164400|893.34
1791449100|20261008164500|893.51
1791449160|20261008164600|893.63
1791449220|20261008164700|894.03
1791449280|20261008164800|894.04
1791449340|20261008164900|893.63
1791449400|20261008165000|893.99
1791449460|20261008165100|894.01
1791449520|20261008165200|894.14
1791449580|20261008165300|893.98
1791449640|20261008165400|894.01
1791449700|20261008165500|894.04
1791449760|20261008165600|894.15
1791449820|20261008165700|894.26
1791449880|20261008165800|894.18
1791449940|20261008165900|893.98
1791450000|20261008170000|893.98
1791450060|20261008170100|894.49
1791450120|20261008170200|894.55
1791450180|20261008170300|894.84
1791450240|20261008170400|894.48
1791450300|20261008170500|894.81
1791450360|20261008170600|894.27
1791450420|20261008170700|894.11
1791450480|20261008170800|894.46
