1791561600|20261010000000|906.91
1791561660|20261010000100|906.93
1791561720|20261010000200|907.41
1791561780|20261010000300|907.29
1791561840|20261010000400|907.27
1791561900|20261010000500|907.34
1791561960|20261010000600|907.60
1791562020|20261010000700|907.59
1791562080|20261010000800|907.70
1791562140|20261010000900|907.70
1791562200|20261010001000|907.69
1791562260|20261010001100|907.71
1791562320|20261010001200|907.60
1791562380|20261010001300|907.60
1791562440|20261010001400|907.52
1791562500|20261010001500|907.59
1791562560|20261010001600|907.49
1791562620|20261010001700|907.61
1791562680|20261010001800|907.70
1791562740|20261010001900|907.50
1791562800|20261010002000|907.37
1791562860|20261010002100|907.38
1791562920|20261010002200|907.20
1791562980|20261010002300|907.27
1791563040|20261010002400|907.24
1791563100|20261010002500|907.26
1791563160|20261010002600|907.14
1791563220|20261010002700|907.14
1791563280|20261010002800|907.07
1791563340|20261010002900|907.10
1791563400|20261010003000|906.99
1791563460|20261010003100|906.72
1791563520|20261010003200|906.57
1791563580|20261010003300|906.52
1791563640|20261010003400|906.52
1791563700|20261010003500|906.30
1791563760|20261010003600|906.45
1791563820|20261010003700|906.52
1791563880|20261010003800|906.78
1791563940|20261010003900|906.72
1791564000|20261010004000|906.73
1791564060|20261010004100|907.09
1791564120|20261010004200|907.09
1791564180|20261010004300|907.21
1791564240|20261010004400|907.20
1791564300|20261010004500|907.27
1791564360|20261010004600|907.62
1791564420|20261010004700|907.68
1791564480|20261010004800|907.68
1791564540|20261010004900|907.68
1791564600|20261010005000|907.67
1791564660|20261010005100|907.68
1791564720|20261010005200|907.47
1791564780|20261010005300|907.51
1791564840|20261010005400|907.57
1791564900|20261010005500|907.57
1791564960|20261010005600|907.57
1791565020|20261010005700|907.52
1791565080|20261010005800|907.53
1791565140|20261010005900|907.52
1791565200|20261010010000|907.46
1791565260|20261010010100|907.47
1791565320|20261010010200|907.47
1791565380|20261010010300|907.48
1791565440|20261010010400|907.51
1791565500|20261010010500|907.66
1791565560|20261010010600|907.53
1791565620|20261010010700|907.38
1791565680|20261010010800|907.27
1791565740|20261010010900|907.16
1791565800|20261010011000|907.06
1791565860|20261010011100|907.04
1791565920|20261010011200|907.46
1791565980|20261010011300|907.30
1791566040|20261010011400|907.47
1791566100|20261010011500|907.48
1791566160|20261010011600|907.68
1791566220|20261010011700|908.16
1791566280|20261010011800|908.11
1791566340|20261010011900|908.18
1791566400|20261010012000|908.00
1791566460|20261010012100|908.05
1791566520|20261010012200|908.07
1791566580|20261010012300|908.07
1791566640|20261010012400|908.06
1791566700|20261010012500|907.95
1791566760|20261010012600|907.73
1791566820|20261010012700|907.63
1791566880|20261010012800|907.86
1791566940|20261010012900|907.87
1791567000|20261010013000|907.72
1791567060|20261010013100|907.72
1791567120|20261010013200|907.72
1791567180|20261010013300|907.88
1791567240|20261010013400|907.79
1791567300|20261010013500|907.76
1791567360|20261010013600|907.88
1791567420|20261010013700|908.04
1791567480|20261010013800|908.04
1791567540|20261010013900|908.04
1791567600|20261010014000|907.92
1791567660|20261010014100|907.92
1791567720|20261010014200|907.92
1791567780|20261010014300|907.90
1791567840|20261010014400|907.89
1791567900|20261010014500|907.92
1791567960|20261010014600|907.92
1791568020|20261010014700|907.99
1791568080|20261010014800|908.02
1791568140|20261010014900|908.01
1791568200|20261010015000|908.04
1791568260|20261010015100|908.03
1791568320|20261010015200|908.39
1791568380|20261010015300|908.71
1791568440|20261010015400|908.58
1791568500|20261010015500|908.64
1791568560|20261010015600|908.69
1791568620|20261010015700|908.64
1791568680|20261010015800|908.55
1791568740|20261010015900|908.50
