1789747200|20260919000000|943.17
1789747260|20260919000100|942.90
1789747320|20260919000200|942.95
1789747380|20260919000300|943.05
1789747440|20260919000400|943.13
1789747500|20260919000500|943.21
1789747560|20260919000600|943.42
1789747620|20260919000700|943.39
1789747680|20260919000800|943.54
1789747740|20260919000900|943.53
1789747800|20260919001000|943.66
1789747860|20260919001100|943.62
1789747920|20260919001200|943.93
1789747980|20260919001300|944.49
1789748040|20260919001400|944.06
1789748100|20260919001500|944.18
1789748160|20260919001600|944.23
1789748220|20260919001700|944.39
1789748280|20260919001800|944.29
1789748340|20260919001900|944.64
1789748400|20260919002000|944.88
1789748460|20260919002100|944.84
1789748520|20260919002200|945.31
1789748580|20260919002300|945.69
1789748640|20260919002400|945.63
1789748700|20260919002500|945.46
1789748760|20260919002600|945.95
1789748820|20260919002700|945.57
1789748880|20260919002800|945.42
1789748940|20260919002900|946.30
1789749000|20260919003000|947.04
1789749060|20260919003100|946.79
1789749120|20260919003200|946.52
1789749180|20260919003300|947.05
1789749240|20260919003400|948.20
1789749300|20260919003500|947.39
1789749360|20260919003600|947.36
1789749420|20260919003700|947.16
1789749480|20260919003800|946.92
1789749540|20260919003900|947.00
1789749600|20260919004000|947.37
1789749660|20260919004100|947.37
1789749720|20260919004200|947.37
1789749780|20260919004300|947.29
1789749840|20260919004400|946.83
1789749900|20260919004500|946.73
1789749960|20260919004600|947.01
1789750020|20260919004700|946.90
1789750080|20260919004800|947.09
1789750140|20260919004900|946.98
1789750200|20260919005000|946.99
1789750260|20260919005100|947.12
1789750320|20260919005200|947.17
1789750380|20260919005300|947.20
1789750440|20260919005400|947.46
1789750500|20260919005500|947.37
1789750560|20260919005600|947.69
1789750620|20260919005700|947.64
1789750680|20260919005800|947.71
1789750740|20260919005900|947.56
1789750800|20260919010000|947.79
1789750860|20260919010100|948.17
1789750920|20260919010200|947.81
1789750980|20260919010300|947.79
1789751040|20260919010400|948.62
1789751100|20260919010500|948.26
1789751160|20260919010600|948.41
1789751220|20260919010700|948.30
1789751280|20260919010800|948.47
1789751340|20260919010900|948.44
1789751400|20260919011000|948.45
1789751460|20260919011100|948.36
1789751520|20260919011200|948.46
1789751580|20260919011300|947.90
1789751640|20260919011400|948.37
1789751700|20260919011500|948.16
1789751760|20260919011600|948.29
1789751820|20260919011700|948.46
1789751880|20260919011800|948.76
1789751940|20260919011900|948.40
1789752000|20260919012000|948.41
1789752060|20260919012100|948.22
1789752120|20260919012200|947.92
1789752180|20260919012300|947.97
1789752240|20260919012400|947.93
1789752300|20260919012500|947.97
1789752360|20260919012600|947.97
1789752420|20260919012700|948.23
1789752480|20260919012800|948.42
1789752540|20260919012900|947.98
1789752600|20260919013000|948.52
1789752660|20260919013100|948.35
1789752720|20260919013200|948.45
1789752780|20260919013300|948.53
1789752840|20260919013400|948.96
1789752900|20260919013500|949.57
1789752960|20260919013600|949.50
1789753020|20260919013700|950.19
1789753080|20260919013800|949.93
1789753140|20260919013900|950.06
1789753200|20260919014000|949.97
1789753260|20260919014100|949.96
1789753320|20260919014200|950.10
1789753380|20260919014300|950.28
1789753440|20260919014400|950.02
1789753500|20260919014500|949.99
1789753560|20260919014600|949.93
1789753620|20260919014700|950.01
1789753680|20260919014800|950.22
1789753740|20260919014900|950.30
1789753800|20260919015000|950.17
1789753860|20260919015100|950.37
1789753920|20260919015200|950.17
1789753980|20260919015300|950.02
1789754040|20260919015400|950.19
1789754100|20260919015500|949.91
1789754160|20260919015600|949.91
1789754220|20260919015700|950.06
1789754280|20260919015800|949.85
1789754340|20260919015900|949.89
1789953000|20260921091000|947.71
1789953060|20260921091100|947.39
1789953120|20260921091200|947.15
1789953180|20260921091300|947.22
1789953240|20260921091400|947.39
1789953300|20260921091500|947.42
1789953360|20260921091600|947.93
1789953420|20260921091700|947.63
1789953480|20260921091800|947.96
1789953540|20260921091900|947.36
1789953600|20260921092000|947.12
1789953660|20260921092100|946.81
1789953720|20260921092200|946.93
1789953780|20260921092300|947.02
1789953840|20260921092400|946.57
1789953900|20260921092500|946.75
1789953960|20260921092600|947.19
1789954020|20260921092700|946.64
1789954080|20260921092800|946.60
1789954140|20260921092900|946.85
1789954200|20260921093000|946.31
1789954260|20260921093100|946.80
1789954320|20260921093200|946.40
1789954380|20260921093300|946.63
1789954440|20260921093400|946.96
1789954500|20260921093500|947.07
1789954560|20260921093600|946.95
1789954620|20260921093700|947.07
1789954680|20260921093800|947.28
1789954740|20260921093900|946.67
1789954800|20260921094000|946.93
1789954860|20260921094100|947.09
1789954920|20260921094200|947.15
1789954980|20260921094300|946.65
1789955040|20260921094400|946.58
1789955100|20260921094500|947.04
1789955160|20260921094600|947.14
1789955220|20260921094700|947.36
1789955280|20260921094800|947.66
1789955340|20260921094900|947.38
1789955400|20260921095000|947.23
1789955460|20260921095100|946.75
1789955520|20260921095200|947.23
1789955580|20260921095300|947.03
1789955640|20260921095400|946.97
1789955700|20260921095500|946.95
1789955760|20260921095600|947.08
1789955820|20260921095700|946.76
1789955880|20260921095800|946.80
1789955940|20260921095900|946.63
1789956000|20260921100000|946.78
1789956060|20260921100100|946.55
1789956120|20260921100200|946.00
1789956180|20260921100300|946.17
1789956240|20260921100400|946.32
1789956300|20260921100500|946.63
1789956360|20260921100600|946.02
1789956420|20260921100700|946.25
1789956480|20260921100800|946.19
1789956540|20260921100900|946.36
1789956600|20260921101000|946.49
1789956660|20260921101100|945.99
1789956720|20260921101200|945.58
1789956780|20260921101300|945.49
1789956840|20260921101400|945.79
1789956900|20260921101500|945.25
1789956960|20260921101600|945.06
1789957020|20260921101700|944.85
1789957080|20260921101800|944.78
1789957140|20260921101900|944.51
1789957200|20260921102000|944.56
1789957260|20260921102100|944.32
1789957320|20260921102200|944.23
1789957380|20260921102300|944.17
1789957440|20260921102400|944.02
1789957500|20260921102500|943.90
1789957560|20260921102600|944.07
1789957620|20260921102700|944.48
1789957680|20260921102800|944.45
1789957740|20260921102900|944.75
1789957800|20260921103000|945.26
1789957860|20260921103100|945.73
1789957920|20260921103200|944.81
1789957980|20260921103300|944.69
1789958040|20260921103400|944.84
1789958100|20260921103500|944.88
1789958160|20260921103600|944.85
1789958220|20260921103700|944.87
1789958280|20260921103800|945.11
1789958340|20260921103900|945.02
1789958400|20260921104000|944.91
1789958460|20260921104100|944.39
1789958520|20260921104200|944.69
1789958580|20260921104300|944.69
1789958640|20260921104400|945.23
1789958700|20260921104500|944.73
1789958760|20260921104600|944.90
1789958820|20260921104700|945.15
1789958880|20260921104800|945.02
1789958940|20260921104900|944.90
1789959000|20260921105000|945.09
1789959060|20260921105100|945.07
1789959120|20260921105200|944.73
1789959180|20260921105300|944.94
1789959240|20260921105400|944.85
1789959300|20260921105500|944.52
1789959360|20260921105600|944.49
1789959420|20260921105700|944.43
1789959480|20260921105800|944.42
1789959540|20260921105900|944.16
1789959600|20260921110000|944.16
1789959660|20260921110100|944.13
1789959720|20260921110200|943.73
1789959780|20260921110300|943.51
1789959840|20260921110400|944.18
1789959900|20260921110500|944.42
1789959960|20260921110600|944.38
1789960020|20260921110700|944.42
1789960080|20260921110800|943.60
1789960140|20260921110900|943.58
1789960200|20260921111000|943.58
1789960260|20260921111100|943.79
1789960320|20260921111200|943.69
1789960380|20260921111300|943.86
1789960440|20260921111400|943.95
1789960500|20260921111500|943.78
1789960560|20260921111600|943.81
1789960620|20260921111700|944.01
1789960680|20260921111800|943.66
1789960740|20260921111900|944.16
1789960800|20260921112000|944.10
1789960860|20260921112100|943.90
1789960920|20260921112200|943.74
1789960980|20260921112300|943.83
1789961040|20260921112400|943.76
1789961100|20260921112500|943.74
1789961160|20260921112600|943.84
1789961220|20260921112700|943.56
1789961280|20260921112800|943.34
1789961340|20260921112900|943.42
1789961400|20260921113000|943.54
1789961460|20260921113100|943.45
1789961520|20260921113200|943.57
1789961580|20260921113300|943.69
1789961640|20260921113400|943.89
1789961700|20260921113500|944.14
1789961760|20260921113600|944.02
1789961820|20260921113700|944.10
1789961880|20260921113800|944.10
1789961940|20260921113900|944.37
1789962000|20260921114000|944.09
1789962060|20260921114100|944.19
1789962120|20260921114200|944.30
1789962180|20260921114300|944.50
1789962240|20260921114400|944.62
1789962300|20260921114500|944.49
1789962360|20260921114600|944.53
1789962420|20260921114700|944.29
1789962480|20260921114800|944.40
1789962540|20260921114900|944.16
1789962600|20260921115000|943.98
1789962660|20260921115100|943.59
1789962720|20260921115200|943.70
1789962780|20260921115300|943.91
1789962840|20260921115400|943.45
1789962900|20260921115500|943.25
1789962960|20260921115600|943.15
1789963020|20260921115700|943.10
1789963080|20260921115800|943.09
1789963140|20260921115900|943.11
1789963200|20260921120000|943.19
1789963260|20260921120100|943.54
1789963320|20260921120200|943.65
1789963380|20260921120300|943.60
1789963440|20260921120400|943.37
1789963500|20260921120500|943.11
1789963560|20260921120600|943.12
1789963620|20260921120700|942.98
1789963680|20260921120800|942.65
1789963740|20260921120900|942.96
1789963800|20260921121000|942.94
1789963860|20260921121100|942.93
1789963920|20260921121200|943.01
1789963980|20260921121300|943.31
1789964040|20260921121400|943.37
1789964100|20260921121500|943.28
1789964160|20260921121600|943.17
1789964220|20260921121700|943.64
1789964280|20260921121800|943.46
1789964340|20260921121900|943.77
1789964400|20260921122000|943.99
1789964460|20260921122100|944.01
1789964520|20260921122200|944.00
1789964580|20260921122300|943.94
1789964640|20260921122400|943.85
1789964700|20260921122500|943.78
1789964760|20260921122600|943.82
1789964820|20260921122700|943.84
1789964880|20260921122800|943.96
1789964940|20260921122900|943.56
1789965000|20260921123000|943.54
1789965060|20260921123100|943.07
1789965120|20260921123200|943.29
1789965180|20260921123300|943.29
1789965240|20260921123400|943.29
1789965300|20260921123500|943.64
1789965360|20260921123600|943.85
1789965420|20260921123700|943.65
1789965480|20260921123800|943.62
1789965540|20260921123900|943.58
1789965600|20260921124000|943.52
1789965660|20260921124100|943.61
1789965720|20260921124200|943.58
1789965780|20260921124300|943.58
1789965840|20260921124400|943.86
1789965900|20260921124500|943.58
1789965960|20260921124600|943.67
1789966020|20260921124700|943.65
1789966080|20260921124800|943.56
1789966140|20260921124900|943.67
1789966200|20260921125000|943.47
1789966260|20260921125100|943.30
1789966320|20260921125200|943.32
1789966380|20260921125300|943.22
1789966440|20260921125400|943.06
1789966500|20260921125500|942.82
1789966560|20260921125600|942.82
1789966620|20260921125700|943.08
1789966680|20260921125800|942.76
1789966740|20260921125900|942.34
1789966800|20260921130000|942.50
1789966860|20260921130100|942.38
1789966920|20260921130200|942.80
1789966980|20260921130300|942.87
1789967040|20260921130400|942.57
1789967100|20260921130500|942.55
1789967160|20260921130600|942.47
1789967220|20260921130700|942.49
1789967280|20260921130800|942.39
1789967340|20260921130900|942.44
1789967400|20260921131000|942.36
1789967460|20260921131100|942.23
1789967520|20260921131200|942.43
1789967580|20260921131300|942.50
1789967640|20260921131400|942.47
1789967700|20260921131500|942.61
1789967760|20260921131600|942.34
1789967820|20260921131700|942.16
1789967880|20260921131800|942.16
1789967940|20260921131900|942.29
1789968000|20260921132000|942.27
1789968060|20260921132100|942.88
1789968120|20260921132200|942.87
1789968180|20260921132300|943.13
1789968240|20260921132400|943.41
1789968300|20260921132500|943.31
1789968360|20260921132600|943.13
1789968420|20260921132700|943.36
1789968480|20260921132800|943.07
1789968540|20260921132900|942.88
1789968600|20260921133000|942.64
1789968660|20260921133100|943.66
1789968720|20260921133200|943.68
1789968780|20260921133300|942.67
1789968840|20260921133400|942.73
1789968900|20260921133500|942.40
1789968960|20260921133600|942.07
1789969020|20260921133700|942.43
1789969080|20260921133800|942.48
1789969140|20260921133900|942.70
1789969200|20260921134000|942.57
1789969260|20260921134100|942.68
1789969320|20260921134200|942.25
1789969380|20260921134300|942.14
1789969440|20260921134400|942.27
1789969500|20260921134500|942.18
1789969560|20260921134600|941.69
1789969620|20260921134700|941.71
1789969680|20260921134800|941.69
1789969740|20260921134900|941.55
1789969800|20260921135000|941.28
1789969860|20260921135100|941.63
1789969920|20260921135200|941.37
1789969980|20260921135300|941.84
1789970040|20260921135400|942.24
1789970100|20260921135500|941.90
1789970160|20260921135600|941.95
1789970220|20260921135700|941.92
1789970280|20260921135800|942.01
1789970340|20260921135900|941.96
1789970400|20260921140000|941.40
1789970460|20260921140100|941.70
1789970520|20260921140200|941.78
1789970580|20260921140300|941.59
1789970640|20260921140400|941.61
1789970700|20260921140500|941.51
1789970760|20260921140600|941.93
1789970820|20260921140700|942.00
1789970880|20260921140800|941.84
1789970940|20260921140900|941.80
1789971000|20260921141000|941.83
1789971060|20260921141100|941.95
1789971120|20260921141200|941.95
1789971180|20260921141300|941.53
1789971240|20260921141400|941.62
1789971300|20260921141500|941.60
1789971360|20260921141600|941.59
1789971420|20260921141700|941.66
1789971480|20260921141800|941.27
1789971540|20260921141900|941.35
1789971600|20260921142000|940.83
1789971660|20260921142100|941.11
1789971720|20260921142200|940.96
1789971780|20260921142300|940.74
1789971840|20260921142400|940.74
1789971900|20260921142500|940.49
1789971960|20260921142600|940.56
1789972020|20260921142700|940.34
1789972080|20260921142800|940.66
1789972140|20260921142900|940.52
1789972200|20260921143000|940.42
1789972260|20260921143100|940.45
1789972320|20260921143200|940.69
1789972380|20260921143300|940.66
1789972440|20260921143400|940.73
1789972500|20260921143500|940.86
1789972560|20260921143600|940.81
1789972620|20260921143700|941.09
1789972680|20260921143800|941.08
1789972740|20260921143900|941.11
1789972800|20260921144000|941.19
1789972860|20260921144100|941.70
1789972920|20260921144200|941.54
1789972980|20260921144300|941.29
1789973040|20260921144400|941.32
1789973100|20260921144500|941.42
1789973160|20260921144600|941.61
1789973220|20260921144700|941.68
1789973280|20260921144800|941.63
1789973340|20260921144900|941.79
1789973400|20260921145000|941.88
1789973460|20260921145100|941.28
1789973520|20260921145200|941.32
1789973580|20260921145300|941.46
1789973640|20260921145400|941.38
1789973700|20260921145500|941.27
1789973760|20260921145600|941.37
1789973820|20260921145700|941.50
1789973880|20260921145800|941.43
1789973940|20260921145900|941.48
1789974000|20260921150000|941.49
1789974060|20260921150100|940.72
1789974120|20260921150200|940.42
1789974180|20260921150300|940.77
1789974240|20260921150400|941.81
1789974300|20260921150500|941.77
1789974360|20260921150600|941.67
1789974420|20260921150700|941.61
1789974480|20260921150800|941.69
1789974540|20260921150900|941.37
1789974600|20260921151000|941.61
1789974660|20260921151100|941.52
1789974720|20260921151200|941.11
1789974780|20260921151300|940.63
1789974840|20260921151400|941.01
1789974900|20260921151500|941.62
1789974960|20260921151600|941.25
1789975020|20260921151700|941.61
1789975080|20260921151800|941.42
1789975140|20260921151900|941.67
1789975200|20260921152000|941.63
1789975260|20260921152100|941.60
1789975320|20260921152200|941.27
1789975380|20260921152300|941.27
1789975440|20260921152400|941.24
1789975500|20260921152500|941.31
1789975560|20260921152600|941.03
1789975620|20260921152700|940.44
1789975680|20260921152800|940.78
1789975740|20260921152900|941.04
1789975800|20260921153000|940.96
1789975860|20260921153100|940.89
1789975920|20260921153200|941.26
1789975980|20260921153300|940.99
1789976040|20260921153400|941.48
1789976100|20260921153500|941.53
1789976160|20260921153600|941.56
1789976220|20260921153700|941.48
1789976280|20260921153800|941.91
1789976340|20260921153900|941.35
1789976400|20260921154000|941.03
1789976460|20260921154100|940.45
1789976520|20260921154200|940.35
1789976580|20260921154300|940.34
1789976640|20260921154400|939.51
1789976700|20260921154500|940.43
1789976760|20260921154600|941.01
1789976820|20260921154700|940.35
1789976880|20260921154800|940.43
1789976940|20260921154900|940.72
1789977000|20260921155000|940.34
1789977060|20260921155100|940.56
1789977120|20260921155200|940.73
1789977180|20260921155300|940.84
1789977240|20260921155400|940.43
1789977300|20260921155500|940.69
1789977360|20260921155600|940.70
1789977420|20260921155700|940.63
1789977480|20260921155800|940.21
1789977540|20260921155900|940.00
1789977600|20260921160000|939.87
1789977660|20260921160100|939.96
1789977720|20260921160200|940.32
1789977780|20260921160300|940.26
1789977840|20260921160400|940.27
1789977900|20260921160500|940.77
1789977960|20260921160600|940.75
1789978020|20260921160700|941.27
1789978080|20260921160800|940.62
1789978140|20260921160900|940.96
1789978200|20260921161000|940.43
1789978260|20260921161100|940.77
1789978320|20260921161200|941.36
1789978380|20260921161300|941.54
1789978440|20260921161400|941.13
1789978500|20260921161500|941.16
1789978560|20260921161600|941.16
1789978620|20260921161700|941.73
1789978680|20260921161800|941.72
1789978740|20260921161900|941.69
1789978800|20260921162000|941.86
1789978860|20260921162100|941.64
1789978920|20260921162200|941.70
1789978980|20260921162300|941.77
1789979040|20260921162400|942.03
1789979100|20260921162500|942.07
1789979160|20260921162600|942.12
1789979220|20260921162700|941.92
1789979280|20260921162800|941.86
1789979340|20260921162900|941.91
1789979400|20260921163000|941.67
1789979460|20260921163100|941.80
1789979520|20260921163200|942.04
1789979580|20260921163300|942.02
1789979640|20260921163400|941.98
1789979700|20260921163500|941.97
1789979760|20260921163600|942.13
1789979820|20260921163700|942.14
1789979880|20260921163800|941.94
1789979940|20260921163900|942.07
1789980000|20260921164000|942.18
1789980060|20260921164100|941.88
1789980120|20260921164200|942.31
1789980180|20260921164300|942.28
1789980240|20260921164400|942.22
1789980300|20260921164500|942.58
1789980360|20260921164600|942.30
1789980420|20260921164700|942.21
1789980480|20260921164800|941.91
1789980540|20260921164900|942.22
1789980600|20260921165000|942.23
1789980660|20260921165100|941.85
1789980720|20260921165200|941.98
1789980780|20260921165300|941.84
1789980840|20260921165400|941.74
1789980900|20260921165500|941.26
1789980960|20260921165600|941.37
1789981020|20260921165700|941.25
1789981080|20260921165800|941.55
1789981140|20260921165900|941.62
1789981200|20260921170000|941.68
1789981260|20260921170100|941.67
1789981320|20260921170200|941.40
1789981380|20260921170300|941.35
1789981440|20260921170400|941.62
1789981500|20260921170500|941.05
1789981560|20260921170600|941.22
1789981620|20260921170700|941.52
1789981680|20260921170800|941.59
1789981740|20260921170900|941.71
1789981800|20260921171000|941.65
1789981860|20260921171100|941.51
1789981920|20260921171200|941.68
1789981980|20260921171300|941.59
1789982040|20260921171400|941.77
1789982100|20260921171500|941.85
1789982160|20260921171600|941.92
1789982220|20260921171700|941.79
1789982280|20260921171800|941.80
1789982340|20260921171900|941.60
1789982400|20260921172000|941.38
1789982460|20260921172100|941.47
1789982520|20260921172200|941.72
1789982580|20260921172300|941.84
1789982640|20260921172400|941.52
1789982700|20260921172500|941.17
1789982760|20260921172600|940.91
1789982820|20260921172700|940.93
1789982880|20260921172800|940.99
1789982940|20260921172900|940.78
1789983000|20260921173000|940.28
1789983060|20260921173100|940.12
1789983120|20260921173200|939.78
1789983180|20260921173300|939.36
1789983240|20260921173400|939.51
1789983300|20260921173500|939.32
1789983360|20260921173600|939.08
1789983420|20260921173700|939.50
1789983480|20260921173800|939.52
1789983540|20260921173900|939.63
1789983600|20260921174000|939.76
1789983660|20260921174100|939.76
1789983720|20260921174200|939.98
1789983780|20260921174300|939.83
1789983840|20260921174400|939.93
1789983900|20260921174500|940.48
1789983960|20260921174600|940.54
1789984020|20260921174700|940.42
1789984080|20260921174800|940.25
1789984140|20260921174900|940.19
1789984200|20260921175000|939.68
1789984260|20260921175100|939.83
1789984320|20260921175200|940.10
1789984380|20260921175300|939.69
1789984440|20260921175400|939.95
1789984500|20260921175500|940.35
1789984560|20260921175600|940.21
1789984620|20260921175700|939.97
1789984680|20260921175800|939.83
1789984740|20260921175900|939.96
1789984800|20260921180000|940.10
1789984860|20260921180100|940.09
1789984920|20260921180200|940.27
1789984980|20260921180300|940.60
1789985040|20260921180400|940.66
1789985100|20260921180500|940.83
1789985160|20260921180600|940.71
1789985220|20260921180700|941.29
1789985280|20260921180800|941.17
1789985340|20260921180900|941.16
1789985400|20260921181000|941.07
1789985460|20260921181100|941.18
1789985520|20260921181200|941.37
1789985580|20260921181300|941.43
1789985640|20260921181400|941.48
1789985700|20260921181500|941.79
1789985760|20260921181600|942.28
1789985820|20260921181700|942.26
1789985880|20260921181800|942.09
1789985940|20260921181900|941.94
1789986000|20260921182000|941.58
1789986060|20260921182100|941.46
1789986120|20260921182200|941.41
1789986180|20260921182300|941.35
1789986240|20260921182400|941.28
1789986300|20260921182500|941.28
1789986360|20260921182600|941.26
1789986420|20260921182700|941.21
1789986480|20260921182800|941.25
1789986540|20260921182900|941.22
1789986600|20260921183000|941.15
1789986660|20260921183100|941.15
1789986720|20260921183200|941.24
1789986780|20260921183300|941.12
1789986840|20260921183400|941.12
1789986900|20260921183500|941.12
1789986960|20260921183600|940.85
1789987020|20260921183700|940.79
1789987080|20260921183800|940.58
1789987140|20260921183900|940.73
1789987200|20260921184000|940.65
1789987260|20260921184100|940.71
1789987320|20260921184200|940.62
1789987380|20260921184300|940.79
1789987440|20260921184400|940.74
1789987500|20260921184500|940.61
1789987560|20260921184600|940.62
1789987620|20260921184700|940.87
1789987680|20260921184800|940.90
1789987740|20260921184900|940.66
1789987800|20260921185000|940.57
1789987860|20260921185100|940.72
1789987920|20260921185200|940.64
1789987980|20260921185300|940.46
1789988040|20260921185400|940.45
1789988100|20260921185500|940.42
1789988160|20260921185600|940.40
1789988220|20260921185700|940.46
1789988280|20260921185800|940.32
1789988340|20260921185900|939.88
1789988400|20260921190000|939.36
1789988460|20260921190100|939.54
1789988520|20260921190200|939.61
1789988580|20260921190300|939.30
1789988640|20260921190400|939.72
1789988700|20260921190500|939.84
1789988760|20260921190600|939.99
1789988820|20260921190700|939.68
1789988880|20260921190800|939.65
1789988940|20260921190900|939.77
1789989000|20260921191000|940.07
1789989060|20260921191100|940.16
1789989120|20260921191200|940.05
1789989180|20260921191300|940.26
1789989240|20260921191400|940.34
1789989300|20260921191500|940.58
1789989360|20260921191600|941.19
1789989420|20260921191700|941.14
1789989480|20260921191800|941.48
1789989540|20260921191900|941.67
1789989600|20260921192000|942.06
1789989660|20260921192100|941.73
1789989720|20260921192200|941.90
1789989780|20260921192300|941.97
1789989840|20260921192400|941.68
1789989900|20260921192500|941.52
1789989960|20260921192600|941.51
1789990020|20260921192700|941.57
1789990080|20260921192800|941.63
1789990140|20260921192900|941.80
1789990200|20260921193000|941.77
1789990260|20260921193100|941.68
1789990320|20260921193200|942.38
1789990380|20260921193300|942.26
1789990440|20260921193400|942.28
1789990500|20260921193500|942.63
1789990560|20260921193600|943.03
1789990620|20260921193700|942.98
1789990680|20260921193800|943.19
1789990740|20260921193900|943.25
1789990800|20260921194000|943.31
1789990860|20260921194100|943.40
1789990920|20260921194200|943.63
1789990980|20260921194300|943.79
1789991040|20260921194400|943.91
1789991100|20260921194500|944.51
1789991160|20260921194600|944.33
1789991220|20260921194700|944.61
1789991280|20260921194800|944.42
1789991340|20260921194900|944.29
1789991400|20260921195000|944.63
1789991460|20260921195100|944.66
1789991520|20260921195200|944.58
1789991580|20260921195300|944.97
1789991640|20260921195400|944.89
1789991700|20260921195500|945.40
1789991760|20260921195600|945.39
1789991820|20260921195700|944.82
1789991880|20260921195800|944.68
1789991940|20260921195900|944.70
1789992000|20260921200000|944.86
1789992060|20260921200100|944.60
1789992120|20260921200200|943.86
1789992180|20260921200300|943.53
1789992240|20260921200400|944.16
1789992300|20260921200500|944.52
1789992360|20260921200600|945.61
1789992420|20260921200700|944.88
1789992480|20260921200800|944.61
1789992540|20260921200900|944.61
1789992600|20260921201000|944.30
1789992660|20260921201100|944.17
1789992720|20260921201200|944.41
1789992780|20260921201300|944.42
1789992840|20260921201400|944.41
1789992900|20260921201500|944.37
1789992960|20260921201600|944.45
1789993020|20260921201700|944.96
1789993080|20260921201800|944.47
1789993140|20260921201900|944.48
1789993200|20260921202000|944.56
1789993260|20260921202100|942.89
1789993320|20260921202200|942.58
1789993380|20260921202300|942.81
1789993440|20260921202400|942.30
1789993500|20260921202500|941.63
1789993560|20260921202600|941.93
1789993620|20260921202700|941.63
1789993680|20260921202800|940.90
1789993740|20260921202900|941.42
1789993800|20260921203000|942.57
1789993860|20260921203100|942.62
1789993920|20260921203200|942.71
1789993980|20260921203300|942.34
1789994040|20260921203400|943.11
1789994100|20260921203500|942.10
1789994160|20260921203600|941.92
1789994220|20260921203700|940.92
1789994280|20260921203800|942.61
1789994340|20260921203900|941.70
1789994400|20260921204000|942.14
1789994460|20260921204100|941.84
1789994520|20260921204200|942.38
1789994580|20260921204300|942.88
1789994640|20260921204400|942.68
1789994700|20260921204500|942.99
1789994760|20260921204600|942.83
1789994820|20260921204700|941.92
1789994880|20260921204800|942.24
1789994940|20260921204900|942.35
1789995000|20260921205000|942.26
1789995060|20260921205100|942.30
1789995120|20260921205200|942.24
1789995180|20260921205300|942.38
1789995240|20260921205400|942.21
1789995300|20260921205500|942.33
1789995360|20260921205600|941.69
1789995420|20260921205700|941.50
1789995480|20260921205800|942.11
1789995540|20260921205900|942.59
1789995600|20260921210000|942.74
1789995660|20260921210100|942.79
1789995720|20260921210200|942.49
1789995780|20260921210300|942.40
1789995840|20260921210400|942.31
1789995900|20260921210500|942.16
1789995960|20260921210600|942.50
1789996020|20260921210700|942.51
1789996080|20260921210800|942.74
1789996140|20260921210900|942.91
1789996200|20260921211000|943.20
1789996260|20260921211100|943.18
1789996320|20260921211200|943.24
1789996380|20260921211300|943.30
1789996440|20260921211400|943.38
1789996500|20260921211500|943.59
1789996560|20260921211600|943.34
1789996620|20260921211700|943.25
1789996680|20260921211800|943.38
1789996740|20260921211900|943.21
1789996800|20260921212000|943.31
1789996860|20260921212100|943.16
1789996920|20260921212200|943.31
1789996980|20260921212300|943.28
1789997040|20260921212400|943.54
1789997100|20260921212500|943.80
1789997160|20260921212600|943.95
1789997220|20260921212700|943.52
1789997280|20260921212800|943.81
1789997340|20260921212900|943.50
1789997400|20260921213000|943.71
1789997460|20260921213100|942.77
1789997520|20260921213200|943.13
1789997580|20260921213300|942.08
1789997640|20260921213400|941.45
1789997700|20260921213500|941.54
1789997760|20260921213600|941.64
1789997820|20260921213700|941.80
1789997880|20260921213800|941.94
1789997940|20260921213900|941.68
1789998000|20260921214000|941.73
1789998060|20260921214100|941.89
1789998120|20260921214200|941.44
1789998180|20260921214300|941.07
1789998240|20260921214400|941.18
1789998300|20260921214500|941.53
1789998360|20260921214600|941.27
1789998420|20260921214700|941.70
1789998480|20260921214800|941.50
1789998540|20260921214900|941.03
1789998600|20260921215000|942.04
1789998660|20260921215100|941.56
1789998720|20260921215200|941.53
1789998780|20260921215300|941.30
1789998840|20260921215400|941.14
1789998900|20260921215500|940.72
1789998960|20260921215600|940.65
1789999020|20260921215700|940.78
1789999080|20260921215800|940.91
1789999140|20260921215900|940.66
1789999200|20260921220000|940.40
1789999260|20260921220100|939.96
1789999320|20260921220200|939.89
1789999380|20260921220300|939.09
1789999440|20260921220400|936.46
1789999500|20260921220500|936.56
1789999560|20260921220600|935.85
1789999620|20260921220700|936.82
1789999680|20260921220800|937.92
1789999740|20260921220900|937.91
1789999800|20260921221000|938.39
1789999860|20260921221100|938.22
1789999920|20260921221200|938.45
1789999980|20260921221300|938.71
1790000040|20260921221400|938.86
1790000100|20260921221500|938.92
1790000160|20260921221600|938.52
1790000220|20260921221700|938.63
1790000280|20260921221800|938.44
1790000340|20260921221900|938.32
1790000400|20260921222000|938.53
