1787932800|20260829000000|983.65
1787932860|20260829000100|983.79
1787932920|20260829000200|982.64
1787932980|20260829000300|983.34
1787933040|20260829000400|982.80
1787933100|20260829000500|982.83
1787933160|20260829000600|980.97
1787933220|20260829000700|980.89
1787933280|20260829000800|981.61
1787933340|20260829000900|979.89
1787933400|20260829001000|980.06
1787933460|20260829001100|979.76
1787933520|20260829001200|980.59
1787933580|20260829001300|980.06
1787933640|20260829001400|979.37
1787933700|20260829001500|977.95
1787933760|20260829001600|978.46
1787933820|20260829001700|978.04
1787933880|20260829001800|977.63
1787933940|20260829001900|974.62
1787934000|20260829002000|974.84
1787934060|20260829002100|972.56
1787934120|20260829002200|970.96
1787934180|20260829002300|970.94
1787934240|20260829002400|973.06
1787934300|20260829002500|971.51
1787934360|20260829002600|971.34
1787934420|20260829002700|972.81
1787934480|20260829002800|973.72
1787934540|20260829002900|973.45
1787934600|20260829003000|973.83
1787934660|20260829003100|975.14
1787934720|20260829003200|974.84
1787934780|20260829003300|974.63
1787934840|20260829003400|973.10
1787934900|20260829003500|972.21
1787934960|20260829003600|973.68
1787935020|20260829003700|973.96
1787935080|20260829003800|974.18
1787935140|20260829003900|974.72
1787935200|20260829004000|975.05
1787935260|20260829004100|972.82
1787935320|20260829004200|972.32
1787935380|20260829004300|972.52
1787935440|20260829004400|972.32
1787935500|20260829004500|971.44
1787935560|20260829004600|973.23
1787935620|20260829004700|972.96
1787935680|20260829004800|973.11
1787935740|20260829004900|973.61
1787935800|20260829005000|974.12
1787935860|20260829005100|974.20
1787935920|20260829005200|974.59
1787935980|20260829005300|974.76
1787936040|20260829005400|974.65
1787936100|20260829005500|973.84
1787936160|20260829005600|973.66
1787936220|20260829005700|973.56
1787936280|20260829005800|974.37
1787936340|20260829005900|973.08
1787936400|20260829010000|973.21
1787936460|20260829010100|972.91
1787936520|20260829010200|972.96
1787936580|20260829010300|973.81
1787936640|20260829010400|973.31
1787936700|20260829010500|973.38
1787936760|20260829010600|973.38
1787936820|20260829010700|973.39
1787936880|20260829010800|973.45
1787936940|20260829010900|974.49
1787937000|20260829011000|974.11
1787937060|20260829011100|973.45
1787937120|20260829011200|972.79
1787937180|20260829011300|973.07
1787937240|20260829011400|973.09
1787937300|20260829011500|973.47
1787937360|20260829011600|973.63
1787937420|20260829011700|973.01
1787937480|20260829011800|973.66
1787937540|20260829011900|973.08
1787937600|20260829012000|973.68
1787937660|20260829012100|973.61
1787937720|20260829012200|974.00
1787937780|20260829012300|974.23
1787937840|20260829012400|974.52
1787937900|20260829012500|974.52
1787937960|20260829012600|974.00
1787938020|20260829012700|974.09
1787938080|20260829012800|973.08
1787938140|20260829012900|973.68
1787938200|20260829013000|973.29
1787938260|20260829013100|973.38
1787938320|20260829013200|973.38
1787938380|20260829013300|973.06
1787938440|20260829013400|973.52
1787938500|20260829013500|973.53
1787938560|20260829013600|973.55
1787938620|20260829013700|973.61
1787938680|20260829013800|973.28
1787938740|20260829013900|973.52
1787938800|20260829014000|972.69
1787938860|20260829014100|972.63
1787938920|20260829014200|971.58
1787938980|20260829014300|970.28
1787939040|20260829014400|970.43
1787939100|20260829014500|971.22
1787939160|20260829014600|971.82
1787939220|20260829014700|972.11
1787939280|20260829014800|972.22
1787939340|20260829014900|972.21
1787939400|20260829015000|972.33
1787939460|20260829015100|972.44
1787939520|20260829015200|972.09
1787939580|20260829015300|972.19
1787939640|20260829015400|971.92
1787939700|20260829015500|971.82
1787939760|20260829015600|971.79
1787939820|20260829015700|970.84
1787939880|20260829015800|970.93
1787939940|20260829015900|971.32
1788138600|20260831091000|963.38
1788138660|20260831091100|963.29
1788138720|20260831091200|963.26
1788138780|20260831091300|964.35
1788138840|20260831091400|964.22
1788138900|20260831091500|965.22
1788138960|20260831091600|965.01
1788139020|20260831091700|964.96
1788139080|20260831091800|965.95
1788139140|20260831091900|966.02
1788139200|20260831092000|966.46
1788139260|20260831092100|965.78
1788139320|20260831092200|965.71
1788139380|20260831092300|965.99
1788139440|20260831092400|965.42
1788139500|20260831092500|965.65
1788139560|20260831092600|965.03
1788139620|20260831092700|964.53
1788139680|20260831092800|964.97
1788139740|20260831092900|964.51
1788139800|20260831093000|964.54
1788139860|20260831093100|965.15
1788139920|20260831093200|965.29
1788139980|20260831093300|964.21
1788140040|20260831093400|963.19
1788140100|20260831093500|963.44
1788140160|20260831093600|963.44
1788140220|20260831093700|963.72
1788140280|20260831093800|964.21
1788140340|20260831093900|964.96
1788140400|20260831094000|965.19
1788140460|20260831094100|964.77
1788140520|20260831094200|965.39
1788140580|20260831094300|965.83
1788140640|20260831094400|965.89
1788140700|20260831094500|965.56
1788140760|20260831094600|965.99
1788140820|20260831094700|965.54
1788140880|20260831094800|964.49
1788140940|20260831094900|963.21
1788141000|20260831095000|962.65
1788141060|20260831095100|963.06
1788141120|20260831095200|962.99
1788141180|20260831095300|963.25
1788141240|20260831095400|963.54
1788141300|20260831095500|963.91
1788141360|20260831095600|964.03
1788141420|20260831095700|963.67
1788141480|20260831095800|963.37
1788141540|20260831095900|963.21
1788141600|20260831100000|962.92
1788141660|20260831100100|961.41
1788141720|20260831100200|961.46
1788141780|20260831100300|960.59
1788141840|20260831100400|959.42
1788141900|20260831100500|959.79
1788141960|20260831100600|960.05
1788142020|20260831100700|960.01
1788142080|20260831100800|960.28
1788142140|20260831100900|961.22
1788142200|20260831101000|960.24
1788142260|20260831101100|960.69
1788142320|20260831101200|960.29
1788142380|20260831101300|959.74
1788142440|20260831101400|959.19
1788142500|20260831101500|959.63
1788142560|20260831101600|959.59
1788142620|20260831101700|959.36
1788142680|20260831101800|959.78
1788142740|20260831101900|959.64
1788142800|20260831102000|959.14
1788142860|20260831102100|959.42
1788142920|20260831102200|959.54
1788142980|20260831102300|959.61
1788143040|20260831102400|959.70
1788143100|20260831102500|959.79
1788143160|20260831102600|959.75
1788143220|20260831102700|959.55
1788143280|20260831102800|960.12
1788143340|20260831102900|960.07
1788143400|20260831103000|959.60
1788143460|20260831103100|958.95
1788143520|20260831103200|958.90
1788143580|20260831103300|958.28
1788143640|20260831103400|956.47
1788143700|20260831103500|956.72
1788143760|20260831103600|955.72
1788143820|20260831103700|956.32
1788143880|20260831103800|956.43
1788143940|20260831103900|956.45
1788144000|20260831104000|955.99
1788144060|20260831104100|955.07
1788144120|20260831104200|954.82
1788144180|20260831104300|955.28
1788144240|20260831104400|955.49
1788144300|20260831104500|954.84
1788144360|20260831104600|955.47
1788144420|20260831104700|955.61
1788144480|20260831104800|955.14
1788144540|20260831104900|954.43
1788144600|20260831105000|954.52
1788144660|20260831105100|954.97
1788144720|20260831105200|956.77
1788144780|20260831105300|957.05
1788144840|20260831105400|957.25
1788144900|20260831105500|957.71
1788144960|20260831105600|957.82
1788145020|20260831105700|957.81
1788145080|20260831105800|958.63
1788145140|20260831105900|958.47
1788145200|20260831110000|958.96
1788145260|20260831110100|958.94
1788145320|20260831110200|959.25
1788145380|20260831110300|959.65
1788145440|20260831110400|959.67
1788145500|20260831110500|958.81
1788145560|20260831110600|958.98
1788145620|20260831110700|959.71
1788145680|20260831110800|959.19
1788145740|20260831110900|959.73
1788145800|20260831111000|959.66
1788145860|20260831111100|959.54
1788145920|20260831111200|959.51
1788145980|20260831111300|959.59
1788146040|20260831111400|959.64
1788146100|20260831111500|960.12
1788146160|20260831111600|960.15
1788146220|20260831111700|960.31
1788146280|20260831111800|960.63
1788146340|20260831111900|960.91
1788146400|20260831112000|960.15
1788146460|20260831112100|960.36
1788146520|20260831112200|960.32
1788146580|20260831112300|961.17
1788146640|20260831112400|960.80
1788146700|20260831112500|960.96
1788146760|20260831112600|960.93
1788146820|20260831112700|960.56
1788146880|20260831112800|959.94
1788146940|20260831112900|960.48
1788147000|20260831113000|960.37
1788147060|20260831113100|959.44
1788147120|20260831113200|959.87
1788147180|20260831113300|959.42
1788147240|20260831113400|959.34
1788147300|20260831113500|959.34
1788147360|20260831113600|959.19
1788147420|20260831113700|959.14
1788147480|20260831113800|959.10
1788147540|20260831113900|958.77
1788147600|20260831114000|959.07
1788147660|20260831114100|958.75
1788147720|20260831114200|959.06
1788147780|20260831114300|959.11
1788147840|20260831114400|959.15
1788147900|20260831114500|959.26
1788147960|20260831114600|959.24
1788148020|20260831114700|959.16
1788148080|20260831114800|959.27
1788148140|20260831114900|959.38
1788148200|20260831115000|959.47
1788148260|20260831115100|959.58
1788148320|20260831115200|959.64
1788148380|20260831115300|959.72
1788148440|20260831115400|959.72
1788148500|20260831115500|959.81
1788148560|20260831115600|959.55
1788148620|20260831115700|959.36
1788148680|20260831115800|959.09
1788148740|20260831115900|959.04
1788148800|20260831120000|958.77
1788148860|20260831120100|958.34
1788148920|20260831120200|958.11
1788148980|20260831120300|958.41
1788149040|20260831120400|958.20
1788149100|20260831120500|957.64
1788149160|20260831120600|957.57
1788149220|20260831120700|957.70
1788149280|20260831120800|957.77
1788149340|20260831120900|957.77
1788149400|20260831121000|957.86
1788149460|20260831121100|957.68
1788149520|20260831121200|957.64
1788149580|20260831121300|957.97
1788149640|20260831121400|958.32
1788149700|20260831121500|958.32
1788149760|20260831121600|958.32
1788149820|20260831121700|958.18
1788149880|20260831121800|957.94
1788149940|20260831121900|957.84
1788150000|20260831122000|957.84
1788150060|20260831122100|957.93
1788150120|20260831122200|957.87
1788150180|20260831122300|957.87
1788150240|20260831122400|957.85
1788150300|20260831122500|957.62
1788150360|20260831122600|957.92
1788150420|20260831122700|958.14
1788150480|20260831122800|957.73
1788150540|20260831122900|957.48
1788150600|20260831123000|957.46
1788150660|20260831123100|957.42
1788150720|20260831123200|957.25
1788150780|20260831123300|957.22
1788150840|20260831123400|957.01
1788150900|20260831123500|957.28
1788150960|20260831123600|957.38
1788151020|20260831123700|957.74
1788151080|20260831123800|958.57
1788151140|20260831123900|958.67
1788151200|20260831124000|958.52
1788151260|20260831124100|958.17
1788151320|20260831124200|957.87
1788151380|20260831124300|957.83
1788151440|20260831124400|958.15
1788151500|20260831124500|958.02
1788151560|20260831124600|958.22
1788151620|20260831124700|958.46
1788151680|20260831124800|958.42
1788151740|20260831124900|958.42
1788151800|20260831125000|958.10
1788151860|20260831125100|958.20
1788151920|20260831125200|958.29
1788151980|20260831125300|958.42
1788152040|20260831125400|958.38
1788152100|20260831125500|958.42
1788152160|20260831125600|958.36
1788152220|20260831125700|958.52
1788152280|20260831125800|958.91
1788152340|20260831125900|958.89
1788152400|20260831130000|959.01
1788152460|20260831130100|958.76
1788152520|20260831130200|959.30
1788152580|20260831130300|959.64
1788152640|20260831130400|959.42
1788152700|20260831130500|959.13
1788152760|20260831130600|959.09
1788152820|20260831130700|959.11
1788152880|20260831130800|958.76
1788152940|20260831130900|958.81
1788153000|20260831131000|958.54
1788153060|20260831131100|958.38
1788153120|20260831131200|958.59
1788153180|20260831131300|959.07
1788153240|20260831131400|959.56
1788153300|20260831131500|959.36
1788153360|20260831131600|959.23
1788153420|20260831131700|959.47
1788153480|20260831131800|959.46
1788153540|20260831131900|959.81
1788153600|20260831132000|960.07
1788153660|20260831132100|960.80
1788153720|20260831132200|960.17
1788153780|20260831132300|960.56
1788153840|20260831132400|961.02
1788153900|20260831132500|961.30
1788153960|20260831132600|961.39
1788154020|20260831132700|961.60
1788154080|20260831132800|962.37
1788154140|20260831132900|962.55
1788154200|20260831133000|963.11
1788154260|20260831133100|961.83
1788154320|20260831133200|961.31
1788154380|20260831133300|961.18
1788154440|20260831133400|961.12
1788154500|20260831133500|961.36
1788154560|20260831133600|961.32
1788154620|20260831133700|961.23
1788154680|20260831133800|961.58
1788154740|20260831133900|962.11
1788154800|20260831134000|961.41
1788154860|20260831134100|961.49
1788154920|20260831134200|961.88
1788154980|20260831134300|962.19
1788155040|20260831134400|962.33
1788155100|20260831134500|962.09
1788155160|20260831134600|961.94
1788155220|20260831134700|962.02
1788155280|20260831134800|962.67
1788155340|20260831134900|962.44
1788155400|20260831135000|961.71
1788155460|20260831135100|961.91
1788155520|20260831135200|961.87
1788155580|20260831135300|962.46
1788155640|20260831135400|962.32
1788155700|20260831135500|962.23
1788155760|20260831135600|962.03
1788155820|20260831135700|962.43
1788155880|20260831135800|963.06
1788155940|20260831135900|963.31
1788156000|20260831140000|963.21
1788156060|20260831140100|962.28
1788156120|20260831140200|961.89
1788156180|20260831140300|961.69
1788156240|20260831140400|961.45
1788156300|20260831140500|961.31
1788156360|20260831140600|961.10
1788156420|20260831140700|960.83
1788156480|20260831140800|960.53
1788156540|20260831140900|960.83
1788156600|20260831141000|960.95
1788156660|20260831141100|961.49
1788156720|20260831141200|961.45
1788156780|20260831141300|961.29
1788156840|20260831141400|961.40
1788156900|20260831141500|961.17
1788156960|20260831141600|961.14
1788157020|20260831141700|961.23
1788157080|20260831141800|961.46
1788157140|20260831141900|961.54
1788157200|20260831142000|961.95
1788157260|20260831142100|962.07
1788157320|20260831142200|962.27
1788157380|20260831142300|961.59
1788157440|20260831142400|961.87
1788157500|20260831142500|962.11
1788157560|20260831142600|961.60
1788157620|20260831142700|961.89
1788157680|20260831142800|961.81
1788157740|20260831142900|961.78
1788157800|20260831143000|961.70
1788157860|20260831143100|961.07
1788157920|20260831143200|960.74
1788157980|20260831143300|960.98
1788158040|20260831143400|961.46
1788158100|20260831143500|961.26
1788158160|20260831143600|961.42
1788158220|20260831143700|961.70
1788158280|20260831143800|961.77
1788158340|20260831143900|962.00
1788158400|20260831144000|962.48
1788158460|20260831144100|962.43
1788158520|20260831144200|962.59
1788158580|20260831144300|962.35
1788158640|20260831144400|962.50
1788158700|20260831144500|962.32
1788158760|20260831144600|962.87
1788158820|20260831144700|963.01
1788158880|20260831144800|962.98
1788158940|20260831144900|962.86
1788159000|20260831145000|962.95
1788159060|20260831145100|962.58
1788159120|20260831145200|962.15
1788159180|20260831145300|962.59
1788159240|20260831145400|962.48
1788159300|20260831145500|962.57
1788159360|20260831145600|962.32
1788159420|20260831145700|962.35
1788159480|20260831145800|962.39
1788159540|20260831145900|962.57
1788159600|20260831150000|962.67
1788159660|20260831150100|962.71
1788159720|20260831150200|962.40
1788159780|20260831150300|962.38
1788159840|20260831150400|962.45
1788159900|20260831150500|962.49
1788159960|20260831150600|962.48
1788160020|20260831150700|962.62
1788160080|20260831150800|962.31
1788160140|20260831150900|962.24
1788160200|20260831151000|962.11
1788160260|20260831151100|962.16
1788160320|20260831151200|962.57
1788160380|20260831151300|962.46
1788160440|20260831151400|961.95
1788160500|20260831151500|961.93
1788160560|20260831151600|961.84
1788160620|20260831151700|961.81
1788160680|20260831151800|961.81
1788160740|20260831151900|962.21
1788160800|20260831152000|961.97
1788160860|20260831152100|962.50
1788160920|20260831152200|963.01
1788160980|20260831152300|962.81
1788161040|20260831152400|963.16
1788161100|20260831152500|963.70
1788161160|20260831152600|963.25
1788161220|20260831152700|963.55
1788161280|20260831152800|964.07
1788161340|20260831152900|964.02
1788161400|20260831153000|963.66
1788161460|20260831153100|963.47
1788161520|20260831153200|963.40
1788161580|20260831153300|963.70
1788161640|20260831153400|963.05
1788161700|20260831153500|963.38
1788161760|20260831153600|963.35
1788161820|20260831153700|962.99
1788161880|20260831153800|963.34
1788161940|20260831153900|962.94
1788162000|20260831154000|963.17
1788162060|20260831154100|963.17
1788162120|20260831154200|963.25
1788162180|20260831154300|963.53
1788162240|20260831154400|963.81
1788162300|20260831154500|963.88
1788162360|20260831154600|964.04
1788162420|20260831154700|963.97
1788162480|20260831154800|964.04
1788162540|20260831154900|963.66
1788162600|20260831155000|963.44
1788162660|20260831155100|962.96
1788162720|20260831155200|963.09
1788162780|20260831155300|963.01
1788162840|20260831155400|963.20
1788162900|20260831155500|963.35
1788162960|20260831155600|963.39
1788163020|20260831155700|963.43
1788163080|20260831155800|963.08
1788163140|20260831155900|962.72
1788163200|20260831160000|963.23
1788163260|20260831160100|964.03
1788163320|20260831160200|964.07
1788163380|20260831160300|964.36
1788163440|20260831160400|964.42
1788163500|20260831160500|964.29
1788163560|20260831160600|964.10
1788163620|20260831160700|963.37
1788163680|20260831160800|963.13
1788163740|20260831160900|963.27
1788163800|20260831161000|963.06
1788163860|20260831161100|962.99
1788163920|20260831161200|962.59
1788163980|20260831161300|962.33
1788164040|20260831161400|962.07
1788164100|20260831161500|962.18
1788164160|20260831161600|961.73
1788164220|20260831161700|961.94
1788164280|20260831161800|962.16
1788164340|20260831161900|962.32
1788164400|20260831162000|962.40
1788164460|20260831162100|962.24
1788164520|20260831162200|962.04
1788164580|20260831162300|962.24
1788164640|20260831162400|962.31
1788164700|20260831162500|961.97
1788164760|20260831162600|962.16
1788164820|20260831162700|962.57
1788164880|20260831162800|962.26
1788164940|20260831162900|962.59
1788165000|20260831163000|962.60
1788165060|20260831163100|962.25
1788165120|20260831163200|962.16
1788165180|20260831163300|962.01
1788165240|20260831163400|961.67
1788165300|20260831163500|961.60
1788165360|20260831163600|961.57
1788165420|20260831163700|961.75
1788165480|20260831163800|961.91
1788165540|20260831163900|961.85
1788165600|20260831164000|961.75
1788165660|20260831164100|961.61
1788165720|20260831164200|961.36
1788165780|20260831164300|961.49
1788165840|20260831164400|961.58
1788165900|20260831164500|961.47
1788165960|20260831164600|961.34
1788166020|20260831164700|961.33
1788166080|20260831164800|961.57
1788166140|20260831164900|961.63
1788166200|20260831165000|961.67
1788166260|20260831165100|961.28
1788166320|20260831165200|961.42
1788166380|20260831165300|961.36
1788166440|20260831165400|961.35
1788166500|20260831165500|961.17
1788166560|20260831165600|961.48
1788166620|20260831165700|961.33
1788166680|20260831165800|961.47
1788166740|20260831165900|961.50
1788166800|20260831170000|961.53
1788166860|20260831170100|962.10
1788166920|20260831170200|962.05
1788166980|20260831170300|962.03
1788167040|20260831170400|962.12
1788167100|20260831170500|962.18
1788167160|20260831170600|962.67
1788167220|20260831170700|962.24
1788167280|20260831170800|962.42
1788167340|20260831170900|962.21
1788167400|20260831171000|961.72
1788167460|20260831171100|962.19
1788167520|20260831171200|962.24
1788167580|20260831171300|962.86
1788167640|20260831171400|963.01
1788167700|20260831171500|963.07
1788167760|20260831171600|963.17
1788167820|20260831171700|963.33
1788167880|20260831171800|963.01
1788167940|20260831171900|962.78
1788168000|20260831172000|962.69
1788168060|20260831172100|962.68
1788168120|20260831172200|962.59
1788168180|20260831172300|962.56
1788168240|20260831172400|962.24
1788168300|20260831172500|962.36
1788168360|20260831172600|962.19
1788168420|20260831172700|962.20
1788168480|20260831172800|962.16
1788168540|20260831172900|962.20
1788168600|20260831173000|962.31
1788168660|20260831173100|962.82
1788168720|20260831173200|962.77
1788168780|20260831173300|962.95
1788168840|20260831173400|962.90
1788168900|20260831173500|963.38
1788168960|20260831173600|963.13
1788169020|20260831173700|962.94
1788169080|20260831173800|963.08
1788169140|20260831173900|962.90
1788169200|20260831174000|962.79
1788169260|20260831174100|962.73
1788169320|20260831174200|962.91
1788169380|20260831174300|963.04
1788169440|20260831174400|963.09
1788169500|20260831174500|963.10
1788169560|20260831174600|963.20
1788169620|20260831174700|963.22
1788169680|20260831174800|963.16
1788169740|20260831174900|963.18
1788169800|20260831175000|963.07
1788169860|20260831175100|962.75
1788169920|20260831175200|963.24
1788169980|20260831175300|963.06
1788170040|20260831175400|962.94
1788170100|20260831175500|963.25
1788170160|20260831175600|963.27
1788170220|20260831175700|963.17
1788170280|20260831175800|963.13
1788170340|20260831175900|963.52
1788170400|20260831180000|963.58
1788170460|20260831180100|963.70
1788170520|20260831180200|963.65
1788170580|20260831180300|963.69
1788170640|20260831180400|963.68
1788170700|20260831180500|964.08
1788170760|20260831180600|964.08
1788170820|20260831180700|964.65
1788170880|20260831180800|965.20
1788170940|20260831180900|964.85
1788171000|20260831181000|964.22
1788171060|20260831181100|964.31
1788171120|20260831181200|964.03
1788171180|20260831181300|964.18
1788171240|20260831181400|964.61
1788171300|20260831181500|964.94
1788171360|20260831181600|964.93
1788171420|20260831181700|964.28
1788171480|20260831181800|964.13
1788171540|20260831181900|963.98
1788171600|20260831182000|964.22
1788171660|20260831182100|964.46
1788171720|20260831182200|964.36
1788171780|20260831182300|964.29
1788171840|20260831182400|964.45
1788171900|20260831182500|964.04
1788171960|20260831182600|963.99
1788172020|20260831182700|964.18
1788172080|20260831182800|964.02
1788172140|20260831182900|964.19
1788172200|20260831183000|964.24
1788172260|20260831183100|964.20
1788172320|20260831183200|964.60
1788172380|20260831183300|964.38
1788172440|20260831183400|964.31
1788172500|20260831183500|964.29
1788172560|20260831183600|964.18
1788172620|20260831183700|964.59
1788172680|20260831183800|964.53
1788172740|20260831183900|964.77
1788172800|20260831184000|964.62
1788172860|20260831184100|964.62
1788172920|20260831184200|964.56
1788172980|20260831184300|964.65
1788173040|20260831184400|964.63
1788173100|20260831184500|964.80
1788173160|20260831184600|964.61
1788173220|20260831184700|964.61
1788173280|20260831184800|964.81
1788173340|20260831184900|964.80
1788173400|20260831185000|964.77
1788173460|20260831185100|964.99
1788173520|20260831185200|965.40
1788173580|20260831185300|965.52
1788173640|20260831185400|965.48
1788173700|20260831185500|965.37
1788173760|20260831185600|965.75
1788173820|20260831185700|965.58
1788173880|20260831185800|965.73
1788173940|20260831185900|965.57
1788174000|20260831190000|965.43
1788174060|20260831190100|965.68
1788174120|20260831190200|965.94
1788174180|20260831190300|965.80
1788174240|20260831190400|965.84
1788174300|20260831190500|965.92
1788174360|20260831190600|965.39
1788174420|20260831190700|965.63
1788174480|20260831190800|966.05
1788174540|20260831190900|965.97
1788174600|20260831191000|966.06
1788174660|20260831191100|966.01
1788174720|20260831191200|966.05
1788174780|20260831191300|965.90
1788174840|20260831191400|965.65
1788174900|20260831191500|965.41
1788174960|20260831191600|965.25
1788175020|20260831191700|965.46
1788175080|20260831191800|965.55
1788175140|20260831191900|965.87
1788175200|20260831192000|966.00
1788175260|20260831192100|966.11
1788175320|20260831192200|966.06
1788175380|20260831192300|966.26
1788175440|20260831192400|966.17
1788175500|20260831192500|966.33
1788175560|20260831192600|966.83
1788175620|20260831192700|966.77
1788175680|20260831192800|966.96
1788175740|20260831192900|967.57
1788175800|20260831193000|967.45
1788175860|20260831193100|967.28
1788175920|20260831193200|967.08
1788175980|20260831193300|967.14
1788176040|20260831193400|966.76
1788176100|20260831193500|966.47
1788176160|20260831193600|966.28
1788176220|20260831193700|966.49
1788176280|20260831193800|966.23
1788176340|20260831193900|965.88
1788176400|20260831194000|965.89
1788176460|20260831194100|966.11
1788176520|20260831194200|965.83
1788176580|20260831194300|965.49
1788176640|20260831194400|965.76
1788176700|20260831194500|965.62
1788176760|20260831194600|965.36
1788176820|20260831194700|965.42
1788176880|20260831194800|965.37
1788176940|20260831194900|965.52
1788177000|20260831195000|965.31
1788177060|20260831195100|965.45
1788177120|20260831195200|965.58
1788177180|20260831195300|965.39
1788177240|20260831195400|965.19
1788177300|20260831195500|965.30
1788177360|20260831195600|965.55
1788177420|20260831195700|965.74
1788177480|20260831195800|965.88
1788177540|20260831195900|965.66
1788177600|20260831200000|966.61
1788177660|20260831200100|966.00
1788177720|20260831200200|966.33
1788177780|20260831200300|966.20
1788177840|20260831200400|966.53
1788177900|20260831200500|966.58
1788177960|20260831200600|966.87
1788178020|20260831200700|966.95
1788178080|20260831200800|966.97
1788178140|20260831200900|966.71
1788178200|20260831201000|966.38
1788178260|20260831201100|966.25
1788178320|20260831201200|966.39
1788178380|20260831201300|966.83
1788178440|20260831201400|967.01
1788178500|20260831201500|966.54
1788178560|20260831201600|966.48
1788178620|20260831201700|966.24
1788178680|20260831201800|966.48
1788178740|20260831201900|966.53
1788178800|20260831202000|966.59
1788178860|20260831202100|966.03
1788178920|20260831202200|965.37
1788178980|20260831202300|965.27
1788179040|20260831202400|965.23
1788179100|20260831202500|965.66
1788179160|20260831202600|965.61
1788179220|20260831202700|965.10
1788179280|20260831202800|965.26
1788179340|20260831202900|965.21
1788179400|20260831203000|964.43
1788179460|20260831203100|964.81
1788179520|20260831203200|964.41
1788179580|20260831203300|964.37
1788179640|20260831203400|964.05
1788179700|20260831203500|964.23
1788179760|20260831203600|964.31
1788179820|20260831203700|964.17
1788179880|20260831203800|964.06
1788179940|20260831203900|963.83
1788180000|20260831204000|963.54
1788180060|20260831204100|963.50
1788180120|20260831204200|962.92
1788180180|20260831204300|963.11
1788180240|20260831204400|963.13
1788180300|20260831204500|962.88
1788180360|20260831204600|962.36
1788180420|20260831204700|962.61
1788180480|20260831204800|962.21
1788180540|20260831204900|962.26
1788180600|20260831205000|962.35
1788180660|20260831205100|962.55
1788180720|20260831205200|962.82
1788180780|20260831205300|962.66
1788180840|20260831205400|962.38
1788180900|20260831205500|962.27
1788180960|20260831205600|962.23
1788181020|20260831205700|962.21
1788181080|20260831205800|962.25
1788181140|20260831205900|962.48
1788181200|20260831210000|961.86
1788181260|20260831210100|961.70
1788181320|20260831210200|961.44
1788181380|20260831210300|961.92
1788181440|20260831210400|962.12
1788181500|20260831210500|961.89
1788181560|20260831210600|961.75
1788181620|20260831210700|962.51
1788181680|20260831210800|962.99
1788181740|20260831210900|963.54
1788181800|20260831211000|963.51
1788181860|20260831211100|963.47
1788181920|20260831211200|963.44
1788181980|20260831211300|963.54
1788182040|20260831211400|963.54
1788182100|20260831211500|963.59
1788182160|20260831211600|963.60
1788182220|20260831211700|962.79
1788182280|20260831211800|963.32
1788182340|20260831211900|963.26
1788182400|20260831212000|963.07
1788182460|20260831212100|962.88
1788182520|20260831212200|962.98
1788182580|20260831212300|962.43
1788182640|20260831212400|962.52
1788182700|20260831212500|962.56
1788182760|20260831212600|962.97
1788182820|20260831212700|963.29
1788182880|20260831212800|963.24
1788182940|20260831212900|963.78
1788183000|20260831213000|963.32
1788183060|20260831213100|963.35
1788183120|20260831213200|962.42
1788183180|20260831213300|962.31
1788183240|20260831213400|962.64
1788183300|20260831213500|962.19
1788183360|20260831213600|961.96
1788183420|20260831213700|961.83
1788183480|20260831213800|962.32
1788183540|20260831213900|962.69
1788183600|20260831214000|961.94
1788183660|20260831214100|961.62
1788183720|20260831214200|961.47
1788183780|20260831214300|961.63
1788183840|20260831214400|960.94
1788183900|20260831214500|961.18
1788183960|20260831214600|961.02
1788184020|20260831214700|960.32
1788184080|20260831214800|960.69
1788184140|20260831214900|960.26
1788184200|20260831215000|959.67
1788184260|20260831215100|959.60
1788184320|20260831215200|959.31
1788184380|20260831215300|958.60
1788184440|20260831215400|958.88
1788184500|20260831215500|959.52
1788184560|20260831215600|959.15
1788184620|20260831215700|959.16
1788184680|20260831215800|959.40
1788184740|20260831215900|958.92
1788184800|20260831220000|958.17
1788184860|20260831220100|959.07
1788184920|20260831220200|958.64
1788184980|20260831220300|958.79
1788185040|20260831220400|958.68
1788185100|20260831220500|958.76
1788185160|20260831220600|959.39
1788185220|20260831220700|959.47
