1786723200|20260815000000|953.72
1786723260|20260815000100|954.09
1786723320|20260815000200|954.28
1786723380|20260815000300|953.87
1786723440|20260815000400|953.82
1786723500|20260815000500|953.83
1786723560|20260815000600|953.80
1786723620|20260815000700|953.94
1786723680|20260815000800|953.85
1786723740|20260815000900|953.67
1786723800|20260815001000|953.46
1786723860|20260815001100|953.32
1786723920|20260815001200|953.48
1786723980|20260815001300|953.62
1786724040|20260815001400|953.50
1786724100|20260815001500|953.50
1786724160|20260815001600|953.58
1786724220|20260815001700|953.77
1786724280|20260815001800|953.80
1786724340|20260815001900|953.91
1786724400|20260815002000|953.90
1786724460|20260815002100|954.01
1786724520|20260815002200|954.00
1786724580|20260815002300|953.82
1786724640|20260815002400|953.66
1786724700|20260815002500|953.47
1786724760|20260815002600|953.09
1786724820|20260815002700|953.20
1786724880|20260815002800|953.06
1786724940|20260815002900|953.07
1786725000|20260815003000|953.07
1786725060|20260815003100|953.04
1786725120|20260815003200|952.73
1786725180|20260815003300|952.38
1786725240|20260815003400|952.41
1786725300|20260815003500|952.51
1786725360|20260815003600|952.62
1786725420|20260815003700|952.88
1786725480|20260815003800|952.85
1786725540|20260815003900|953.43
1786725600|20260815004000|953.32
1786725660|20260815004100|953.23
1786725720|20260815004200|952.89
1786725780|20260815004300|952.98
1786725840|20260815004400|953.00
1786725900|20260815004500|952.88
1786725960|20260815004600|953.01
1786726020|20260815004700|952.98
1786726080|20260815004800|952.97
1786726140|20260815004900|952.92
1786726200|20260815005000|953.03
1786726260|20260815005100|952.90
1786726320|20260815005200|952.92
1786726380|20260815005300|952.95
1786726440|20260815005400|952.99
1786726500|20260815005500|952.93
1786726560|20260815005600|952.91
1786726620|20260815005700|952.80
1786726680|20260815005800|952.77
1786726740|20260815005900|952.71
1786726800|20260815010000|952.81
1786726860|20260815010100|952.89
1786726920|20260815010200|952.63
1786726980|20260815010300|952.35
1786727040|20260815010400|952.45
1786727100|20260815010500|952.51
1786727160|20260815010600|952.51
1786727220|20260815010700|952.17
1786727280|20260815010800|952.15
1786727340|20260815010900|952.17
1786727400|20260815011000|952.15
1786727460|20260815011100|951.99
1786727520|20260815011200|952.10
1786727580|20260815011300|951.88
1786727640|20260815011400|951.86
1786727700|20260815011500|952.25
1786727760|20260815011600|952.61
1786727820|20260815011700|952.32
1786727880|20260815011800|952.12
1786727940|20260815011900|952.41
1786728000|20260815012000|952.10
1786728060|20260815012100|952.18
1786728120|20260815012200|952.21
1786728180|20260815012300|952.18
1786728240|20260815012400|952.20
1786728300|20260815012500|952.14
1786728360|20260815012600|952.13
1786728420|20260815012700|952.12
1786728480|20260815012800|951.89
1786728540|20260815012900|951.96
1786728600|20260815013000|951.71
1786728660|20260815013100|952.02
1786728720|20260815013200|952.04
1786728780|20260815013300|952.03
1786728840|20260815013400|952.07
1786728900|20260815013500|952.37
1786728960|20260815013600|952.02
1786729020|20260815013700|951.96
1786729080|20260815013800|951.67
1786729140|20260815013900|951.95
1786729200|20260815014000|951.79
1786729260|20260815014100|951.79
1786729320|20260815014200|951.85
1786729380|20260815014300|951.53
1786729440|20260815014400|951.25
1786729500|20260815014500|951.26
1786729560|20260815014600|951.25
1786729620|20260815014700|951.17
1786729680|20260815014800|951.10
1786729740|20260815014900|951.10
1786729800|20260815015000|951.16
1786729860|20260815015100|951.07
1786729920|20260815015200|951.14
1786729980|20260815015300|951.51
1786730040|20260815015400|951.57
1786730100|20260815015500|951.54
1786730160|20260815015600|951.57
1786730220|20260815015700|951.37
1786730280|20260815015800|951.37
1786730340|20260815015900|951.39
1786929000|20260817091000|956.93
1786929060|20260817091100|956.74
1786929120|20260817091200|956.86
1786929180|20260817091300|956.71
1786929240|20260817091400|957.63
1786929300|20260817091500|957.68
1786929360|20260817091600|957.42
1786929420|20260817091700|957.21
1786929480|20260817091800|957.69
1786929540|20260817091900|957.50
1786929600|20260817092000|957.41
1786929660|20260817092100|957.75
1786929720|20260817092200|957.99
1786929780|20260817092300|958.36
1786929840|20260817092400|959.13
1786929900|20260817092500|958.44
1786929960|20260817092600|958.43
1786930020|20260817092700|957.53
1786930080|20260817092800|957.80
1786930140|20260817092900|957.63
1786930200|20260817093000|957.17
1786930260|20260817093100|956.95
1786930320|20260817093200|957.02
1786930380|20260817093300|957.35
1786930440|20260817093400|956.50
1786930500|20260817093500|956.33
1786930560|20260817093600|956.23
1786930620|20260817093700|956.19
1786930680|20260817093800|955.93
1786930740|20260817093900|955.85
1786930800|20260817094000|955.79
1786930860|20260817094100|955.74
1786930920|20260817094200|955.33
1786930980|20260817094300|955.77
1786931040|20260817094400|955.94
1786931100|20260817094500|956.36
1786931160|20260817094600|955.88
1786931220|20260817094700|955.67
1786931280|20260817094800|954.95
1786931340|20260817094900|954.60
1786931400|20260817095000|954.48
1786931460|20260817095100|954.34
1786931520|20260817095200|954.42
1786931580|20260817095300|954.68
1786931640|20260817095400|954.87
1786931700|20260817095500|954.95
1786931760|20260817095600|954.65
1786931820|20260817095700|954.63
1786931880|20260817095800|954.57
1786931940|20260817095900|954.67
1786932000|20260817100000|954.69
1786932060|20260817100100|954.85
1786932120|20260817100200|955.17
1786932180|20260817100300|955.05
1786932240|20260817100400|954.76
1786932300|20260817100500|954.78
1786932360|20260817100600|955.03
1786932420|20260817100700|954.40
1786932480|20260817100800|954.41
1786932540|20260817100900|954.94
1786932600|20260817101000|954.82
1786932660|20260817101100|954.43
1786932720|20260817101200|954.63
1786932780|20260817101300|954.49
1786932840|20260817101400|954.65
1786932900|20260817101500|954.75
1786932960|20260817101600|954.49
1786933020|20260817101700|954.72
1786933080|20260817101800|954.67
1786933140|20260817101900|954.65
1786933200|20260817102000|954.75
1786933260|20260817102100|954.43
1786933320|20260817102200|954.01
1786933380|20260817102300|954.23
1786933440|20260817102400|954.64
1786933500|20260817102500|954.70
1786933560|20260817102600|954.59
1786933620|20260817102700|954.77
1786933680|20260817102800|954.93
1786933740|20260817102900|954.96
1786933800|20260817103000|954.78
1786933860|20260817103100|955.10
1786933920|20260817103200|955.02
1786933980|20260817103300|955.06
1786934040|20260817103400|954.50
1786934100|20260817103500|954.14
1786934160|20260817103600|954.48
1786934220|20260817103700|954.30
1786934280|20260817103800|954.61
1786934340|20260817103900|954.36
1786934400|20260817104000|954.18
1786934460|20260817104100|953.97
1786934520|20260817104200|954.50
1786934580|20260817104300|954.52
1786934640|20260817104400|954.72
1786934700|20260817104500|954.52
1786934760|20260817104600|954.16
1786934820|20260817104700|954.51
1786934880|20260817104800|954.36
1786934940|20260817104900|954.22
1786935000|20260817105000|954.22
1786935060|20260817105100|954.17
1786935120|20260817105200|954.18
1786935180|20260817105300|954.17
1786935240|20260817105400|954.03
1786935300|20260817105500|953.94
1786935360|20260817105600|953.75
1786935420|20260817105700|954.40
1786935480|20260817105800|954.34
1786935540|20260817105900|954.37
1786935600|20260817110000|954.55
1786935660|20260817110100|954.79
1786935720|20260817110200|954.74
1786935780|20260817110300|954.69
1786935840|20260817110400|954.45
1786935900|20260817110500|954.42
1786935960|20260817110600|954.46
1786936020|20260817110700|954.50
1786936080|20260817110800|954.53
1786936140|20260817110900|954.31
1786936200|20260817111000|953.79
1786936260|20260817111100|954.08
1786936320|20260817111200|953.73
1786936380|20260817111300|953.74
1786936440|20260817111400|953.79
1786936500|20260817111500|953.91
1786936560|20260817111600|953.76
1786936620|20260817111700|953.76
1786936680|20260817111800|954.06
1786936740|20260817111900|954.03
1786936800|20260817112000|954.16
1786936860|20260817112100|954.31
1786936920|20260817112200|954.07
1786936980|20260817112300|954.30
1786937040|20260817112400|954.31
1786937100|20260817112500|954.15
1786937160|20260817112600|954.04
1786937220|20260817112700|953.87
1786937280|20260817112800|953.89
1786937340|20260817112900|954.11
1786937400|20260817113000|954.65
1786937460|20260817113100|954.36
1786937520|20260817113200|954.43
1786937580|20260817113300|954.45
1786937640|20260817113400|954.47
1786937700|20260817113500|954.42
1786937760|20260817113600|954.50
1786937820|20260817113700|954.43
1786937880|20260817113800|954.56
1786937940|20260817113900|954.51
1786938000|20260817114000|954.45
1786938060|20260817114100|954.52
1786938120|20260817114200|954.58
1786938180|20260817114300|954.93
1786938240|20260817114400|955.13
1786938300|20260817114500|954.67
1786938360|20260817114600|954.66
1786938420|20260817114700|954.73
1786938480|20260817114800|954.52
1786938540|20260817114900|954.65
1786938600|20260817115000|954.74
1786938660|20260817115100|954.74
1786938720|20260817115200|954.61
1786938780|20260817115300|954.50
1786938840|20260817115400|954.75
1786938900|20260817115500|954.62
1786938960|20260817115600|954.75
1786939020|20260817115700|954.50
1786939080|20260817115800|954.51
1786939140|20260817115900|955.08
1786939200|20260817120000|955.06
1786939260|20260817120100|955.03
1786939320|20260817120200|955.18
1786939380|20260817120300|955.14
1786939440|20260817120400|955.14
1786939500|20260817120500|955.14
1786939560|20260817120600|955.27
1786939620|20260817120700|955.26
1786939680|20260817120800|955.29
1786939740|20260817120900|954.99
1786939800|20260817121000|955.26
1786939860|20260817121100|955.36
1786939920|20260817121200|955.36
1786939980|20260817121300|955.46
1786940040|20260817121400|955.45
1786940100|20260817121500|955.38
1786940160|20260817121600|955.31
1786940220|20260817121700|955.23
1786940280|20260817121800|954.87
1786940340|20260817121900|955.24
1786940400|20260817122000|955.16
1786940460|20260817122100|954.77
1786940520|20260817122200|954.36
1786940580|20260817122300|954.43
1786940640|20260817122400|954.36
1786940700|20260817122500|954.41
1786940760|20260817122600|954.43
1786940820|20260817122700|954.27
1786940880|20260817122800|954.23
1786940940|20260817122900|953.93
1786941000|20260817123000|954.04
1786941060|20260817123100|953.87
1786941120|20260817123200|953.79
1786941180|20260817123300|953.82
1786941240|20260817123400|953.86
1786941300|20260817123500|953.89
1786941360|20260817123600|953.91
1786941420|20260817123700|954.02
1786941480|20260817123800|954.31
1786941540|20260817123900|954.19
1786941600|20260817124000|954.19
1786941660|20260817124100|954.42
1786941720|20260817124200|954.37
1786941780|20260817124300|954.34
1786941840|20260817124400|954.54
1786941900|20260817124500|954.72
1786941960|20260817124600|954.74
1786942020|20260817124700|955.06
1786942080|20260817124800|955.19
1786942140|20260817124900|954.86
1786942200|20260817125000|954.66
1786942260|20260817125100|954.75
1786942320|20260817125200|954.99
1786942380|20260817125300|954.97
1786942440|20260817125400|954.65
1786942500|20260817125500|954.84
1786942560|20260817125600|954.75
1786942620|20260817125700|954.53
1786942680|20260817125800|954.36
1786942740|20260817125900|954.16
1786942800|20260817130000|954.04
1786942860|20260817130100|954.02
1786942920|20260817130200|954.54
1786942980|20260817130300|954.19
1786943040|20260817130400|954.21
1786943100|20260817130500|954.27
1786943160|20260817130600|953.95
1786943220|20260817130700|954.01
1786943280|20260817130800|954.20
1786943340|20260817130900|954.36
1786943400|20260817131000|954.35
1786943460|20260817131100|954.13
1786943520|20260817131200|954.18
1786943580|20260817131300|954.03
1786943640|20260817131400|953.94
1786943700|20260817131500|953.81
1786943760|20260817131600|953.63
1786943820|20260817131700|954.20
1786943880|20260817131800|954.13
1786943940|20260817131900|954.18
1786944000|20260817132000|954.35
1786944060|20260817132100|954.17
1786944120|20260817132200|954.93
1786944180|20260817132300|954.74
1786944240|20260817132400|954.87
1786944300|20260817132500|954.79
1786944360|20260817132600|954.63
1786944420|20260817132700|954.99
1786944480|20260817132800|955.00
1786944540|20260817132900|955.24
1786944600|20260817133000|955.35
1786944660|20260817133100|955.52
1786944720|20260817133200|955.68
1786944780|20260817133300|955.71
1786944840|20260817133400|955.14
1786944900|20260817133500|954.94
1786944960|20260817133600|954.48
1786945020|20260817133700|954.46
1786945080|20260817133800|954.85
1786945140|20260817133900|954.81
1786945200|20260817134000|954.85
1786945260|20260817134100|954.65
1786945320|20260817134200|955.05
1786945380|20260817134300|954.85
1786945440|20260817134400|954.67
1786945500|20260817134500|954.83
1786945560|20260817134600|954.65
1786945620|20260817134700|954.43
1786945680|20260817134800|954.90
1786945740|20260817134900|955.03
1786945800|20260817135000|955.03
1786945860|20260817135100|954.68
1786945920|20260817135200|954.62
1786945980|20260817135300|954.61
1786946040|20260817135400|954.46
1786946100|20260817135500|954.31
1786946160|20260817135600|954.51
1786946220|20260817135700|954.37
1786946280|20260817135800|954.38
1786946340|20260817135900|954.38
1786946400|20260817140000|954.61
1786946460|20260817140100|954.65
1786946520|20260817140200|954.91
1786946580|20260817140300|954.84
1786946640|20260817140400|954.94
1786946700|20260817140500|954.74
1786946760|20260817140600|954.97
1786946820|20260817140700|955.02
1786946880|20260817140800|955.07
1786946940|20260817140900|954.97
1786947000|20260817141000|954.75
1786947060|20260817141100|954.56
1786947120|20260817141200|954.55
1786947180|20260817141300|954.52
1786947240|20260817141400|954.71
1786947300|20260817141500|955.04
1786947360|20260817141600|954.83
1786947420|20260817141700|954.74
1786947480|20260817141800|954.61
1786947540|20260817141900|954.53
1786947600|20260817142000|954.38
1786947660|20260817142100|954.61
1786947720|20260817142200|954.67
1786947780|20260817142300|954.81
1786947840|20260817142400|954.89
1786947900|20260817142500|954.80
1786947960|20260817142600|954.80
1786948020|20260817142700|954.86
1786948080|20260817142800|954.81
1786948140|20260817142900|954.98
1786948200|20260817143000|955.23
1786948260|20260817143100|954.99
1786948320|20260817143200|954.91
1786948380|20260817143300|954.62
1786948440|20260817143400|954.71
1786948500|20260817143500|954.74
1786948560|20260817143600|954.65
1786948620|20260817143700|954.65
1786948680|20260817143800|954.64
1786948740|20260817143900|954.37
1786948800|20260817144000|954.68
1786948860|20260817144100|954.64
1786948920|20260817144200|954.62
1786948980|20260817144300|954.76
1786949040|20260817144400|954.79
1786949100|20260817144500|954.95
1786949160|20260817144600|955.04
1786949220|20260817144700|955.02
1786949280|20260817144800|955.07
1786949340|20260817144900|955.20
1786949400|20260817145000|955.46
1786949460|20260817145100|955.55
1786949520|20260817145200|955.65
1786949580|20260817145300|956.32
1786949640|20260817145400|956.09
1786949700|20260817145500|955.90
1786949760|20260817145600|955.71
1786949820|20260817145700|955.78
1786949880|20260817145800|955.76
1786949940|20260817145900|955.81
1786950000|20260817150000|955.52
1786950060|20260817150100|955.69
1786950120|20260817150200|956.04
1786950180|20260817150300|955.81
1786950240|20260817150400|955.76
1786950300|20260817150500|955.64
1786950360|20260817150600|955.55
1786950420|20260817150700|955.64
1786950480|20260817150800|955.61
1786950540|20260817150900|955.62
1786950600|20260817151000|955.64
1786950660|20260817151100|955.64
1786950720|20260817151200|955.55
1786950780|20260817151300|955.38
1786950840|20260817151400|955.12
1786950900|20260817151500|954.91
1786950960|20260817151600|955.06
1786951020|20260817151700|955.11
1786951080|20260817151800|955.03
1786951140|20260817151900|955.14
1786951200|20260817152000|955.02
1786951260|20260817152100|955.09
1786951320|20260817152200|955.05
1786951380|20260817152300|954.93
1786951440|20260817152400|954.93
1786951500|20260817152500|955.00
1786951560|20260817152600|954.42
1786951620|20260817152700|954.47
1786951680|20260817152800|955.11
1786951740|20260817152900|955.27
1786951800|20260817153000|956.11
1786951860|20260817153100|956.88
1786951920|20260817153200|956.87
1786951980|20260817153300|956.93
1786952040|20260817153400|956.79
1786952100|20260817153500|957.08
1786952160|20260817153600|957.08
1786952220|20260817153700|957.57
1786952280|20260817153800|957.81
1786952340|20260817153900|957.14
1786952400|20260817154000|957.07
1786952460|20260817154100|957.46
1786952520|20260817154200|957.61
1786952580|20260817154300|957.84
1786952640|20260817154400|957.66
1786952700|20260817154500|957.56
1786952760|20260817154600|957.46
1786952820|20260817154700|957.54
1786952880|20260817154800|957.34
1786952940|20260817154900|957.50
1786953000|20260817155000|957.19
1786953060|20260817155100|957.25
1786953120|20260817155200|956.74
1786953180|20260817155300|956.36
1786953240|20260817155400|956.49
1786953300|20260817155500|956.40
1786953360|20260817155600|956.67
1786953420|20260817155700|956.51
1786953480|20260817155800|956.56
1786953540|20260817155900|956.67
1786953600|20260817160000|956.59
1786953660|20260817160100|956.01
1786953720|20260817160200|955.82
1786953780|20260817160300|955.72
1786953840|20260817160400|955.63
1786953900|20260817160500|955.45
1786953960|20260817160600|955.39
1786954020|20260817160700|955.02
1786954080|20260817160800|955.19
1786954140|20260817160900|955.22
1786954200|20260817161000|955.32
1786954260|20260817161100|955.16
1786954320|20260817161200|955.40
1786954380|20260817161300|955.85
1786954440|20260817161400|955.87
1786954500|20260817161500|955.99
1786954560|20260817161600|956.09
1786954620|20260817161700|955.98
1786954680|20260817161800|955.69
1786954740|20260817161900|955.60
1786954800|20260817162000|955.65
1786954860|20260817162100|955.78
1786954920|20260817162200|955.86
1786954980|20260817162300|955.95
1786955040|20260817162400|955.94
1786955100|20260817162500|955.83
1786955160|20260817162600|955.94
1786955220|20260817162700|955.86
1786955280|20260817162800|955.91
1786955340|20260817162900|955.90
1786955400|20260817163000|955.76
1786955460|20260817163100|955.49
1786955520|20260817163200|955.58
1786955580|20260817163300|955.32
1786955640|20260817163400|955.32
1786955700|20260817163500|955.34
1786955760|20260817163600|955.32
1786955820|20260817163700|955.32
1786955880|20260817163800|955.67
1786955940|20260817163900|955.74
1786956000|20260817164000|955.61
1786956060|20260817164100|955.23
1786956120|20260817164200|955.10
1786956180|20260817164300|954.92
1786956240|20260817164400|954.75
1786956300|20260817164500|954.56
1786956360|20260817164600|954.51
1786956420|20260817164700|954.31
1786956480|20260817164800|954.54
1786956540|20260817164900|954.43
1786956600|20260817165000|954.45
1786956660|20260817165100|954.28
1786956720|20260817165200|954.07
1786956780|20260817165300|953.91
1786956840|20260817165400|953.91
1786956900|20260817165500|953.99
1786956960|20260817165600|953.87
1786957020|20260817165700|954.16
1786957080|20260817165800|954.24
1786957140|20260817165900|954.23
1786957200|20260817170000|954.28
1786957260|20260817170100|954.20
1786957320|20260817170200|954.34
1786957380|20260817170300|954.22
1786957440|20260817170400|954.33
1786957500|20260817170500|954.57
1786957560|20260817170600|954.58
1786957620|20260817170700|954.84
1786957680|20260817170800|954.82
1786957740|20260817170900|954.86
1786957800|20260817171000|955.30
1786957860|20260817171100|955.19
1786957920|20260817171200|955.38
1786957980|20260817171300|955.24
1786958040|20260817171400|955.17
1786958100|20260817171500|955.12
1786958160|20260817171600|955.23
1786958220|20260817171700|954.98
1786958280|20260817171800|954.96
1786958340|20260817171900|954.92
1786958400|20260817172000|954.98
1786958460|20260817172100|954.97
1786958520|20260817172200|954.95
1786958580|20260817172300|954.87
1786958640|20260817172400|954.72
1786958700|20260817172500|954.68
1786958760|20260817172600|954.78
1786958820|20260817172700|954.82
1786958880|20260817172800|954.62
1786958940|20260817172900|954.58
1786959000|20260817173000|954.65
1786959060|20260817173100|954.51
1786959120|20260817173200|954.31
1786959180|20260817173300|954.37
1786959240|20260817173400|954.51
1786959300|20260817173500|954.55
1786959360|20260817173600|954.51
1786959420|20260817173700|954.62
1786959480|20260817173800|954.46
1786959540|20260817173900|954.35
1786959600|20260817174000|954.16
1786959660|20260817174100|954.28
1786959720|20260817174200|954.48
1786959780|20260817174300|954.55
1786959840|20260817174400|954.22
1786959900|20260817174500|954.08
1786959960|20260817174600|954.25
1786960020|20260817174700|954.02
1786960080|20260817174800|954.04
1786960140|20260817174900|954.05
1786960200|20260817175000|954.31
1786960260|20260817175100|954.36
1786960320|20260817175200|954.36
1786960380|20260817175300|953.96
1786960440|20260817175400|954.11
1786960500|20260817175500|953.97
1786960560|20260817175600|953.99
1786960620|20260817175700|954.05
1786960680|20260817175800|954.01
1786960740|20260817175900|954.29
1786960800|20260817180000|954.41
1786960860|20260817180100|954.34
1786960920|20260817180200|954.30
1786960980|20260817180300|953.93
1786961040|20260817180400|954.06
1786961100|20260817180500|954.09
1786961160|20260817180600|954.42
1786961220|20260817180700|954.18
1786961280|20260817180800|954.52
1786961340|20260817180900|954.40
1786961400|20260817181000|954.12
1786961460|20260817181100|954.39
1786961520|20260817181200|954.23
1786961580|20260817181300|954.37
1786961640|20260817181400|954.47
1786961700|20260817181500|954.49
1786961760|20260817181600|954.69
1786961820|20260817181700|954.93
1786961880|20260817181800|954.88
1786961940|20260817181900|954.63
1786962000|20260817182000|954.47
1786962060|20260817182100|954.75
1786962120|20260817182200|954.53
1786962180|20260817182300|954.50
1786962240|20260817182400|954.42
1786962300|20260817182500|954.62
1786962360|20260817182600|954.40
1786962420|20260817182700|953.85
1786962480|20260817182800|953.76
1786962540|20260817182900|953.93
1786962600|20260817183000|956.47
1786962660|20260817183100|955.38
1786962720|20260817183200|955.77
1786962780|20260817183300|955.21
1786962840|20260817183400|955.09
1786962900|20260817183500|954.77
1786962960|20260817183600|954.87
1786963020|20260817183700|954.65
1786963080|20260817183800|954.59
1786963140|20260817183900|954.63
1786963200|20260817184000|954.50
1786963260|20260817184100|954.37
1786963320|20260817184200|955.02
1786963380|20260817184300|954.94
1786963440|20260817184400|954.90
1786963500|20260817184500|955.02
1786963560|20260817184600|955.03
1786963620|20260817184700|955.07
1786963680|20260817184800|955.05
1786963740|20260817184900|954.93
1786963800|20260817185000|954.73
1786963860|20260817185100|954.98
1786963920|20260817185200|954.96
1786963980|20260817185300|954.94
1786964040|20260817185400|954.76
1786964100|20260817185500|954.86
1786964160|20260817185600|954.85
1786964220|20260817185700|954.97
1786964280|20260817185800|955.13
1786964340|20260817185900|954.99
1786964400|20260817190000|955.17
1786964460|20260817190100|955.15
1786964520|20260817190200|955.11
1786964580|20260817190300|955.52
1786964640|20260817190400|955.68
1786964700|20260817190500|955.52
1786964760|20260817190600|955.48
1786964820|20260817190700|955.56
1786964880|20260817190800|955.73
1786964940|20260817190900|955.91
1786965000|20260817191000|955.88
1786965060|20260817191100|955.74
1786965120|20260817191200|955.76
1786965180|20260817191300|955.86
1786965240|20260817191400|955.56
1786965300|20260817191500|955.33
1786965360|20260817191600|955.11
1786965420|20260817191700|955.10
1786965480|20260817191800|955.06
1786965540|20260817191900|954.85
1786965600|20260817192000|955.00
1786965660|20260817192100|955.57
1786965720|20260817192200|955.94
1786965780|20260817192300|956.16
1786965840|20260817192400|955.94
1786965900|20260817192500|956.15
1786965960|20260817192600|956.19
1786966020|20260817192700|956.33
1786966080|20260817192800|956.22
1786966140|20260817192900|956.12
1786966200|20260817193000|956.16
1786966260|20260817193100|956.17
1786966320|20260817193200|955.97
1786966380|20260817193300|955.94
1786966440|20260817193400|956.19
1786966500|20260817193500|956.19
1786966560|20260817193600|956.16
1786966620|20260817193700|956.09
1786966680|20260817193800|956.00
1786966740|20260817193900|956.20
1786966800|20260817194000|956.04
1786966860|20260817194100|955.82
1786966920|20260817194200|955.74
1786966980|20260817194300|955.66
1786967040|20260817194400|955.45
