1788278400|20260902000000|948.92
1788278460|20260902000100|949.17
1788278520|20260902000200|948.88
1788278580|20260902000300|948.78
1788278640|20260902000400|948.78
1788278700|20260902000500|948.71
1788278760|20260902000600|948.70
1788278820|20260902000700|948.30
1788278880|20260902000800|948.15
1788278940|20260902000900|948.15
1788279000|20260902001000|948.04
1788279060|20260902001100|947.59
1788279120|20260902001200|947.21
1788279180|20260902001300|947.39
1788279240|20260902001400|947.45
1788279300|20260902001500|946.95
1788279360|20260902001600|946.56
1788279420|20260902001700|947.09
1788279480|20260902001800|946.65
1788279540|20260902001900|946.19
1788279600|20260902002000|946.16
1788279660|20260902002100|945.76
1788279720|20260902002200|945.76
1788279780|20260902002300|945.81
1788279840|20260902002400|945.81
1788279900|20260902002500|945.80
1788279960|20260902002600|946.02
1788280020|20260902002700|945.64
1788280080|20260902002800|945.31
1788280140|20260902002900|945.31
1788280200|20260902003000|945.31
1788280260|20260902003100|944.73
1788280320|20260902003200|944.15
1788280380|20260902003300|943.99
1788280440|20260902003400|943.99
1788280500|20260902003500|943.92
1788280560|20260902003600|944.00
1788280620|20260902003700|944.32
1788280680|20260902003800|944.32
1788280740|20260902003900|944.32
1788280800|20260902004000|944.89
1788280860|20260902004100|944.87
1788280920|20260902004200|944.88
1788280980|20260902004300|944.80
1788281040|20260902004400|944.81
1788281100|20260902004500|944.81
1788281160|20260902004600|945.07
1788281220|20260902004700|945.07
1788281280|20260902004800|945.07
1788281340|20260902004900|945.72
1788281400|20260902005000|945.78
1788281460|20260902005100|945.68
1788281520|20260902005200|945.47
1788281580|20260902005300|945.38
1788281640|20260902005400|944.92
1788281700|20260902005500|945.43
1788281760|20260902005600|945.09
1788281820|20260902005700|945.46
1788281880|20260902005800|945.22
1788281940|20260902005900|944.96
1788282000|20260902010000|944.30
1788282060|20260902010100|944.15
1788282120|20260902010200|944.25
1788282180|20260902010300|943.99
1788282240|20260902010400|943.81
1788282300|20260902010500|943.72
1788282360|20260902010600|943.66
1788282420|20260902010700|943.66
1788282480|20260902010800|943.39
1788282540|20260902010900|943.54
1788282600|20260902011000|943.38
1788282660|20260902011100|943.56
1788282720|20260902011200|943.38
1788282780|20260902011300|943.38
1788282840|20260902011400|943.62
1788282900|20260902011500|943.62
1788282960|20260902011600|943.62
1788283020|20260902011700|943.42
1788283080|20260902011800|943.42
1788283140|20260902011900|943.42
1788283200|20260902012000|943.57
1788283260|20260902012100|943.53
1788283320|20260902012200|943.53
1788283380|20260902012300|943.34
1788283440|20260902012400|943.34
1788283500|20260902012500|943.54
1788283560|20260902012600|942.93
1788283620|20260902012700|942.93
1788283680|20260902012800|942.93
1788283740|20260902012900|942.93
1788283800|20260902013000|943.21
1788283860|20260902013100|943.41
1788283920|20260902013200|943.44
1788283980|20260902013300|943.46
1788284040|20260902013400|943.45
1788284100|20260902013500|943.30
1788284160|20260902013600|943.64
1788284220|20260902013700|943.48
1788284280|20260902013800|943.50
1788284340|20260902013900|943.55
1788284400|20260902014000|943.52
1788284460|20260902014100|943.19
1788284520|20260902014200|942.79
1788284580|20260902014300|942.81
1788284640|20260902014400|942.84
1788284700|20260902014500|942.84
1788284760|20260902014600|942.84
1788284820|20260902014700|942.74
1788284880|20260902014800|942.49
1788284940|20260902014900|942.73
1788285000|20260902015000|942.75
1788285060|20260902015100|942.75
1788285120|20260902015200|942.94
1788285180|20260902015300|942.73
1788285240|20260902015400|942.76
1788285300|20260902015500|942.77
1788285360|20260902015600|942.94
1788285420|20260902015700|942.81
1788285480|20260902015800|942.75
1788285540|20260902015900|942.89
1788311400|20260902091000|934.95
1788311460|20260902091100|936.31
1788311520|20260902091200|936.42
1788311580|20260902091300|937.21
1788311640|20260902091400|937.20
1788311700|20260902091500|936.87
1788311760|20260902091600|938.51
1788311820|20260902091700|938.66
1788311880|20260902091800|938.09
1788311940|20260902091900|938.30
1788312000|20260902092000|937.58
1788312060|20260902092100|938.05
1788312120|20260902092200|937.88
1788312180|20260902092300|937.61
1788312240|20260902092400|937.67
1788312300|20260902092500|937.93
1788312360|20260902092600|937.64
1788312420|20260902092700|937.61
1788312480|20260902092800|936.81
1788312540|20260902092900|936.93
1788312600|20260902093000|937.27
1788312660|20260902093100|937.03
1788312720|20260902093200|937.35
1788312780|20260902093300|936.30
1788312840|20260902093400|935.66
1788312900|20260902093500|935.40
1788312960|20260902093600|935.33
1788313020|20260902093700|935.52
1788313080|20260902093800|935.10
1788313140|20260902093900|934.80
1788313200|20260902094000|935.32
1788313260|20260902094100|935.61
1788313320|20260902094200|935.67
1788313380|20260902094300|935.97
1788313440|20260902094400|936.04
1788313500|20260902094500|935.70
1788313560|20260902094600|935.60
1788313620|20260902094700|935.39
1788313680|20260902094800|934.59
1788313740|20260902094900|934.80
1788313800|20260902095000|935.11
1788313860|20260902095100|934.78
1788313920|20260902095200|933.17
1788313980|20260902095300|933.05
1788314040|20260902095400|932.76
1788314100|20260902095500|933.08
1788314160|20260902095600|933.25
1788314220|20260902095700|932.01
1788314280|20260902095800|931.96
1788314340|20260902095900|931.32
1788314400|20260902100000|931.72
1788314460|20260902100100|931.02
1788314520|20260902100200|931.94
1788314580|20260902100300|932.55
1788314640|20260902100400|932.84
1788314700|20260902100500|932.72
1788314760|20260902100600|932.92
1788314820|20260902100700|933.86
1788314880|20260902100800|933.86
1788314940|20260902100900|933.43
1788315000|20260902101000|932.18
1788315060|20260902101100|931.66
1788315120|20260902101200|932.02
1788315180|20260902101300|932.25
1788315240|20260902101400|932.56
1788315300|20260902101500|932.91
1788315360|20260902101600|933.34
1788315420|20260902101700|933.59
1788315480|20260902101800|933.65
1788315540|20260902101900|933.72
1788315600|20260902102000|933.84
1788315660|20260902102100|934.26
1788315720|20260902102200|934.04
1788315780|20260902102300|933.79
1788315840|20260902102400|934.32
1788315900|20260902102500|934.34
1788315960|20260902102600|934.35
1788316020|20260902102700|934.15
1788316080|20260902102800|934.61
1788316140|20260902102900|934.35
1788316200|20260902103000|934.39
1788316260|20260902103100|933.87
1788316320|20260902103200|934.46
1788316380|20260902103300|934.78
1788316440|20260902103400|934.84
1788316500|20260902103500|935.26
1788316560|20260902103600|935.35
1788316620|20260902103700|935.53
1788316680|20260902103800|936.25
1788316740|20260902103900|936.15
1788316800|20260902104000|936.22
1788316860|20260902104100|936.36
1788316920|20260902104200|936.11
1788316980|20260902104300|936.19
1788317040|20260902104400|936.06
1788317100|20260902104500|935.56
1788317160|20260902104600|935.63
1788317220|20260902104700|935.85
1788317280|20260902104800|935.70
1788317340|20260902104900|935.94
1788317400|20260902105000|935.89
1788317460|20260902105100|935.30
1788317520|20260902105200|935.10
1788317580|20260902105300|935.14
1788317640|20260902105400|935.13
1788317700|20260902105500|934.73
1788317760|20260902105600|934.45
1788317820|20260902105700|934.31
1788317880|20260902105800|934.13
1788317940|20260902105900|933.81
1788318000|20260902110000|934.16
1788318060|20260902110100|934.07
1788318120|20260902110200|934.50
1788318180|20260902110300|933.44
1788318240|20260902110400|933.40
1788318300|20260902110500|933.54
1788318360|20260902110600|933.05
1788318420|20260902110700|933.00
1788318480|20260902110800|933.24
1788318540|20260902110900|933.60
1788318600|20260902111000|933.40
1788318660|20260902111100|933.66
1788318720|20260902111200|933.79
1788318780|20260902111300|933.28
1788318840|20260902111400|933.71
1788318900|20260902111500|933.84
1788318960|20260902111600|934.01
1788319020|20260902111700|933.34
1788319080|20260902111800|933.35
1788319140|20260902111900|933.32
1788319200|20260902112000|933.12
1788319260|20260902112100|932.25
1788319320|20260902112200|932.36
1788319380|20260902112300|932.36
1788319440|20260902112400|931.79
1788319500|20260902112500|932.31
1788319560|20260902112600|932.77
1788319620|20260902112700|933.08
1788319680|20260902112800|933.03
1788319740|20260902112900|932.54
1788319800|20260902113000|932.55
1788319860|20260902113100|932.03
1788319920|20260902113200|931.74
1788319980|20260902113300|931.71
1788320040|20260902113400|931.64
1788320100|20260902113500|931.05
1788320160|20260902113600|930.32
1788320220|20260902113700|930.59
1788320280|20260902113800|930.85
1788320340|20260902113900|931.52
1788320400|20260902114000|931.82
1788320460|20260902114100|931.34
1788320520|20260902114200|930.90
1788320580|20260902114300|930.74
1788320640|20260902114400|930.75
1788320700|20260902114500|931.17
1788320760|20260902114600|931.37
1788320820|20260902114700|932.32
1788320880|20260902114800|932.59
1788320940|20260902114900|933.12
1788321000|20260902115000|933.42
1788321060|20260902115100|933.30
1788321120|20260902115200|933.14
1788321180|20260902115300|933.50
1788321240|20260902115400|933.34
1788321300|20260902115500|933.68
1788321360|20260902115600|933.65
1788321420|20260902115700|933.29
1788321480|20260902115800|934.11
1788321540|20260902115900|934.05
1788321600|20260902120000|934.27
1788321660|20260902120100|934.45
1788321720|20260902120200|934.14
1788321780|20260902120300|934.24
1788321840|20260902120400|934.60
1788321900|20260902120500|934.27
1788321960|20260902120600|934.81
1788322020|20260902120700|934.38
1788322080|20260902120800|934.39
1788322140|20260902120900|934.74
1788322200|20260902121000|934.58
1788322260|20260902121100|934.72
1788322320|20260902121200|934.94
1788322380|20260902121300|934.65
1788322440|20260902121400|934.49
1788322500|20260902121500|934.50
1788322560|20260902121600|934.61
1788322620|20260902121700|934.45
1788322680|20260902121800|934.39
1788322740|20260902121900|934.47
1788322800|20260902122000|934.29
1788322860|20260902122100|934.13
1788322920|20260902122200|934.15
1788322980|20260902122300|934.32
1788323040|20260902122400|934.14
1788323100|20260902122500|934.40
1788323160|20260902122600|934.20
1788323220|20260902122700|934.34
1788323280|20260902122800|934.09
1788323340|20260902122900|934.22
1788323400|20260902123000|934.25
1788323460|20260902123100|934.40
1788323520|20260902123200|934.28
1788323580|20260902123300|935.05
1788323640|20260902123400|934.54
1788323700|20260902123500|934.61
1788323760|20260902123600|934.80
1788323820|20260902123700|934.61
1788323880|20260902123800|934.93
1788323940|20260902123900|934.90
1788324000|20260902124000|934.56
1788324060|20260902124100|934.52
1788324120|20260902124200|934.42
1788324180|20260902124300|934.62
1788324240|20260902124400|934.67
1788324300|20260902124500|934.70
1788324360|20260902124600|934.66
1788324420|20260902124700|934.75
