1786550400|20260813000000|961.41
1786550460|20260813000100|961.89
1786550520|20260813000200|961.78
1786550580|20260813000300|961.50
1786550640|20260813000400|961.27
1786550700|20260813000500|961.07
1786550760|20260813000600|961.28
1786550820|20260813000700|961.29
1786550880|20260813000800|961.05
1786550940|20260813000900|960.90
1786551000|20260813001000|961.10
1786551060|20260813001100|960.94
1786551120|20260813001200|961.36
1786551180|20260813001300|961.33
1786551240|20260813001400|961.63
1786551300|20260813001500|962.00
1786551360|20260813001600|961.96
1786551420|20260813001700|962.14
1786551480|20260813001800|962.02
1786551540|20260813001900|962.28
1786551600|20260813002000|962.23
1786551660|20260813002100|962.23
1786551720|20260813002200|962.15
1786551780|20260813002300|962.17
1786551840|20260813002400|962.20
1786551900|20260813002500|962.32
1786551960|20260813002600|962.12
1786552020|20260813002700|962.06
1786552080|20260813002800|961.72
1786552140|20260813002900|961.56
1786552200|20260813003000|961.61
1786552260|20260813003100|961.36
1786552320|20260813003200|961.17
1786552380|20260813003300|960.96
1786552440|20260813003400|960.40
1786552500|20260813003500|960.03
1786552560|20260813003600|960.16
1786552620|20260813003700|960.16
1786552680|20260813003800|960.07
1786552740|20260813003900|959.88
1786552800|20260813004000|960.01
1786552860|20260813004100|960.19
1786552920|20260813004200|960.20
1786552980|20260813004300|960.14
1786553040|20260813004400|959.62
1786553100|20260813004500|959.56
1786553160|20260813004600|959.26
1786553220|20260813004700|959.43
1786553280|20260813004800|958.59
1786553340|20260813004900|958.49
1786553400|20260813005000|958.10
1786553460|20260813005100|958.21
1786553520|20260813005200|958.55
1786553580|20260813005300|958.22
1786553640|20260813005400|958.35
1786553700|20260813005500|958.20
1786553760|20260813005600|957.61
1786553820|20260813005700|956.87
1786553880|20260813005800|957.23
1786553940|20260813005900|957.40
1786554000|20260813010000|957.71
1786554060|20260813010100|957.43
1786554120|20260813010200|958.05
1786554180|20260813010300|958.07
1786554240|20260813010400|957.75
1786554300|20260813010500|957.58
1786554360|20260813010600|957.98
1786554420|20260813010700|958.41
1786554480|20260813010800|958.54
1786554540|20260813010900|958.37
1786554600|20260813011000|958.60
1786554660|20260813011100|958.44
1786554720|20260813011200|958.44
1786554780|20260813011300|958.27
1786554840|20260813011400|958.25
1786554900|20260813011500|958.13
1786554960|20260813011600|958.13
1786555020|20260813011700|958.08
1786555080|20260813011800|957.94
1786555140|20260813011900|957.99
1786555200|20260813012000|958.04
1786555260|20260813012100|958.19
1786555320|20260813012200|958.85
1786555380|20260813012300|958.76
1786555440|20260813012400|958.73
1786555500|20260813012500|958.91
1786555560|20260813012600|958.91
1786555620|20260813012700|958.59
1786555680|20260813012800|958.66
1786555740|20260813012900|958.66
1786555800|20260813013000|958.62
1786555860|20260813013100|958.55
1786555920|20260813013200|958.75
1786555980|20260813013300|958.78
1786556040|20260813013400|959.03
1786556100|20260813013500|959.03
1786556160|20260813013600|959.33
1786556220|20260813013700|959.33
1786556280|20260813013800|958.80
1786556340|20260813013900|958.41
1786556400|20260813014000|958.32
1786556460|20260813014100|958.10
1786556520|20260813014200|958.09
1786556580|20260813014300|958.10
1786556640|20260813014400|958.09
1786556700|20260813014500|957.52
1786556760|20260813014600|957.60
1786556820|20260813014700|957.68
1786556880|20260813014800|957.71
1786556940|20260813014900|957.62
1786557000|20260813015000|957.61
1786557060|20260813015100|957.82
1786557120|20260813015200|958.00
1786557180|20260813015300|957.86
1786557240|20260813015400|957.40
1786557300|20260813015500|957.05
1786557360|20260813015600|957.07
1786557420|20260813015700|957.09
1786557480|20260813015800|957.19
1786557540|20260813015900|956.94
1786583400|20260813091000|964.34
1786583460|20260813091100|964.17
1786583520|20260813091200|963.77
1786583580|20260813091300|964.03
1786583640|20260813091400|963.28
1786583700|20260813091500|963.41
1786583760|20260813091600|963.83
1786583820|20260813091700|964.10
1786583880|20260813091800|963.84
1786583940|20260813091900|962.87
1786584000|20260813092000|962.69
1786584060|20260813092100|962.00
1786584120|20260813092200|961.50
1786584180|20260813092300|961.90
1786584240|20260813092400|961.58
1786584300|20260813092500|961.38
1786584360|20260813092600|961.56
1786584420|20260813092700|961.39
1786584480|20260813092800|961.29
1786584540|20260813092900|961.01
1786584600|20260813093000|960.93
1786584660|20260813093100|961.63
1786584720|20260813093200|962.41
1786584780|20260813093300|962.97
1786584840|20260813093400|962.82
1786584900|20260813093500|963.04
1786584960|20260813093600|963.12
1786585020|20260813093700|962.85
1786585080|20260813093800|962.79
1786585140|20260813093900|962.45
1786585200|20260813094000|962.36
1786585260|20260813094100|962.17
1786585320|20260813094200|961.78
1786585380|20260813094300|961.74
1786585440|20260813094400|961.50
1786585500|20260813094500|961.19
1786585560|20260813094600|960.76
1786585620|20260813094700|959.68
1786585680|20260813094800|959.46
1786585740|20260813094900|959.85
1786585800|20260813095000|959.98
1786585860|20260813095100|960.12
1786585920|20260813095200|959.76
1786585980|20260813095300|959.53
1786586040|20260813095400|960.28
1786586100|20260813095500|960.25
1786586160|20260813095600|960.05
1786586220|20260813095700|959.35
1786586280|20260813095800|959.49
1786586340|20260813095900|959.08
1786586400|20260813100000|958.92
1786586460|20260813100100|958.83
1786586520|20260813100200|958.50
1786586580|20260813100300|958.52
1786586640|20260813100400|958.53
1786586700|20260813100500|958.61
1786586760|20260813100600|958.84
1786586820|20260813100700|958.32
1786586880|20260813100800|958.81
1786586940|20260813100900|959.10
1786587000|20260813101000|959.67
1786587060|20260813101100|959.52
1786587120|20260813101200|959.47
1786587180|20260813101300|959.42
1786587240|20260813101400|959.17
1786587300|20260813101500|958.95
1786587360|20260813101600|959.07
1786587420|20260813101700|959.09
1786587480|20260813101800|959.25
1786587540|20260813101900|959.25
1786587600|20260813102000|959.24
1786587660|20260813102100|959.41
1786587720|20260813102200|959.17
1786587780|20260813102300|958.92
1786587840|20260813102400|958.50
1786587900|20260813102500|958.46
1786587960|20260813102600|958.81
1786588020|20260813102700|958.71
1786588080|20260813102800|958.67
1786588140|20260813102900|958.66
1786588200|20260813103000|958.66
1786588260|20260813103100|957.61
1786588320|20260813103200|957.57
1786588380|20260813103300|957.46
1786588440|20260813103400|957.15
1786588500|20260813103500|957.22
1786588560|20260813103600|957.34
1786588620|20260813103700|957.03
1786588680|20260813103800|957.57
1786588740|20260813103900|957.71
1786588800|20260813104000|958.63
1786588860|20260813104100|958.24
1786588920|20260813104200|958.49
1786588980|20260813104300|958.45
1786589040|20260813104400|958.30
1786589100|20260813104500|958.92
1786589160|20260813104600|958.54
1786589220|20260813104700|958.89
1786589280|20260813104800|959.02
1786589340|20260813104900|959.25
1786589400|20260813105000|959.27
1786589460|20260813105100|959.19
1786589520|20260813105200|959.12
1786589580|20260813105300|958.98
1786589640|20260813105400|958.88
1786589700|20260813105500|958.28
1786589760|20260813105600|958.77
1786589820|20260813105700|958.48
1786589880|20260813105800|958.53
1786589940|20260813105900|958.54
1786590000|20260813110000|958.57
1786590060|20260813110100|958.86
1786590120|20260813110200|959.34
1786590180|20260813110300|959.39
1786590240|20260813110400|959.36
1786590300|20260813110500|959.42
1786590360|20260813110600|959.42
1786590420|20260813110700|959.19
1786590480|20260813110800|959.16
1786590540|20260813110900|958.88
1786590600|20260813111000|958.86
1786590660|20260813111100|958.97
1786590720|20260813111200|958.15
1786590780|20260813111300|958.32
1786590840|20260813111400|958.32
1786590900|20260813111500|958.52
1786590960|20260813111600|958.58
1786591020|20260813111700|958.35
1786591080|20260813111800|958.30
1786591140|20260813111900|958.84
1786591200|20260813112000|958.83
1786591260|20260813112100|958.64
1786591320|20260813112200|958.63
1786591380|20260813112300|958.61
1786591440|20260813112400|958.73
1786591500|20260813112500|958.82
1786591560|20260813112600|959.01
1786591620|20260813112700|958.82
1786591680|20260813112800|958.89
1786591740|20260813112900|958.95
1786591800|20260813113000|958.86
1786591860|20260813113100|958.91
1786591920|20260813113200|958.86
1786591980|20260813113300|958.93
1786592040|20260813113400|958.91
1786592100|20260813113500|958.91
1786592160|20260813113600|958.86
1786592220|20260813113700|958.86
1786592280|20260813113800|958.76
1786592340|20260813113900|958.78
1786592400|20260813114000|958.78
1786592460|20260813114100|958.71
1786592520|20260813114200|958.67
1786592580|20260813114300|958.61
1786592640|20260813114400|958.47
1786592700|20260813114500|958.57
1786592760|20260813114600|958.64
1786592820|20260813114700|958.59
1786592880|20260813114800|958.59
1786592940|20260813114900|958.61
1786593000|20260813115000|958.55
1786593060|20260813115100|958.42
1786593120|20260813115200|958.40
1786593180|20260813115300|958.42
1786593240|20260813115400|958.37
1786593300|20260813115500|958.13
1786593360|20260813115600|957.85
1786593420|20260813115700|957.64
1786593480|20260813115800|957.49
1786593540|20260813115900|957.29
1786593600|20260813120000|957.17
1786593660|20260813120100|956.73
1786593720|20260813120200|956.26
1786593780|20260813120300|957.34
1786593840|20260813120400|956.47
1786593900|20260813120500|956.42
1786593960|20260813120600|956.48
1786594020|20260813120700|956.61
1786594080|20260813120800|956.56
1786594140|20260813120900|956.46
1786594200|20260813121000|955.71
1786594260|20260813121100|956.33
1786594320|20260813121200|955.75
1786594380|20260813121300|956.00
1786594440|20260813121400|956.16
1786594500|20260813121500|956.14
1786594560|20260813121600|956.15
1786594620|20260813121700|956.20
1786594680|20260813121800|956.12
1786594740|20260813121900|956.14
1786594800|20260813122000|956.14
1786594860|20260813122100|956.15
1786594920|20260813122200|956.00
1786594980|20260813122300|956.12
1786595040|20260813122400|956.14
1786595100|20260813122500|956.62
1786595160|20260813122600|956.88
1786595220|20260813122700|956.98
1786595280|20260813122800|956.77
1786595340|20260813122900|956.94
1786595400|20260813123000|957.05
1786595460|20260813123100|956.99
1786595520|20260813123200|957.02
1786595580|20260813123300|957.27
1786595640|20260813123400|957.28
1786595700|20260813123500|956.85
1786595760|20260813123600|956.83
1786595820|20260813123700|957.09
1786595880|20260813123800|957.17
1786595940|20260813123900|956.99
1786596000|20260813124000|956.85
1786596060|20260813124100|956.80
1786596120|20260813124200|957.09
1786596180|20260813124300|956.92
1786596240|20260813124400|956.88
1786596300|20260813124500|956.61
1786596360|20260813124600|956.73
1786596420|20260813124700|956.77
1786596480|20260813124800|956.79
1786596540|20260813124900|956.94
1786596600|20260813125000|956.67
1786596660|20260813125100|956.60
1786596720|20260813125200|956.59
1786596780|20260813125300|956.65
1786596840|20260813125400|956.72
1786596900|20260813125500|956.71
1786596960|20260813125600|956.69
1786597020|20260813125700|956.73
1786597080|20260813125800|956.79
1786597140|20260813125900|956.88
1786597200|20260813130000|956.90
1786597260|20260813130100|956.52
1786597320|20260813130200|955.87
1786597380|20260813130300|956.22
1786597440|20260813130400|956.60
1786597500|20260813130500|956.50
1786597560|20260813130600|956.56
1786597620|20260813130700|956.71
1786597680|20260813130800|956.37
1786597740|20260813130900|956.43
1786597800|20260813131000|956.24
1786597860|20260813131100|956.85
1786597920|20260813131200|956.66
1786597980|20260813131300|956.94
1786598040|20260813131400|957.60
1786598100|20260813131500|957.91
1786598160|20260813131600|958.03
1786598220|20260813131700|957.22
1786598280|20260813131800|957.39
1786598340|20260813131900|957.52
1786598400|20260813132000|957.32
1786598460|20260813132100|957.41
1786598520|20260813132200|957.49
1786598580|20260813132300|957.46
1786598640|20260813132400|957.57
1786598700|20260813132500|957.59
1786598760|20260813132600|957.86
1786598820|20260813132700|958.48
1786598880|20260813132800|957.77
1786598940|20260813132900|958.45
1786599000|20260813133000|958.25
1786599060|20260813133100|957.01
1786599120|20260813133200|956.28
1786599180|20260813133300|955.92
1786599240|20260813133400|956.23
1786599300|20260813133500|956.39
1786599360|20260813133600|956.47
1786599420|20260813133700|956.61
1786599480|20260813133800|956.54
1786599540|20260813133900|956.49
1786599600|20260813134000|956.55
1786599660|20260813134100|956.93
1786599720|20260813134200|955.88
1786599780|20260813134300|955.00
1786599840|20260813134400|954.59
1786599900|20260813134500|954.44
1786599960|20260813134600|954.49
1786600020|20260813134700|953.59
1786600080|20260813134800|953.83
1786600140|20260813134900|954.37
1786600200|20260813135000|954.29
1786600260|20260813135100|954.31
1786600320|20260813135200|954.66
1786600380|20260813135300|954.68
1786600440|20260813135400|954.02
1786600500|20260813135500|953.72
1786600560|20260813135600|953.67
1786600620|20260813135700|953.48
1786600680|20260813135800|953.27
1786600740|20260813135900|953.12
1786600800|20260813140000|952.95
1786600860|20260813140100|953.45
1786600920|20260813140200|953.45
1786600980|20260813140300|953.27
1786601040|20260813140400|953.08
1786601100|20260813140500|952.24
1786601160|20260813140600|951.95
1786601220|20260813140700|952.11
1786601280|20260813140800|951.56
1786601340|20260813140900|951.71
1786601400|20260813141000|952.42
1786601460|20260813141100|952.03
1786601520|20260813141200|951.97
1786601580|20260813141300|952.18
1786601640|20260813141400|951.47
1786601700|20260813141500|951.61
1786601760|20260813141600|951.67
1786601820|20260813141700|952.26
1786601880|20260813141800|952.01
1786601940|20260813141900|952.14
1786602000|20260813142000|951.79
1786602060|20260813142100|952.15
1786602120|20260813142200|951.93
1786602180|20260813142300|951.62
1786602240|20260813142400|951.71
1786602300|20260813142500|952.25
1786602360|20260813142600|952.10
1786602420|20260813142700|951.94
1786602480|20260813142800|951.73
1786602540|20260813142900|952.17
1786602600|20260813143000|951.98
1786602660|20260813143100|951.95
1786602720|20260813143200|951.85
1786602780|20260813143300|952.23
1786602840|20260813143400|951.05
1786602900|20260813143500|951.21
1786602960|20260813143600|951.25
1786603020|20260813143700|950.59
1786603080|20260813143800|950.77
1786603140|20260813143900|950.55
1786603200|20260813144000|951.13
1786603260|20260813144100|951.41
1786603320|20260813144200|951.39
1786603380|20260813144300|951.24
1786603440|20260813144400|951.61
1786603500|20260813144500|951.52
1786603560|20260813144600|951.97
1786603620|20260813144700|951.79
1786603680|20260813144800|952.30
1786603740|20260813144900|952.52
1786603800|20260813145000|952.57
1786603860|20260813145100|952.80
1786603920|20260813145200|952.78
1786603980|20260813145300|952.71
1786604040|20260813145400|952.77
1786604100|20260813145500|952.87
1786604160|20260813145600|953.12
1786604220|20260813145700|953.11
1786604280|20260813145800|953.10
1786604340|20260813145900|952.91
1786604400|20260813150000|953.05
1786604460|20260813150100|952.91
1786604520|20260813150200|952.77
1786604580|20260813150300|953.09
1786604640|20260813150400|953.03
1786604700|20260813150500|952.94
1786604760|20260813150600|952.82
1786604820|20260813150700|952.72
1786604880|20260813150800|952.97
1786604940|20260813150900|953.08
1786605000|20260813151000|952.86
1786605060|20260813151100|952.76
1786605120|20260813151200|952.58
1786605180|20260813151300|952.61
1786605240|20260813151400|952.33
1786605300|20260813151500|952.62
1786605360|20260813151600|952.35
1786605420|20260813151700|952.45
1786605480|20260813151800|952.23
1786605540|20260813151900|952.09
1786605600|20260813152000|952.01
1786605660|20260813152100|951.93
1786605720|20260813152200|951.66
1786605780|20260813152300|951.76
1786605840|20260813152400|951.78
1786605900|20260813152500|951.91
1786605960|20260813152600|951.91
1786606020|20260813152700|951.71
1786606080|20260813152800|951.56
1786606140|20260813152900|951.63
1786606200|20260813153000|951.76
1786606260|20260813153100|951.58
1786606320|20260813153200|952.07
1786606380|20260813153300|951.50
1786606440|20260813153400|951.34
1786606500|20260813153500|951.43
1786606560|20260813153600|951.77
1786606620|20260813153700|951.85
1786606680|20260813153800|951.94
1786606740|20260813153900|951.50
1786606800|20260813154000|951.62
1786606860|20260813154100|951.67
1786606920|20260813154200|952.11
1786606980|20260813154300|952.24
1786607040|20260813154400|952.06
1786607100|20260813154500|952.51
1786607160|20260813154600|951.80
1786607220|20260813154700|952.01
1786607280|20260813154800|951.79
1786607340|20260813154900|951.41
1786607400|20260813155000|951.02
1786607460|20260813155100|951.35
1786607520|20260813155200|951.04
1786607580|20260813155300|951.33
1786607640|20260813155400|951.33
1786607700|20260813155500|951.29
1786607760|20260813155600|950.82
1786607820|20260813155700|950.63
1786607880|20260813155800|950.65
1786607940|20260813155900|950.74
1786608000|20260813160000|950.60
1786608060|20260813160100|950.28
1786608120|20260813160200|950.67
1786608180|20260813160300|950.33
1786608240|20260813160400|949.84
1786608300|20260813160500|950.06
1786608360|20260813160600|950.28
1786608420|20260813160700|950.27
1786608480|20260813160800|950.00
1786608540|20260813160900|950.06
1786608600|20260813161000|949.75
1786608660|20260813161100|949.93
1786608720|20260813161200|949.45
1786608780|20260813161300|949.61
1786608840|20260813161400|950.02
1786608900|20260813161500|949.83
1786608960|20260813161600|949.90
1786609020|20260813161700|950.12
1786609080|20260813161800|949.88
1786609140|20260813161900|949.97
1786609200|20260813162000|949.72
1786609260|20260813162100|949.99
1786609320|20260813162200|950.35
1786609380|20260813162300|950.66
1786609440|20260813162400|950.45
1786609500|20260813162500|950.71
1786609560|20260813162600|950.79
1786609620|20260813162700|951.21
1786609680|20260813162800|950.80
1786609740|20260813162900|951.24
1786609800|20260813163000|951.25
1786609860|20260813163100|951.32
1786609920|20260813163200|951.53
1786609980|20260813163300|951.46
1786610040|20260813163400|951.46
1786610100|20260813163500|951.64
1786610160|20260813163600|951.81
1786610220|20260813163700|951.52
1786610280|20260813163800|951.55
1786610340|20260813163900|951.75
1786610400|20260813164000|951.35
1786610460|20260813164100|951.43
1786610520|20260813164200|951.51
1786610580|20260813164300|951.58
1786610640|20260813164400|951.51
1786610700|20260813164500|951.29
1786610760|20260813164600|951.34
1786610820|20260813164700|951.38
1786610880|20260813164800|951.71
1786610940|20260813164900|952.31
1786611000|20260813165000|952.29
1786611060|20260813165100|952.25
1786611120|20260813165200|952.17
1786611180|20260813165300|952.03
1786611240|20260813165400|951.75
1786611300|20260813165500|951.84
1786611360|20260813165600|951.92
1786611420|20260813165700|951.85
1786611480|20260813165800|951.96
1786611540|20260813165900|951.67
1786611600|20260813170000|951.81
1786611660|20260813170100|951.93
1786611720|20260813170200|951.79
1786611780|20260813170300|951.48
1786611840|20260813170400|951.40
1786611900|20260813170500|951.38
1786611960|20260813170600|951.21
1786612020|20260813170700|951.31
1786612080|20260813170800|951.29
1786612140|20260813170900|952.13
1786612200|20260813171000|952.02
1786612260|20260813171100|952.09
1786612320|20260813171200|951.97
1786612380|20260813171300|952.08
1786612440|20260813171400|952.13
1786612500|20260813171500|951.96
1786612560|20260813171600|951.95
1786612620|20260813171700|952.15
1786612680|20260813171800|952.15
1786612740|20260813171900|952.32
1786612800|20260813172000|952.67
1786612860|20260813172100|952.85
1786612920|20260813172200|952.71
1786612980|20260813172300|952.59
1786613040|20260813172400|952.43
1786613100|20260813172500|952.23
1786613160|20260813172600|952.38
1786613220|20260813172700|952.68
1786613280|20260813172800|952.79
1786613340|20260813172900|952.83
1786613400|20260813173000|952.56
1786613460|20260813173100|952.78
1786613520|20260813173200|952.69
1786613580|20260813173300|952.72
1786613640|20260813173400|952.65
1786613700|20260813173500|952.75
1786613760|20260813173600|952.80
1786613820|20260813173700|952.72
1786613880|20260813173800|952.67
1786613940|20260813173900|952.70
1786614000|20260813174000|952.75
1786614060|20260813174100|952.71
1786614120|20260813174200|952.38
1786614180|20260813174300|952.61
1786614240|20260813174400|952.59
1786614300|20260813174500|952.56
1786614360|20260813174600|952.54
1786614420|20260813174700|952.67
1786614480|20260813174800|952.33
1786614540|20260813174900|952.22
1786614600|20260813175000|952.44
1786614660|20260813175100|952.38
1786614720|20260813175200|952.43
1786614780|20260813175300|952.53
1786614840|20260813175400|952.56
1786614900|20260813175500|952.57
1786614960|20260813175600|952.73
1786615020|20260813175700|952.97
1786615080|20260813175800|953.27
1786615140|20260813175900|953.45
1786615200|20260813180000|953.51
1786615260|20260813180100|953.65
1786615320|20260813180200|953.50
1786615380|20260813180300|953.53
1786615440|20260813180400|953.44
1786615500|20260813180500|953.56
1786615560|20260813180600|953.49
1786615620|20260813180700|953.60
1786615680|20260813180800|953.45
1786615740|20260813180900|953.50
1786615800|20260813181000|953.44
1786615860|20260813181100|953.34
1786615920|20260813181200|953.38
1786615980|20260813181300|953.15
1786616040|20260813181400|953.00
1786616100|20260813181500|952.85
1786616160|20260813181600|952.94
1786616220|20260813181700|952.98
1786616280|20260813181800|953.23
1786616340|20260813181900|953.63
1786616400|20260813182000|953.61
1786616460|20260813182100|953.64
1786616520|20260813182200|953.70
1786616580|20260813182300|953.76
1786616640|20260813182400|953.52
1786616700|20260813182500|953.48
1786616760|20260813182600|953.69
1786616820|20260813182700|953.78
1786616880|20260813182800|954.08
1786616940|20260813182900|953.91
1786617000|20260813183000|953.99
1786617060|20260813183100|954.11
1786617120|20260813183200|954.08
1786617180|20260813183300|953.77
1786617240|20260813183400|953.59
1786617300|20260813183500|953.67
1786617360|20260813183600|953.82
1786617420|20260813183700|953.89
1786617480|20260813183800|954.30
1786617540|20260813183900|954.39
1786617600|20260813184000|954.40
1786617660|20260813184100|954.34
1786617720|20260813184200|954.40
1786617780|20260813184300|954.28
1786617840|20260813184400|954.71
1786617900|20260813184500|954.75
1786617960|20260813184600|954.46
1786618020|20260813184700|954.35
1786618080|20260813184800|954.41
1786618140|20260813184900|954.54
1786618200|20260813185000|954.75
1786618260|20260813185100|955.22
1786618320|20260813185200|955.11
1786618380|20260813185300|955.42
1786618440|20260813185400|955.39
1786618500|20260813185500|955.22
1786618560|20260813185600|955.18
1786618620|20260813185700|955.09
1786618680|20260813185800|955.21
1786618740|20260813185900|955.08
1786618800|20260813190000|955.13
1786618860|20260813190100|955.08
1786618920|20260813190200|954.87
1786618980|20260813190300|954.73
1786619040|20260813190400|954.55
1786619100|20260813190500|954.51
1786619160|20260813190600|954.69
1786619220|20260813190700|954.82
1786619280|20260813190800|954.84
1786619340|20260813190900|954.98
1786619400|20260813191000|954.86
1786619460|20260813191100|955.03
1786619520|20260813191200|955.05
1786619580|20260813191300|955.07
1786619640|20260813191400|955.15
1786619700|20260813191500|955.60
1786619760|20260813191600|955.88
1786619820|20260813191700|955.58
1786619880|20260813191800|955.33
1786619940|20260813191900|955.58
1786620000|20260813192000|955.41
1786620060|20260813192100|955.47
1786620120|20260813192200|955.50
1786620180|20260813192300|955.13
1786620240|20260813192400|955.13
1786620300|20260813192500|955.22
1786620360|20260813192600|955.06
1786620420|20260813192700|955.00
1786620480|20260813192800|954.95
1786620540|20260813192900|954.70
1786620600|20260813193000|954.27
1786620660|20260813193100|954.32
1786620720|20260813193200|954.24
1786620780|20260813193300|954.30
1786620840|20260813193400|954.01
1786620900|20260813193500|954.34
1786620960|20260813193600|954.25
1786621020|20260813193700|954.40
1786621080|20260813193800|954.44
1786621140|20260813193900|954.38
1786621200|20260813194000|954.50
1786621260|20260813194100|953.88
1786621320|20260813194200|953.61
1786621380|20260813194300|953.44
1786621440|20260813194400|953.55
1786621500|20260813194500|953.42
1786621560|20260813194600|953.77
1786621620|20260813194700|953.72
1786621680|20260813194800|953.37
1786621740|20260813194900|953.24
1786621800|20260813195000|953.53
1786621860|20260813195100|953.45
1786621920|20260813195200|953.44
1786621980|20260813195300|953.46
1786622040|20260813195400|953.55
1786622100|20260813195500|953.63
1786622160|20260813195600|953.33
1786622220|20260813195700|953.64
1786622280|20260813195800|953.77
1786622340|20260813195900|954.06
1786622400|20260813200000|953.89
1786622460|20260813200100|954.98
1786622520|20260813200200|954.61
1786622580|20260813200300|954.11
1786622640|20260813200400|954.20
