1789142400|20260912000000|945.73
1789142460|20260912000100|946.31
1789142520|20260912000200|946.36
1789142580|20260912000300|946.40
1789142640|20260912000400|946.40
1789142700|20260912000500|946.74
1789142760|20260912000600|946.75
1789142820|20260912000700|946.60
1789142880|20260912000800|945.98
1789142940|20260912000900|945.92
1789143000|20260912001000|945.89
1789143060|20260912001100|945.87
1789143120|20260912001200|946.06
1789143180|20260912001300|946.04
1789143240|20260912001400|945.70
1789143300|20260912001500|944.75
1789143360|20260912001600|944.72
1789143420|20260912001700|944.92
1789143480|20260912001800|944.96
1789143540|20260912001900|945.00
1789143600|20260912002000|944.23
1789143660|20260912002100|944.19
1789143720|20260912002200|944.18
1789143780|20260912002300|943.83
1789143840|20260912002400|943.52
1789143900|20260912002500|942.81
1789143960|20260912002600|943.07
1789144020|20260912002700|943.53
1789144080|20260912002800|944.08
1789144140|20260912002900|944.52
1789144200|20260912003000|943.54
1789144260|20260912003100|943.54
1789144320|20260912003200|943.89
1789144380|20260912003300|944.46
1789144440|20260912003400|944.66
1789144500|20260912003500|945.16
1789144560|20260912003600|944.93
1789144620|20260912003700|944.44
1789144680|20260912003800|944.49
1789144740|20260912003900|944.96
1789144800|20260912004000|944.68
1789144860|20260912004100|944.93
1789144920|20260912004200|945.02
1789144980|20260912004300|944.95
1789145040|20260912004400|944.81
1789145100|20260912004500|944.98
1789145160|20260912004600|944.98
1789145220|20260912004700|945.00
1789145280|20260912004800|945.00
1789145340|20260912004900|945.00
1789145400|20260912005000|944.77
1789145460|20260912005100|944.71
1789145520|20260912005200|944.71
1789145580|20260912005300|944.71
1789145640|20260912005400|944.71
1789145700|20260912005500|944.71
1789145760|20260912005600|944.79
1789145820|20260912005700|944.78
1789145880|20260912005800|944.77
1789145940|20260912005900|945.06
1789146000|20260912010000|944.92
1789146060|20260912010100|944.86
1789146120|20260912010200|944.94
1789146180|20260912010300|944.92
1789146240|20260912010400|944.92
1789146300|20260912010500|944.99
1789146360|20260912010600|944.94
1789146420|20260912010700|944.95
1789146480|20260912010800|945.30
1789146540|20260912010900|945.32
1789146600|20260912011000|945.30
1789146660|20260912011100|945.38
1789146720|20260912011200|945.24
1789146780|20260912011300|945.54
1789146840|20260912011400|945.54
1789146900|20260912011500|945.63
1789146960|20260912011600|945.57
1789147020|20260912011700|945.57
1789147080|20260912011800|945.61
1789147140|20260912011900|945.61
1789147200|20260912012000|946.15
1789147260|20260912012100|946.19
1789147320|20260912012200|945.85
1789147380|20260912012300|945.85
1789147440|20260912012400|945.99
1789147500|20260912012500|945.99
1789147560|20260912012600|946.10
1789147620|20260912012700|946.00
1789147680|20260912012800|945.94
1789147740|20260912012900|945.91
1789147800|20260912013000|945.69
1789147860|20260912013100|945.72
1789147920|20260912013200|946.22
1789147980|20260912013300|946.20
1789148040|20260912013400|945.97
1789148100|20260912013500|946.17
1789148160|20260912013600|946.17
1789148220|20260912013700|946.10
1789148280|20260912013800|945.96
1789148340|20260912013900|945.01
1789148400|20260912014000|944.86
1789148460|20260912014100|944.87
1789148520|20260912014200|944.46
1789148580|20260912014300|944.42
1789148640|20260912014400|944.58
1789148700|20260912014500|945.04
1789148760|20260912014600|944.69
1789148820|20260912014700|944.67
1789148880|20260912014800|944.46
1789148940|20260912014900|944.46
1789149000|20260912015000|944.73
1789149060|20260912015100|944.73
1789149120|20260912015200|944.73
1789149180|20260912015300|944.81
1789149240|20260912015400|944.82
1789149300|20260912015500|944.90
1789149360|20260912015600|944.70
1789149420|20260912015700|944.35
1789149480|20260912015800|944.31
1789149540|20260912015900|944.18
1789348200|20260914091000|939.91
1789348260|20260914091100|939.10
1789348320|20260914091200|939.11
1789348380|20260914091300|938.70
1789348440|20260914091400|938.68
1789348500|20260914091500|938.95
1789348560|20260914091600|938.77
1789348620|20260914091700|938.34
1789348680|20260914091800|938.51
1789348740|20260914091900|938.57
1789348800|20260914092000|937.62
1789348860|20260914092100|938.01
1789348920|20260914092200|938.51
1789348980|20260914092300|938.93
1789349040|20260914092400|939.07
1789349100|20260914092500|939.26
1789349160|20260914092600|938.85
1789349220|20260914092700|939.06
1789349280|20260914092800|939.38
1789349340|20260914092900|939.59
1789349400|20260914093000|939.38
1789349460|20260914093100|939.10
1789349520|20260914093200|938.95
1789349580|20260914093300|938.39
1789349640|20260914093400|938.26
1789349700|20260914093500|938.64
1789349760|20260914093600|939.22
1789349820|20260914093700|939.72
1789349880|20260914093800|939.96
1789349940|20260914093900|940.10
1789350000|20260914094000|940.62
1789350060|20260914094100|940.48
1789350120|20260914094200|940.43
1789350180|20260914094300|939.60
1789350240|20260914094400|940.06
1789350300|20260914094500|940.34
1789350360|20260914094600|940.63
1789350420|20260914094700|940.67
1789350480|20260914094800|941.07
1789350540|20260914094900|941.51
1789350600|20260914095000|941.18
1789350660|20260914095100|941.05
1789350720|20260914095200|941.50
1789350780|20260914095300|941.65
1789350840|20260914095400|941.50
1789350900|20260914095500|941.67
1789350960|20260914095600|941.42
1789351020|20260914095700|942.07
1789351080|20260914095800|942.35
1789351140|20260914095900|942.96
1789351200|20260914100000|942.78
1789351260|20260914100100|942.56
1789351320|20260914100200|942.83
1789351380|20260914100300|942.37
1789351440|20260914100400|942.18
1789351500|20260914100500|941.97
1789351560|20260914100600|942.30
1789351620|20260914100700|942.68
1789351680|20260914100800|942.95
1789351740|20260914100900|943.30
1789351800|20260914101000|942.87
1789351860|20260914101100|942.68
1789351920|20260914101200|942.49
1789351980|20260914101300|942.02
1789352040|20260914101400|942.22
1789352100|20260914101500|942.42
1789352160|20260914101600|942.45
1789352220|20260914101700|942.38
1789352280|20260914101800|942.41
1789352340|20260914101900|942.42
1789352400|20260914102000|942.25
1789352460|20260914102100|942.51
1789352520|20260914102200|942.49
1789352580|20260914102300|942.47
1789352640|20260914102400|942.58
1789352700|20260914102500|942.65
1789352760|20260914102600|942.69
1789352820|20260914102700|942.80
1789352880|20260914102800|942.69
1789352940|20260914102900|942.55
1789353000|20260914103000|942.56
1789353060|20260914103100|942.88
1789353120|20260914103200|943.00
1789353180|20260914103300|942.77
1789353240|20260914103400|942.82
1789353300|20260914103500|943.22
1789353360|20260914103600|942.61
1789353420|20260914103700|942.48
1789353480|20260914103800|942.33
1789353540|20260914103900|942.25
1789353600|20260914104000|941.84
1789353660|20260914104100|941.60
1789353720|20260914104200|941.25
1789353780|20260914104300|941.26
1789353840|20260914104400|941.76
1789353900|20260914104500|941.29
1789353960|20260914104600|941.81
1789354020|20260914104700|941.56
1789354080|20260914104800|941.39
1789354140|20260914104900|941.32
1789354200|20260914105000|941.16
1789354260|20260914105100|941.11
1789354320|20260914105200|940.51
1789354380|20260914105300|940.34
1789354440|20260914105400|940.28
1789354500|20260914105500|939.94
1789354560|20260914105600|939.45
1789354620|20260914105700|939.36
1789354680|20260914105800|938.80
1789354740|20260914105900|938.58
1789354800|20260914110000|938.40
1789354860|20260914110100|938.19
1789354920|20260914110200|938.56
1789354980|20260914110300|938.67
1789355040|20260914110400|938.89
1789355100|20260914110500|938.82
1789355160|20260914110600|938.91
1789355220|20260914110700|939.05
1789355280|20260914110800|939.01
1789355340|20260914110900|939.02
1789355400|20260914111000|939.26
1789355460|20260914111100|938.87
1789355520|20260914111200|939.09
1789355580|20260914111300|939.36
1789355640|20260914111400|939.31
1789355700|20260914111500|938.89
1789355760|20260914111600|938.80
1789355820|20260914111700|938.89
1789355880|20260914111800|938.91
1789355940|20260914111900|939.11
1789356000|20260914112000|939.32
1789356060|20260914112100|939.23
1789356120|20260914112200|939.12
1789356180|20260914112300|939.39
1789356240|20260914112400|939.29
1789356300|20260914112500|939.09
1789356360|20260914112600|938.96
1789356420|20260914112700|938.92
1789356480|20260914112800|938.85
1789356540|20260914112900|939.03
1789356600|20260914113000|939.02
1789356660|20260914113100|938.95
1789356720|20260914113200|938.95
1789356780|20260914113300|939.01
1789356840|20260914113400|938.73
1789356900|20260914113500|938.50
1789356960|20260914113600|938.44
1789357020|20260914113700|938.25
1789357080|20260914113800|938.50
1789357140|20260914113900|938.66
1789357200|20260914114000|938.65
1789357260|20260914114100|938.40
1789357320|20260914114200|937.96
1789357380|20260914114300|938.27
1789357440|20260914114400|938.23
1789357500|20260914114500|938.20
1789357560|20260914114600|938.29
1789357620|20260914114700|938.47
1789357680|20260914114800|938.26
1789357740|20260914114900|938.52
1789357800|20260914115000|938.86
1789357860|20260914115100|938.80
1789357920|20260914115200|938.57
1789357980|20260914115300|938.49
1789358040|20260914115400|938.64
1789358100|20260914115500|938.73
1789358160|20260914115600|938.74
1789358220|20260914115700|938.68
1789358280|20260914115800|938.67
1789358340|20260914115900|938.54
1789358400|20260914120000|938.48
1789358460|20260914120100|938.69
1789358520|20260914120200|938.66
1789358580|20260914120300|938.57
1789358640|20260914120400|938.62
1789358700|20260914120500|938.57
1789358760|20260914120600|938.52
1789358820|20260914120700|938.42
1789358880|20260914120800|938.48
1789358940|20260914120900|938.29
1789359000|20260914121000|938.37
1789359060|20260914121100|938.45
1789359120|20260914121200|938.52
1789359180|20260914121300|938.51
1789359240|20260914121400|938.50
1789359300|20260914121500|938.52
1789359360|20260914121600|938.35
1789359420|20260914121700|938.40
1789359480|20260914121800|938.36
1789359540|20260914121900|938.21
1789359600|20260914122000|938.36
1789359660|20260914122100|938.40
1789359720|20260914122200|938.38
1789359780|20260914122300|938.46
1789359840|20260914122400|938.30
1789359900|20260914122500|938.19
1789359960|20260914122600|938.51
1789360020|20260914122700|938.46
1789360080|20260914122800|938.38
1789360140|20260914122900|938.73
1789360200|20260914123000|938.67
1789360260|20260914123100|939.00
1789360320|20260914123200|938.70
1789360380|20260914123300|938.38
1789360440|20260914123400|938.37
1789360500|20260914123500|938.13
1789360560|20260914123600|938.34
1789360620|20260914123700|938.77
1789360680|20260914123800|938.71
1789360740|20260914123900|937.53
1789360800|20260914124000|937.57
1789360860|20260914124100|937.55
1789360920|20260914124200|937.50
1789360980|20260914124300|937.55
1789361040|20260914124400|937.49
1789361100|20260914124500|937.32
1789361160|20260914124600|937.16
1789361220|20260914124700|937.14
1789361280|20260914124800|937.06
1789361340|20260914124900|937.29
1789361400|20260914125000|937.29
1789361460|20260914125100|937.30
1789361520|20260914125200|937.16
1789361580|20260914125300|937.35
1789361640|20260914125400|937.66
1789361700|20260914125500|937.62
1789361760|20260914125600|938.37
1789361820|20260914125700|938.28
1789361880|20260914125800|938.28
1789361940|20260914125900|938.28
1789362000|20260914130000|938.28
1789362060|20260914130100|938.46
1789362120|20260914130200|938.42
1789362180|20260914130300|938.21
1789362240|20260914130400|938.30
1789362300|20260914130500|938.73
1789362360|20260914130600|938.65
1789362420|20260914130700|938.55
1789362480|20260914130800|938.51
1789362540|20260914130900|938.51
1789362600|20260914131000|938.32
1789362660|20260914131100|937.85
1789362720|20260914131200|937.83
1789362780|20260914131300|938.15
1789362840|20260914131400|938.36
1789362900|20260914131500|938.55
1789362960|20260914131600|938.71
1789363020|20260914131700|938.78
1789363080|20260914131800|938.73
1789363140|20260914131900|938.46
1789363200|20260914132000|938.47
1789363260|20260914132100|938.42
1789363320|20260914132200|938.47
1789363380|20260914132300|938.45
1789363440|20260914132400|938.23
1789363500|20260914132500|937.97
1789363560|20260914132600|938.08
1789363620|20260914132700|938.12
1789363680|20260914132800|938.14
1789363740|20260914132900|937.95
1789363800|20260914133000|937.91
1789363860|20260914133100|938.96
1789363920|20260914133200|938.91
1789363980|20260914133300|939.24
1789364040|20260914133400|939.45
1789364100|20260914133500|938.81
1789364160|20260914133600|939.32
1789364220|20260914133700|939.09
1789364280|20260914133800|939.09
1789364340|20260914133900|939.46
1789364400|20260914134000|939.39
1789364460|20260914134100|938.84
1789364520|20260914134200|938.66
1789364580|20260914134300|937.62
1789364640|20260914134400|938.03
1789364700|20260914134500|938.30
1789364760|20260914134600|938.16
1789364820|20260914134700|938.29
1789364880|20260914134800|938.28
1789364940|20260914134900|937.64
1789365000|20260914135000|937.30
1789365060|20260914135100|937.43
1789365120|20260914135200|937.81
1789365180|20260914135300|937.81
1789365240|20260914135400|938.42
1789365300|20260914135500|938.77
1789365360|20260914135600|938.60
1789365420|20260914135700|938.91
1789365480|20260914135800|939.05
1789365540|20260914135900|939.18
1789365600|20260914140000|939.31
1789365660|20260914140100|939.23
1789365720|20260914140200|939.56
1789365780|20260914140300|939.40
1789365840|20260914140400|939.23
1789365900|20260914140500|938.91
1789365960|20260914140600|938.76
1789366020|20260914140700|938.21
1789366080|20260914140800|938.72
1789366140|20260914140900|938.70
1789366200|20260914141000|938.14
1789366260|20260914141100|938.32
1789366320|20260914141200|938.51
1789366380|20260914141300|937.81
1789366440|20260914141400|937.48
1789366500|20260914141500|937.93
1789366560|20260914141600|937.76
1789366620|20260914141700|938.01
1789366680|20260914141800|937.95
1789366740|20260914141900|937.86
1789366800|20260914142000|938.12
1789366860|20260914142100|938.03
1789366920|20260914142200|937.87
1789366980|20260914142300|937.60
1789367040|20260914142400|937.94
1789367100|20260914142500|938.01
1789367160|20260914142600|938.25
1789367220|20260914142700|938.32
1789367280|20260914142800|938.46
1789367340|20260914142900|938.07
1789367400|20260914143000|938.09
1789367460|20260914143100|938.21
1789367520|20260914143200|938.23
1789367580|20260914143300|938.01
1789367640|20260914143400|938.12
1789367700|20260914143500|937.97
1789367760|20260914143600|937.93
1789367820|20260914143700|938.29
1789367880|20260914143800|938.26
1789367940|20260914143900|937.88
1789368000|20260914144000|937.61
1789368060|20260914144100|937.44
1789368120|20260914144200|937.46
1789368180|20260914144300|937.30
1789368240|20260914144400|937.25
1789368300|20260914144500|937.55
1789368360|20260914144600|937.81
1789368420|20260914144700|937.74
1789368480|20260914144800|937.58
1789368540|20260914144900|937.67
1789368600|20260914145000|936.95
1789368660|20260914145100|936.68
1789368720|20260914145200|936.59
1789368780|20260914145300|936.91
1789368840|20260914145400|936.60
1789368900|20260914145500|936.58
1789368960|20260914145600|936.54
1789369020|20260914145700|935.90
1789369080|20260914145800|936.23
1789369140|20260914145900|936.27
1789369200|20260914150000|936.30
1789369260|20260914150100|936.09
1789369320|20260914150200|936.16
1789369380|20260914150300|936.00
1789369440|20260914150400|936.05
1789369500|20260914150500|936.32
1789369560|20260914150600|936.39
1789369620|20260914150700|936.11
1789369680|20260914150800|936.11
1789369740|20260914150900|936.07
1789369800|20260914151000|936.01
1789369860|20260914151100|936.36
1789369920|20260914151200|936.40
1789369980|20260914151300|936.33
1789370040|20260914151400|936.54
1789370100|20260914151500|936.66
1789370160|20260914151600|936.45
1789370220|20260914151700|936.71
1789370280|20260914151800|936.66
1789370340|20260914151900|936.84
1789370400|20260914152000|936.92
1789370460|20260914152100|936.49
1789370520|20260914152200|936.18
1789370580|20260914152300|936.37
1789370640|20260914152400|936.35
1789370700|20260914152500|935.95
1789370760|20260914152600|935.92
1789370820|20260914152700|936.42
1789370880|20260914152800|936.11
1789370940|20260914152900|935.96
1789371000|20260914153000|935.56
1789371060|20260914153100|935.63
1789371120|20260914153200|935.86
1789371180|20260914153300|935.62
1789371240|20260914153400|935.39
1789371300|20260914153500|935.49
1789371360|20260914153600|935.34
1789371420|20260914153700|935.35
1789371480|20260914153800|935.36
1789371540|20260914153900|935.46
1789371600|20260914154000|935.37
1789371660|20260914154100|935.59
1789371720|20260914154200|935.50
1789371780|20260914154300|935.84
1789371840|20260914154400|935.65
1789371900|20260914154500|935.82
1789371960|20260914154600|936.00
1789372020|20260914154700|935.99
1789372080|20260914154800|935.78
1789372140|20260914154900|935.28
1789372200|20260914155000|935.52
1789372260|20260914155100|935.27
1789372320|20260914155200|934.20
1789372380|20260914155300|934.20
1789372440|20260914155400|934.18
1789372500|20260914155500|934.15
1789372560|20260914155600|933.89
1789372620|20260914155700|933.80
1789372680|20260914155800|933.63
1789372740|20260914155900|934.03
1789372800|20260914160000|934.17
1789372860|20260914160100|934.10
1789372920|20260914160200|934.63
1789372980|20260914160300|934.57
1789373040|20260914160400|934.77
1789373100|20260914160500|934.93
1789373160|20260914160600|935.44
1789373220|20260914160700|935.61
1789373280|20260914160800|934.90
1789373340|20260914160900|934.95
1789373400|20260914161000|935.21
1789373460|20260914161100|935.15
1789373520|20260914161200|935.01
1789373580|20260914161300|934.83
1789373640|20260914161400|934.67
1789373700|20260914161500|934.63
1789373760|20260914161600|934.10
1789373820|20260914161700|934.31
1789373880|20260914161800|934.20
1789373940|20260914161900|934.12
1789374000|20260914162000|934.17
1789374060|20260914162100|934.38
1789374120|20260914162200|934.38
1789374180|20260914162300|934.33
1789374240|20260914162400|934.46
1789374300|20260914162500|934.53
1789374360|20260914162600|934.45
1789374420|20260914162700|934.50
1789374480|20260914162800|934.42
1789374540|20260914162900|934.31
1789374600|20260914163000|933.84
1789374660|20260914163100|933.86
1789374720|20260914163200|934.21
1789374780|20260914163300|934.60
1789374840|20260914163400|934.23
1789374900|20260914163500|934.35
1789374960|20260914163600|934.61
1789375020|20260914163700|934.63
1789375080|20260914163800|934.82
1789375140|20260914163900|934.65
1789375200|20260914164000|934.41
1789375260|20260914164100|934.37
1789375320|20260914164200|934.31
1789375380|20260914164300|934.17
1789375440|20260914164400|933.68
1789375500|20260914164500|934.15
1789375560|20260914164600|934.02
1789375620|20260914164700|933.86
1789375680|20260914164800|933.90
1789375740|20260914164900|933.61
1789375800|20260914165000|933.56
1789375860|20260914165100|933.32
1789375920|20260914165200|933.15
1789375980|20260914165300|933.23
1789376040|20260914165400|932.89
1789376100|20260914165500|932.95
1789376160|20260914165600|932.84
1789376220|20260914165700|932.43
1789376280|20260914165800|932.70
1789376340|20260914165900|932.96
1789376400|20260914170000|933.09
1789376460|20260914170100|933.74
1789376520|20260914170200|934.19
1789376580|20260914170300|933.57
1789376640|20260914170400|933.97
1789376700|20260914170500|933.66
1789376760|20260914170600|933.67
1789376820|20260914170700|933.52
1789376880|20260914170800|933.53
1789376940|20260914170900|933.71
1789377000|20260914171000|933.94
1789377060|20260914171100|933.67
1789377120|20260914171200|933.10
1789377180|20260914171300|933.08
1789377240|20260914171400|933.01
1789377300|20260914171500|933.01
1789377360|20260914171600|932.51
1789377420|20260914171700|932.32
1789377480|20260914171800|932.04
1789377540|20260914171900|931.23
1789377600|20260914172000|930.24
1789377660|20260914172100|930.25
1789377720|20260914172200|929.70
1789377780|20260914172300|929.11
1789377840|20260914172400|929.47
1789377900|20260914172500|929.23
1789377960|20260914172600|928.65
1789378020|20260914172700|928.20
1789378080|20260914172800|928.31
1789378140|20260914172900|928.57
1789378200|20260914173000|929.22
1789378260|20260914173100|929.37
1789378320|20260914173200|928.83
1789378380|20260914173300|928.34
1789378440|20260914173400|928.89
1789378500|20260914173500|929.25
1789378560|20260914173600|928.96
1789378620|20260914173700|929.18
1789378680|20260914173800|929.08
1789378740|20260914173900|928.60
1789378800|20260914174000|928.15
1789378860|20260914174100|927.78
1789378920|20260914174200|928.48
1789378980|20260914174300|928.86
1789379040|20260914174400|928.82
1789379100|20260914174500|927.88
1789379160|20260914174600|927.68
1789379220|20260914174700|927.91
1789379280|20260914174800|928.00
1789379340|20260914174900|927.81
1789379400|20260914175000|927.95
1789379460|20260914175100|927.81
1789379520|20260914175200|927.85
1789379580|20260914175300|928.28
1789379640|20260914175400|928.59
1789379700|20260914175500|929.20
1789379760|20260914175600|929.07
1789379820|20260914175700|929.11
1789379880|20260914175800|928.91
1789379940|20260914175900|928.67
1789380000|20260914180000|928.71
1789380060|20260914180100|928.33
1789380120|20260914180200|927.88
1789380180|20260914180300|927.83
1789380240|20260914180400|927.50
1789380300|20260914180500|927.93
1789380360|20260914180600|928.33
1789380420|20260914180700|928.11
1789380480|20260914180800|928.58
1789380540|20260914180900|928.60
1789380600|20260914181000|928.85
1789380660|20260914181100|928.93
1789380720|20260914181200|929.27
1789380780|20260914181300|929.17
1789380840|20260914181400|929.38
1789380900|20260914181500|929.34
1789380960|20260914181600|929.19
1789381020|20260914181700|929.07
1789381080|20260914181800|929.21
1789381140|20260914181900|929.67
1789381200|20260914182000|929.72
1789381260|20260914182100|929.05
1789381320|20260914182200|929.01
1789381380|20260914182300|929.07
1789381440|20260914182400|929.42
1789381500|20260914182500|929.52
1789381560|20260914182600|930.00
1789381620|20260914182700|930.18
1789381680|20260914182800|929.86
1789381740|20260914182900|929.96
1789381800|20260914183000|929.96
1789381860|20260914183100|929.91
1789381920|20260914183200|929.77
1789381980|20260914183300|929.95
1789382040|20260914183400|930.13
1789382100|20260914183500|929.94
1789382160|20260914183600|930.15
1789382220|20260914183700|930.21
1789382280|20260914183800|930.00
1789382340|20260914183900|930.38
1789382400|20260914184000|930.45
1789382460|20260914184100|930.37
1789382520|20260914184200|930.61
1789382580|20260914184300|930.62
1789382640|20260914184400|930.41
1789382700|20260914184500|930.54
1789382760|20260914184600|930.65
1789382820|20260914184700|930.41
1789382880|20260914184800|930.17
1789382940|20260914184900|930.27
1789383000|20260914185000|930.27
1789383060|20260914185100|930.10
1789383120|20260914185200|930.17
1789383180|20260914185300|930.09
1789383240|20260914185400|930.19
1789383300|20260914185500|930.02
1789383360|20260914185600|930.05
1789383420|20260914185700|930.50
1789383480|20260914185800|930.63
1789383540|20260914185900|930.96
1789383600|20260914190000|930.66
1789383660|20260914190100|930.64
1789383720|20260914190200|930.75
1789383780|20260914190300|930.89
1789383840|20260914190400|931.06
1789383900|20260914190500|931.13
1789383960|20260914190600|930.81
1789384020|20260914190700|930.85
1789384080|20260914190800|930.62
1789384140|20260914190900|930.74
1789384200|20260914191000|930.68
1789384260|20260914191100|930.14
1789384320|20260914191200|930.24
1789384380|20260914191300|930.13
1789384440|20260914191400|930.09
1789384500|20260914191500|930.14
1789384560|20260914191600|930.38
1789384620|20260914191700|930.22
1789384680|20260914191800|930.68
1789384740|20260914191900|930.66
1789384800|20260914192000|930.84
1789384860|20260914192100|931.00
1789384920|20260914192200|930.73
1789384980|20260914192300|930.99
1789385040|20260914192400|931.03
1789385100|20260914192500|931.08
1789385160|20260914192600|931.07
1789385220|20260914192700|930.98
1789385280|20260914192800|930.98
1789385340|20260914192900|931.01
1789385400|20260914193000|930.97
1789385460|20260914193100|930.97
1789385520|20260914193200|931.05
1789385580|20260914193300|930.87
1789385640|20260914193400|930.70
1789385700|20260914193500|930.69
1789385760|20260914193600|930.51
1789385820|20260914193700|930.43
1789385880|20260914193800|930.30
1789385940|20260914193900|930.37
1789386000|20260914194000|930.34
1789386060|20260914194100|930.45
1789386120|20260914194200|930.20
1789386180|20260914194300|930.47
1789386240|20260914194400|930.56
1789386300|20260914194500|930.14
1789386360|20260914194600|930.32
1789386420|20260914194700|930.06
1789386480|20260914194800|930.28
1789386540|20260914194900|930.22
1789386600|20260914195000|930.36
1789386660|20260914195100|929.96
1789386720|20260914195200|929.61
1789386780|20260914195300|929.28
1789386840|20260914195400|929.10
1789386900|20260914195500|929.13
1789386960|20260914195600|928.88
1789387020|20260914195700|928.51
1789387080|20260914195800|928.58
1789387140|20260914195900|928.54
1789387200|20260914200000|929.92
1789387260|20260914200100|929.37
1789387320|20260914200200|929.81
1789387380|20260914200300|929.73
1789387440|20260914200400|929.21
1789387500|20260914200500|929.26
1789387560|20260914200600|929.26
1789387620|20260914200700|929.56
1789387680|20260914200800|929.84
1789387740|20260914200900|930.25
1789387800|20260914201000|930.67
1789387860|20260914201100|931.57
1789387920|20260914201200|930.81
1789387980|20260914201300|931.20
1789388040|20260914201400|931.16
1789388100|20260914201500|930.55
1789388160|20260914201600|931.07
1789388220|20260914201700|930.78
1789388280|20260914201800|930.93
1789388340|20260914201900|930.61
1789388400|20260914202000|930.14
1789388460|20260914202100|929.59
1789388520|20260914202200|929.51
1789388580|20260914202300|929.42
1789388640|20260914202400|929.54
1789388700|20260914202500|929.35
1789388760|20260914202600|928.57
1789388820|20260914202700|928.85
1789388880|20260914202800|928.58
1789388940|20260914202900|928.77
1789389000|20260914203000|928.92
1789389060|20260914203100|929.19
1789389120|20260914203200|929.42
1789389180|20260914203300|929.41
1789389240|20260914203400|929.35
1789389300|20260914203500|929.66
1789389360|20260914203600|928.40
1789389420|20260914203700|927.91
1789389480|20260914203800|927.11
1789389540|20260914203900|927.15
1789389600|20260914204000|927.94
1789389660|20260914204100|928.58
1789389720|20260914204200|928.46
1789389780|20260914204300|928.03
1789389840|20260914204400|929.31
1789389900|20260914204500|928.75
1789389960|20260914204600|928.29
1789390020|20260914204700|927.86
1789390080|20260914204800|928.29
1789390140|20260914204900|927.67
1789390200|20260914205000|927.61
1789390260|20260914205100|927.20
1789390320|20260914205200|927.04
1789390380|20260914205300|926.83
1789390440|20260914205400|926.26
1789390500|20260914205500|926.00
1789390560|20260914205600|925.92
1789390620|20260914205700|925.31
1789390680|20260914205800|925.97
1789390740|20260914205900|926.61
1789390800|20260914210000|926.60
1789390860|20260914210100|925.68
1789390920|20260914210200|925.48
1789390980|20260914210300|925.58
1789391040|20260914210400|924.99
1789391100|20260914210500|924.83
1789391160|20260914210600|925.31
1789391220|20260914210700|925.14
1789391280|20260914210800|924.16
1789391340|20260914210900|922.60
1789391400|20260914211000|923.79
1789391460|20260914211100|924.16
1789391520|20260914211200|924.78
1789391580|20260914211300|924.47
1789391640|20260914211400|925.05
1789391700|20260914211500|925.09
1789391760|20260914211600|924.89
1789391820|20260914211700|925.28
1789391880|20260914211800|925.56
1789391940|20260914211900|926.27
1789392000|20260914212000|926.49
1789392060|20260914212100|926.80
1789392120|20260914212200|926.71
1789392180|20260914212300|927.30
1789392240|20260914212400|927.02
1789392300|20260914212500|927.33
1789392360|20260914212600|927.24
1789392420|20260914212700|927.13
1789392480|20260914212800|926.45
1789392540|20260914212900|926.72
1789392600|20260914213000|926.79
1789392660|20260914213100|927.14
1789392720|20260914213200|927.22
1789392780|20260914213300|927.29
1789392840|20260914213400|927.24
1789392900|20260914213500|926.63
1789392960|20260914213600|926.71
1789393020|20260914213700|926.48
1789393080|20260914213800|926.82
1789393140|20260914213900|926.52
1789393200|20260914214000|926.01
1789393260|20260914214100|926.04
1789393320|20260914214200|926.13
1789393380|20260914214300|926.02
1789393440|20260914214400|926.57
1789393500|20260914214500|926.98
1789393560|20260914214600|927.62
1789393620|20260914214700|927.25
1789393680|20260914214800|928.27
1789393740|20260914214900|927.91
1789393800|20260914215000|927.65
1789393860|20260914215100|927.41
1789393920|20260914215200|927.06
1789393980|20260914215300|927.95
1789394040|20260914215400|927.89
1789394100|20260914215500|926.98
1789394160|20260914215600|927.05
1789394220|20260914215700|926.53
1789394280|20260914215800|926.68
1789394340|20260914215900|926.56
1789394400|20260914220000|926.83
1789394460|20260914220100|926.56
1789394520|20260914220200|926.80
1789394580|20260914220300|926.31
1789394640|20260914220400|925.68
1789394700|20260914220500|926.03
1789394760|20260914220600|925.24
1789394820|20260914220700|925.97
1789394880|20260914220800|926.04
1789394940|20260914220900|926.13
1789395000|20260914221000|926.29
1789395060|20260914221100|926.82
1789395120|20260914221200|927.15
1789395180|20260914221300|926.73
1789395240|20260914221400|927.62
