1787241600|20260821000000|979.90
1787241660|20260821000100|979.94
1787241720|20260821000200|980.16
1787241780|20260821000300|980.21
1787241840|20260821000400|980.01
1787241900|20260821000500|979.74
1787241960|20260821000600|979.71
1787242020|20260821000700|979.82
1787242080|20260821000800|979.65
1787242140|20260821000900|979.76
1787242200|20260821001000|979.48
1787242260|20260821001100|979.44
1787242320|20260821001200|978.90
1787242380|20260821001300|978.32
1787242440|20260821001400|978.20
1787242500|20260821001500|977.84
1787242560|20260821001600|977.37
1787242620|20260821001700|977.36
1787242680|20260821001800|977.58
1787242740|20260821001900|977.59
1787242800|20260821002000|977.95
1787242860|20260821002100|977.81
1787242920|20260821002200|977.62
1787242980|20260821002300|977.89
1787243040|20260821002400|977.53
1787243100|20260821002500|977.69
1787243160|20260821002600|977.52
1787243220|20260821002700|977.22
1787243280|20260821002800|976.96
1787243340|20260821002900|977.23
1787243400|20260821003000|977.26
1787243460|20260821003100|976.96
1787243520|20260821003200|976.92
1787243580|20260821003300|976.72
1787243640|20260821003400|976.98
1787243700|20260821003500|977.25
1787243760|20260821003600|977.41
1787243820|20260821003700|977.84
1787243880|20260821003800|977.76
1787243940|20260821003900|977.23
1787244000|20260821004000|977.22
1787244060|20260821004100|977.34
1787244120|20260821004200|977.37
1787244180|20260821004300|977.33
1787244240|20260821004400|977.33
1787244300|20260821004500|977.33
1787244360|20260821004600|977.32
1787244420|20260821004700|978.06
1787244480|20260821004800|977.82
1787244540|20260821004900|977.95
1787244600|20260821005000|977.87
1787244660|20260821005100|978.07
1787244720|20260821005200|977.81
1787244780|20260821005300|977.67
1787244840|20260821005400|977.79
1787244900|20260821005500|977.75
1787244960|20260821005600|977.68
1787245020|20260821005700|977.68
1787245080|20260821005800|977.65
1787245140|20260821005900|977.64
1787245200|20260821010000|977.61
1787245260|20260821010100|977.88
1787245320|20260821010200|977.99
1787245380|20260821010300|978.06
1787245440|20260821010400|978.06
1787245500|20260821010500|978.06
1787245560|20260821010600|978.05
1787245620|20260821010700|978.02
1787245680|20260821010800|978.02
1787245740|20260821010900|977.56
1787245800|20260821011000|977.64
1787245860|20260821011100|977.64
1787245920|20260821011200|977.57
1787245980|20260821011300|977.57
1787246040|20260821011400|977.57
1787246100|20260821011500|977.65
1787246160|20260821011600|977.48
1787246220|20260821011700|977.73
1787246280|20260821011800|977.93
1787246340|20260821011900|977.87
1787246400|20260821012000|977.54
1787246460|20260821012100|977.71
1787246520|20260821012200|977.81
1787246580|20260821012300|978.14
1787246640|20260821012400|978.08
1787246700|20260821012500|977.77
1787246760|20260821012600|977.77
1787246820|20260821012700|977.96
1787246880|20260821012800|977.77
1787246940|20260821012900|977.77
1787247000|20260821013000|978.31
1787247060|20260821013100|977.83
1787247120|20260821013200|978.48
1787247180|20260821013300|978.51
1787247240|20260821013400|978.63
1787247300|20260821013500|978.83
1787247360|20260821013600|978.72
1787247420|20260821013700|978.63
1787247480|20260821013800|978.70
1787247540|20260821013900|978.70
1787247600|20260821014000|978.57
1787247660|20260821014100|978.62
1787247720|20260821014200|978.64
1787247780|20260821014300|978.65
1787247840|20260821014400|978.82
1787247900|20260821014500|979.02
1787247960|20260821014600|978.72
1787248020|20260821014700|979.18
1787248080|20260821014800|979.04
1787248140|20260821014900|979.27
1787248200|20260821015000|979.25
1787248260|20260821015100|979.27
1787248320|20260821015200|978.97
1787248380|20260821015300|978.81
1787248440|20260821015400|978.57
1787248500|20260821015500|978.91
1787248560|20260821015600|979.01
1787248620|20260821015700|978.99
1787248680|20260821015800|979.02
1787248740|20260821015900|979.08
1787274600|20260821091000|977.83
1787274660|20260821091100|977.62
1787274720|20260821091200|977.50
1787274780|20260821091300|978.77
1787274840|20260821091400|979.18
1787274900|20260821091500|979.19
1787274960|20260821091600|980.03
1787275020|20260821091700|980.09
1787275080|20260821091800|979.97
1787275140|20260821091900|979.89
1787275200|20260821092000|979.82
1787275260|20260821092100|980.24
1787275320|20260821092200|980.20
1787275380|20260821092300|980.23
1787275440|20260821092400|980.53
1787275500|20260821092500|980.35
1787275560|20260821092600|980.36
1787275620|20260821092700|980.47
1787275680|20260821092800|981.05
1787275740|20260821092900|981.17
1787275800|20260821093000|981.16
1787275860|20260821093100|981.02
1787275920|20260821093200|981.71
1787275980|20260821093300|982.35
1787276040|20260821093400|982.57
1787276100|20260821093500|982.98
1787276160|20260821093600|983.88
1787276220|20260821093700|982.62
1787276280|20260821093800|982.31
1787276340|20260821093900|981.56
1787276400|20260821094000|981.11
1787276460|20260821094100|980.22
1787276520|20260821094200|980.49
1787276580|20260821094300|980.45
1787276640|20260821094400|980.38
1787276700|20260821094500|980.52
1787276760|20260821094600|980.81
1787276820|20260821094700|981.02
1787276880|20260821094800|981.83
1787276940|20260821094900|982.10
1787277000|20260821095000|981.81
1787277060|20260821095100|981.22
1787277120|20260821095200|980.72
1787277180|20260821095300|980.92
1787277240|20260821095400|981.09
1787277300|20260821095500|980.74
1787277360|20260821095600|980.82
1787277420|20260821095700|980.96
1787277480|20260821095800|981.42
1787277540|20260821095900|981.33
1787277600|20260821100000|981.50
1787277660|20260821100100|981.31
1787277720|20260821100200|981.12
1787277780|20260821100300|980.83
1787277840|20260821100400|980.63
1787277900|20260821100500|979.99
1787277960|20260821100600|979.98
1787278020|20260821100700|980.55
1787278080|20260821100800|980.08
1787278140|20260821100900|980.31
1787278200|20260821101000|980.24
1787278260|20260821101100|979.61
1787278320|20260821101200|979.69
1787278380|20260821101300|979.17
1787278440|20260821101400|979.82
1787278500|20260821101500|979.56
1787278560|20260821101600|979.61
1787278620|20260821101700|979.86
1787278680|20260821101800|979.75
1787278740|20260821101900|979.70
1787278800|20260821102000|979.80
1787278860|20260821102100|979.94
1787278920|20260821102200|980.18
1787278980|20260821102300|980.27
1787279040|20260821102400|980.62
1787279100|20260821102500|980.81
1787279160|20260821102600|981.11
1787279220|20260821102700|980.99
1787279280|20260821102800|980.91
1787279340|20260821102900|980.86
1787279400|20260821103000|980.71
1787279460|20260821103100|980.66
1787279520|20260821103200|981.38
1787279580|20260821103300|980.79
1787279640|20260821103400|980.55
1787279700|20260821103500|980.74
1787279760|20260821103600|981.12
1787279820|20260821103700|981.06
1787279880|20260821103800|981.08
1787279940|20260821103900|981.49
1787280000|20260821104000|981.75
1787280060|20260821104100|982.08
1787280120|20260821104200|982.21
1787280180|20260821104300|982.26
1787280240|20260821104400|982.61
1787280300|20260821104500|982.83
1787280360|20260821104600|982.46
1787280420|20260821104700|982.60
1787280480|20260821104800|982.69
1787280540|20260821104900|982.89
1787280600|20260821105000|983.03
1787280660|20260821105100|982.58
1787280720|20260821105200|982.75
1787280780|20260821105300|983.40
1787280840|20260821105400|983.05
1787280900|20260821105500|983.13
1787280960|20260821105600|982.92
1787281020|20260821105700|982.77
1787281080|20260821105800|982.66
1787281140|20260821105900|982.04
1787281200|20260821110000|982.00
1787281260|20260821110100|982.13
1787281320|20260821110200|982.08
1787281380|20260821110300|982.52
1787281440|20260821110400|982.42
1787281500|20260821110500|981.91
1787281560|20260821110600|982.07
1787281620|20260821110700|981.98
1787281680|20260821110800|982.08
1787281740|20260821110900|982.25
1787281800|20260821111000|982.14
1787281860|20260821111100|982.17
1787281920|20260821111200|982.26
1787281980|20260821111300|982.33
1787282040|20260821111400|982.16
1787282100|20260821111500|981.78
1787282160|20260821111600|981.89
1787282220|20260821111700|982.02
1787282280|20260821111800|981.91
1787282340|20260821111900|982.13
1787282400|20260821112000|981.94
1787282460|20260821112100|982.02
1787282520|20260821112200|982.01
1787282580|20260821112300|982.00
1787282640|20260821112400|982.03
1787282700|20260821112500|982.07
1787282760|20260821112600|982.02
1787282820|20260821112700|981.97
1787282880|20260821112800|981.98
1787282940|20260821112900|981.83
1787283000|20260821113000|981.49
1787283060|20260821113100|981.56
1787283120|20260821113200|981.67
1787283180|20260821113300|982.13
1787283240|20260821113400|982.03
1787283300|20260821113500|982.12
1787283360|20260821113600|981.99
1787283420|20260821113700|981.70
1787283480|20260821113800|981.84
1787283540|20260821113900|981.67
1787283600|20260821114000|981.58
1787283660|20260821114100|981.21
1787283720|20260821114200|981.09
1787283780|20260821114300|981.19
1787283840|20260821114400|981.25
1787283900|20260821114500|981.41
1787283960|20260821114600|981.27
1787284020|20260821114700|981.46
1787284080|20260821114800|981.62
1787284140|20260821114900|982.00
1787284200|20260821115000|981.66
1787284260|20260821115100|981.69
1787284320|20260821115200|981.75
1787284380|20260821115300|981.60
1787284440|20260821115400|981.74
1787284500|20260821115500|981.73
1787284560|20260821115600|981.82
1787284620|20260821115700|981.72
1787284680|20260821115800|981.82
1787284740|20260821115900|981.79
1787284800|20260821120000|982.02
1787284860|20260821120100|982.21
1787284920|20260821120200|982.41
1787284980|20260821120300|982.45
1787285040|20260821120400|982.09
1787285100|20260821120500|982.46
1787285160|20260821120600|982.61
1787285220|20260821120700|982.49
1787285280|20260821120800|982.07
1787285340|20260821120900|982.20
1787285400|20260821121000|982.10
1787285460|20260821121100|982.69
1787285520|20260821121200|982.58
1787285580|20260821121300|982.58
1787285640|20260821121400|982.74
1787285700|20260821121500|982.86
1787285760|20260821121600|982.55
1787285820|20260821121700|982.29
1787285880|20260821121800|982.50
1787285940|20260821121900|982.87
1787286000|20260821122000|982.90
1787286060|20260821122100|983.61
1787286120|20260821122200|983.89
1787286180|20260821122300|983.53
1787286240|20260821122400|983.56
1787286300|20260821122500|983.70
1787286360|20260821122600|983.59
1787286420|20260821122700|983.96
1787286480|20260821122800|984.06
1787286540|20260821122900|984.38
1787286600|20260821123000|984.41
1787286660|20260821123100|984.40
1787286720|20260821123200|984.44
1787286780|20260821123300|983.96
1787286840|20260821123400|983.77
1787286900|20260821123500|984.08
1787286960|20260821123600|983.95
1787287020|20260821123700|983.93
1787287080|20260821123800|983.48
1787287140|20260821123900|983.46
1787287200|20260821124000|983.76
1787287260|20260821124100|983.80
1787287320|20260821124200|983.43
1787287380|20260821124300|983.34
1787287440|20260821124400|983.38
1787287500|20260821124500|983.52
1787287560|20260821124600|983.45
1787287620|20260821124700|983.46
1787287680|20260821124800|983.46
1787287740|20260821124900|983.46
1787287800|20260821125000|983.46
1787287860|20260821125100|983.46
1787287920|20260821125200|983.46
1787287980|20260821125300|983.46
1787288040|20260821125400|983.50
1787288100|20260821125500|983.34
1787288160|20260821125600|983.34
1787288220|20260821125700|983.12
1787288280|20260821125800|983.27
1787288340|20260821125900|983.31
1787288400|20260821130000|983.25
1787288460|20260821130100|982.99
1787288520|20260821130200|982.58
1787288580|20260821130300|982.55
1787288640|20260821130400|982.68
1787288700|20260821130500|982.66
1787288760|20260821130600|983.03
1787288820|20260821130700|982.91
1787288880|20260821130800|982.69
1787288940|20260821130900|982.55
1787289000|20260821131000|982.72
1787289060|20260821131100|982.31
1787289120|20260821131200|982.68
1787289180|20260821131300|982.51
1787289240|20260821131400|982.24
1787289300|20260821131500|982.79
1787289360|20260821131600|982.50
1787289420|20260821131700|982.42
1787289480|20260821131800|982.32
1787289540|20260821131900|981.99
1787289600|20260821132000|982.19
1787289660|20260821132100|982.20
1787289720|20260821132200|982.18
1787289780|20260821132300|982.37
1787289840|20260821132400|982.34
1787289900|20260821132500|982.29
1787289960|20260821132600|982.15
1787290020|20260821132700|981.96
1787290080|20260821132800|981.93
1787290140|20260821132900|981.91
1787290200|20260821133000|981.92
1787290260|20260821133100|982.03
1787290320|20260821133200|981.87
1787290380|20260821133300|982.67
1787290440|20260821133400|983.03
1787290500|20260821133500|983.11
1787290560|20260821133600|983.47
1787290620|20260821133700|983.47
1787290680|20260821133800|983.10
1787290740|20260821133900|983.18
1787290800|20260821134000|982.62
1787290860|20260821134100|982.71
1787290920|20260821134200|982.62
1787290980|20260821134300|983.02
1787291040|20260821134400|982.85
1787291100|20260821134500|983.76
1787291160|20260821134600|983.57
1787291220|20260821134700|983.72
1787291280|20260821134800|983.61
1787291340|20260821134900|983.64
1787291400|20260821135000|984.22
1787291460|20260821135100|983.88
1787291520|20260821135200|984.55
1787291580|20260821135300|984.67
1787291640|20260821135400|984.49
1787291700|20260821135500|984.41
1787291760|20260821135600|985.25
1787291820|20260821135700|985.34
1787291880|20260821135800|985.51
1787291940|20260821135900|985.94
1787292000|20260821140000|985.66
1787292060|20260821140100|985.54
1787292120|20260821140200|985.35
1787292180|20260821140300|984.70
1787292240|20260821140400|984.62
1787292300|20260821140500|984.76
1787292360|20260821140600|985.03
1787292420|20260821140700|984.98
1787292480|20260821140800|984.50
1787292540|20260821140900|984.45
1787292600|20260821141000|984.70
1787292660|20260821141100|984.49
1787292720|20260821141200|984.03
1787292780|20260821141300|984.24
1787292840|20260821141400|984.49
1787292900|20260821141500|984.80
1787292960|20260821141600|985.38
1787293020|20260821141700|985.91
1787293080|20260821141800|985.95
1787293140|20260821141900|985.77
1787293200|20260821142000|985.90
1787293260|20260821142100|986.06
1787293320|20260821142200|985.72
1787293380|20260821142300|985.41
1787293440|20260821142400|984.99
1787293500|20260821142500|985.00
1787293560|20260821142600|985.57
1787293620|20260821142700|985.84
1787293680|20260821142800|986.31
1787293740|20260821142900|986.33
1787293800|20260821143000|985.92
1787293860|20260821143100|986.03
1787293920|20260821143200|986.36
1787293980|20260821143300|986.84
1787294040|20260821143400|987.33
1787294100|20260821143500|987.59
1787294160|20260821143600|988.31
1787294220|20260821143700|988.29
1787294280|20260821143800|988.50
1787294340|20260821143900|988.30
1787294400|20260821144000|988.10
1787294460|20260821144100|987.16
1787294520|20260821144200|987.28
1787294580|20260821144300|987.84
1787294640|20260821144400|987.73
1787294700|20260821144500|987.53
1787294760|20260821144600|987.67
1787294820|20260821144700|987.72
1787294880|20260821144800|987.75
1787294940|20260821144900|988.14
1787295000|20260821145000|988.46
1787295060|20260821145100|988.41
1787295120|20260821145200|988.14
1787295180|20260821145300|988.12
1787295240|20260821145400|987.86
1787295300|20260821145500|987.85
1787295360|20260821145600|987.71
1787295420|20260821145700|987.75
1787295480|20260821145800|987.47
1787295540|20260821145900|987.28
1787295600|20260821150000|987.17
1787295660|20260821150100|987.16
1787295720|20260821150200|987.47
1787295780|20260821150300|987.37
1787295840|20260821150400|987.28
1787295900|20260821150500|987.56
1787295960|20260821150600|987.16
1787296020|20260821150700|987.41
1787296080|20260821150800|987.67
1787296140|20260821150900|987.33
1787296200|20260821151000|986.92
1787296260|20260821151100|987.04
1787296320|20260821151200|986.94
1787296380|20260821151300|986.87
1787296440|20260821151400|986.91
1787296500|20260821151500|987.09
1787296560|20260821151600|987.08
1787296620|20260821151700|987.09
1787296680|20260821151800|987.50
1787296740|20260821151900|987.72
1787296800|20260821152000|987.93
1787296860|20260821152100|987.81
1787296920|20260821152200|987.77
1787296980|20260821152300|987.77
1787297040|20260821152400|987.74
1787297100|20260821152500|987.55
1787297160|20260821152600|987.32
1787297220|20260821152700|987.35
1787297280|20260821152800|987.32
1787297340|20260821152900|987.39
1787297400|20260821153000|986.96
1787297460|20260821153100|987.53
1787297520|20260821153200|987.35
1787297580|20260821153300|987.47
1787297640|20260821153400|987.37
1787297700|20260821153500|987.32
1787297760|20260821153600|987.21
1787297820|20260821153700|987.31
1787297880|20260821153800|987.02
1787297940|20260821153900|987.81
1787298000|20260821154000|987.76
1787298060|20260821154100|987.58
1787298120|20260821154200|987.77
1787298180|20260821154300|988.13
1787298240|20260821154400|988.08
1787298300|20260821154500|987.82
1787298360|20260821154600|987.91
1787298420|20260821154700|987.61
1787298480|20260821154800|988.41
1787298540|20260821154900|987.77
1787298600|20260821155000|988.15
1787298660|20260821155100|987.98
1787298720|20260821155200|987.84
1787298780|20260821155300|987.54
1787298840|20260821155400|987.37
1787298900|20260821155500|987.24
1787298960|20260821155600|987.16
1787299020|20260821155700|987.48
1787299080|20260821155800|987.77
1787299140|20260821155900|987.57
1787299200|20260821160000|987.79
1787299260|20260821160100|987.94
1787299320|20260821160200|987.89
1787299380|20260821160300|987.81
1787299440|20260821160400|987.42
1787299500|20260821160500|987.22
1787299560|20260821160600|987.09
1787299620|20260821160700|986.81
1787299680|20260821160800|986.87
1787299740|20260821160900|987.16
1787299800|20260821161000|987.25
1787299860|20260821161100|987.41
1787299920|20260821161200|987.73
1787299980|20260821161300|988.01
1787300040|20260821161400|988.46
1787300100|20260821161500|988.06
1787300160|20260821161600|987.90
1787300220|20260821161700|988.18
1787300280|20260821161800|989.04
1787300340|20260821161900|988.90
1787300400|20260821162000|989.57
1787300460|20260821162100|989.86
1787300520|20260821162200|990.22
1787300580|20260821162300|990.24
1787300640|20260821162400|990.63
1787300700|20260821162500|990.66
1787300760|20260821162600|991.29
1787300820|20260821162700|991.10
1787300880|20260821162800|991.31
1787300940|20260821162900|991.08
1787301000|20260821163000|991.06
1787301060|20260821163100|990.96
1787301120|20260821163200|990.88
1787301180|20260821163300|991.40
1787301240|20260821163400|991.29
1787301300|20260821163500|991.41
1787301360|20260821163600|991.54
1787301420|20260821163700|991.32
1787301480|20260821163800|991.73
1787301540|20260821163900|990.81
1787301600|20260821164000|991.03
1787301660|20260821164100|991.21
1787301720|20260821164200|991.70
1787301780|20260821164300|991.70
1787301840|20260821164400|991.70
1787301900|20260821164500|991.73
1787301960|20260821164600|991.52
1787302020|20260821164700|991.73
1787302080|20260821164800|991.83
1787302140|20260821164900|991.43
1787302200|20260821165000|991.35
1787302260|20260821165100|991.38
1787302320|20260821165200|991.62
1787302380|20260821165300|991.37
1787302440|20260821165400|991.49
1787302500|20260821165500|991.50
1787302560|20260821165600|991.35
1787302620|20260821165700|991.38
1787302680|20260821165800|991.75
1787302740|20260821165900|991.64
1787302800|20260821170000|992.00
1787302860|20260821170100|992.06
1787302920|20260821170200|992.28
1787302980|20260821170300|992.02
1787303040|20260821170400|991.75
1787303100|20260821170500|992.39
1787303160|20260821170600|992.40
1787303220|20260821170700|992.81
1787303280|20260821170800|993.22
1787303340|20260821170900|993.99
1787303400|20260821171000|994.41
1787303460|20260821171100|994.63
1787303520|20260821171200|994.90
1787303580|20260821171300|994.78
1787303640|20260821171400|995.32
1787303700|20260821171500|995.30
1787303760|20260821171600|995.35
1787303820|20260821171700|995.55
1787303880|20260821171800|995.70
1787303940|20260821171900|994.70
1787304000|20260821172000|993.96
1787304060|20260821172100|993.61
1787304120|20260821172200|992.96
1787304180|20260821172300|993.00
1787304240|20260821172400|992.55
1787304300|20260821172500|992.55
1787304360|20260821172600|992.68
1787304420|20260821172700|992.51
1787304480|20260821172800|992.04
1787304540|20260821172900|991.55
1787304600|20260821173000|991.70
1787304660|20260821173100|991.90
1787304720|20260821173200|992.13
1787304780|20260821173300|991.99
1787304840|20260821173400|991.82
1787304900|20260821173500|991.78
1787304960|20260821173600|991.73
1787305020|20260821173700|992.06
1787305080|20260821173800|992.22
1787305140|20260821173900|992.25
1787305200|20260821174000|992.39
1787305260|20260821174100|992.28
1787305320|20260821174200|992.59
1787305380|20260821174300|992.12
1787305440|20260821174400|992.02
1787305500|20260821174500|991.88
1787305560|20260821174600|991.83
1787305620|20260821174700|991.59
1787305680|20260821174800|991.92
1787305740|20260821174900|991.52
1787305800|20260821175000|991.45
1787305860|20260821175100|991.49
1787305920|20260821175200|991.43
1787305980|20260821175300|991.64
1787306040|20260821175400|991.87
1787306100|20260821175500|992.09
1787306160|20260821175600|992.29
1787306220|20260821175700|992.29
1787306280|20260821175800|992.16
1787306340|20260821175900|991.61
1787306400|20260821180000|991.76
1787306460|20260821180100|991.76
1787306520|20260821180200|992.56
1787306580|20260821180300|992.77
1787306640|20260821180400|992.67
1787306700|20260821180500|992.31
1787306760|20260821180600|991.96
1787306820|20260821180700|992.29
1787306880|20260821180800|992.12
1787306940|20260821180900|991.97
1787307000|20260821181000|991.91
1787307060|20260821181100|991.90
1787307120|20260821181200|991.30
1787307180|20260821181300|991.20
1787307240|20260821181400|991.04
1787307300|20260821181500|990.97
1787307360|20260821181600|991.32
1787307420|20260821181700|991.49
1787307480|20260821181800|992.01
1787307540|20260821181900|992.62
1787307600|20260821182000|992.14
1787307660|20260821182100|992.48
1787307720|20260821182200|991.94
1787307780|20260821182300|992.24
1787307840|20260821182400|992.33
1787307900|20260821182500|992.49
1787307960|20260821182600|992.56
1787308020|20260821182700|992.97
1787308080|20260821182800|992.59
1787308140|20260821182900|992.84
1787308200|20260821183000|993.03
1787308260|20260821183100|992.83
1787308320|20260821183200|992.57
1787308380|20260821183300|992.79
1787308440|20260821183400|993.07
1787308500|20260821183500|993.44
1787308560|20260821183600|993.33
1787308620|20260821183700|993.45
1787308680|20260821183800|993.83
1787308740|20260821183900|993.87
1787308800|20260821184000|994.11
1787308860|20260821184100|993.99
1787308920|20260821184200|993.95
1787308980|20260821184300|993.86
1787309040|20260821184400|994.10
1787309100|20260821184500|993.99
1787309160|20260821184600|993.96
1787309220|20260821184700|993.61
1787309280|20260821184800|993.70
1787309340|20260821184900|993.45
1787309400|20260821185000|993.49
1787309460|20260821185100|993.35
1787309520|20260821185200|993.47
1787309580|20260821185300|993.41
1787309640|20260821185400|993.66
1787309700|20260821185500|993.43
1787309760|20260821185600|993.40
1787309820|20260821185700|993.14
1787309880|20260821185800|993.00
1787309940|20260821185900|992.92
1787310000|20260821190000|993.00
1787310060|20260821190100|992.92
1787310120|20260821190200|993.13
1787310180|20260821190300|993.55
1787310240|20260821190400|994.25
1787310300|20260821190500|994.15
1787310360|20260821190600|994.41
1787310420|20260821190700|994.06
1787310480|20260821190800|994.08
1787310540|20260821190900|993.91
1787310600|20260821191000|993.83
1787310660|20260821191100|994.06
1787310720|20260821191200|993.72
1787310780|20260821191300|993.26
1787310840|20260821191400|993.07
1787310900|20260821191500|993.47
1787310960|20260821191600|993.85
1787311020|20260821191700|993.85
1787311080|20260821191800|994.19
1787311140|20260821191900|994.90
1787311200|20260821192000|994.67
1787311260|20260821192100|994.74
1787311320|20260821192200|995.21
1787311380|20260821192300|995.16
1787311440|20260821192400|994.84
1787311500|20260821192500|995.06
1787311560|20260821192600|995.40
1787311620|20260821192700|994.95
1787311680|20260821192800|994.73
1787311740|20260821192900|994.92
1787311800|20260821193000|995.21
1787311860|20260821193100|994.93
1787311920|20260821193200|994.92
1787311980|20260821193300|994.16
1787312040|20260821193400|994.50
1787312100|20260821193500|994.41
1787312160|20260821193600|995.05
1787312220|20260821193700|995.90
1787312280|20260821193800|996.11
1787312340|20260821193900|995.42
1787312400|20260821194000|994.92
1787312460|20260821194100|994.45
1787312520|20260821194200|994.43
1787312580|20260821194300|994.23
1787312640|20260821194400|994.20
1787312700|20260821194500|994.89
1787312760|20260821194600|995.01
1787312820|20260821194700|994.96
1787312880|20260821194800|995.22
1787312940|20260821194900|995.18
1787313000|20260821195000|995.45
1787313060|20260821195100|995.10
1787313120|20260821195200|995.01
1787313180|20260821195300|994.89
1787313240|20260821195400|994.68
1787313300|20260821195500|994.97
1787313360|20260821195600|994.87
1787313420|20260821195700|994.92
1787313480|20260821195800|995.07
1787313540|20260821195900|994.81
1787313600|20260821200000|994.91
1787313660|20260821200100|994.62
1787313720|20260821200200|995.14
1787313780|20260821200300|993.35
1787313840|20260821200400|993.86
1787313900|20260821200500|994.11
1787313960|20260821200600|994.44
1787314020|20260821200700|994.33
1787314080|20260821200800|994.32
1787314140|20260821200900|994.29
1787314200|20260821201000|993.36
1787314260|20260821201100|993.32
1787314320|20260821201200|993.27
1787314380|20260821201300|993.07
1787314440|20260821201400|993.26
1787314500|20260821201500|993.84
1787314560|20260821201600|994.07
1787314620|20260821201700|993.50
1787314680|20260821201800|993.20
1787314740|20260821201900|992.48
1787314800|20260821202000|992.69
1787314860|20260821202100|992.44
1787314920|20260821202200|992.25
1787314980|20260821202300|992.19
1787315040|20260821202400|992.05
1787315100|20260821202500|992.29
1787315160|20260821202600|992.30
1787315220|20260821202700|992.29
1787315280|20260821202800|992.37
1787315340|20260821202900|992.33
1787315400|20260821203000|992.18
1787315460|20260821203100|991.14
1787315520|20260821203200|991.89
1787315580|20260821203300|990.75
1787315640|20260821203400|990.83
1787315700|20260821203500|990.75
1787315760|20260821203600|989.41
1787315820|20260821203700|989.23
1787315880|20260821203800|989.27
1787315940|20260821203900|988.85
1787316000|20260821204000|988.48
1787316060|20260821204100|988.68
1787316120|20260821204200|989.62
1787316180|20260821204300|989.64
1787316240|20260821204400|990.48
1787316300|20260821204500|990.63
1787316360|20260821204600|990.72
1787316420|20260821204700|991.09
1787316480|20260821204800|991.58
1787316540|20260821204900|991.96
1787316600|20260821205000|991.44
1787316660|20260821205100|991.81
1787316720|20260821205200|991.65
1787316780|20260821205300|991.28
1787316840|20260821205400|991.47
1787316900|20260821205500|991.65
1787316960|20260821205600|991.41
1787317020|20260821205700|991.51
1787317080|20260821205800|991.02
1787317140|20260821205900|991.56
1787317200|20260821210000|991.33
1787317260|20260821210100|992.22
1787317320|20260821210200|992.36
1787317380|20260821210300|992.42
1787317440|20260821210400|992.36
1787317500|20260821210500|992.12
1787317560|20260821210600|992.15
1787317620|20260821210700|992.62
1787317680|20260821210800|992.25
1787317740|20260821210900|992.60
1787317800|20260821211000|992.30
1787317860|20260821211100|992.28
1787317920|20260821211200|993.26
1787317980|20260821211300|992.99
1787318040|20260821211400|993.11
1787318100|20260821211500|993.04
1787318160|20260821211600|993.56
1787318220|20260821211700|993.06
1787318280|20260821211800|992.53
1787318340|20260821211900|992.19
1787318400|20260821212000|992.29
1787318460|20260821212100|992.74
1787318520|20260821212200|993.13
1787318580|20260821212300|993.17
1787318640|20260821212400|993.03
1787318700|20260821212500|992.91
1787318760|20260821212600|992.90
1787318820|20260821212700|992.69
1787318880|20260821212800|992.76
1787318940|20260821212900|993.11
1787319000|20260821213000|993.04
1787319060|20260821213100|992.60
1787319120|20260821213200|992.84
1787319180|20260821213300|993.26
1787319240|20260821213400|991.82
1787319300|20260821213500|991.02
1787319360|20260821213600|992.19
1787319420|20260821213700|992.89
1787319480|20260821213800|993.68
1787319540|20260821213900|994.44
1787319600|20260821214000|993.67
1787319660|20260821214100|994.16
1787319720|20260821214200|994.16
1787319780|20260821214300|994.18
1787319840|20260821214400|993.89
1787319900|20260821214500|993.79
1787319960|20260821214600|993.70
1787320020|20260821214700|994.14
1787320080|20260821214800|994.20
1787320140|20260821214900|994.16
1787320200|20260821215000|994.10
1787320260|20260821215100|994.28
1787320320|20260821215200|993.57
1787320380|20260821215300|993.00
1787320440|20260821215400|992.59
1787320500|20260821215500|992.50
1787320560|20260821215600|993.24
1787320620|20260821215700|993.16
1787320680|20260821215800|992.60
1787320740|20260821215900|992.86
1787320800|20260821220000|992.67
1787320860|20260821220100|992.63
1787320920|20260821220200|992.87
1787320980|20260821220300|993.58
1787321040|20260821220400|993.40
1787321100|20260821220500|993.78
1787321160|20260821220600|994.22
1787321220|20260821220700|993.97
1787321280|20260821220800|992.98
1787321340|20260821220900|993.64
1787321400|20260821221000|993.93
1787321460|20260821221100|993.78
1787321520|20260821221200|993.94
1787321580|20260821221300|994.11
1787321640|20260821221400|993.99
1787321700|20260821221500|994.17
1787321760|20260821221600|994.09
1787321820|20260821221700|994.05
1787321880|20260821221800|994.33
1787321940|20260821221900|994.27
1787322000|20260821222000|994.22
1787322060|20260821222100|994.98
1787322120|20260821222200|995.92
1787322180|20260821222300|995.74
1787322240|20260821222400|995.80
1787322300|20260821222500|995.85
1787322360|20260821222600|996.29
1787322420|20260821222700|996.13
1787322480|20260821222800|996.88
1787322540|20260821222900|996.87
1787322600|20260821223000|996.96
1787322660|20260821223100|996.38
1787322720|20260821223200|996.50
1787322780|20260821223300|995.44
1787322840|20260821223400|995.06
1787322900|20260821223500|994.36
1787322960|20260821223600|994.53
1787323020|20260821223700|993.97
1787323080|20260821223800|993.49
1787323140|20260821223900|992.95
1787323200|20260821224000|992.96
1787323260|20260821224100|993.48
1787323320|20260821224200|993.67
1787323380|20260821224300|993.13
1787323440|20260821224400|994.11
1787323500|20260821224500|992.50
1787323560|20260821224600|993.31
1787323620|20260821224700|993.33
1787323680|20260821224800|993.56
1787323740|20260821224900|994.08
1787323800|20260821225000|994.59
1787323860|20260821225100|995.31
1787323920|20260821225200|994.89
1787323980|20260821225300|994.34
1787324040|20260821225400|994.42
1787324100|20260821225500|994.25
1787324160|20260821225600|993.55
1787324220|20260821225700|994.09
1787324280|20260821225800|994.50
1787324340|20260821225900|994.73
1787324400|20260821230000|994.61
1787324460|20260821230100|994.23
1787324520|20260821230200|993.94
1787324580|20260821230300|994.58
1787324640|20260821230400|995.12
1787324700|20260821230500|994.97
1787324760|20260821230600|995.17
1787324820|20260821230700|995.49
1787324880|20260821230800|995.65
1787324940|20260821230900|995.66
1787325000|20260821231000|995.13
1787325060|20260821231100|995.71
1787325120|20260821231200|995.04
1787325180|20260821231300|995.46
1787325240|20260821231400|995.44
1787325300|20260821231500|995.47
1787325360|20260821231600|995.91
1787325420|20260821231700|995.61
1787325480|20260821231800|995.85
1787325540|20260821231900|995.91
1787325600|20260821232000|995.93
1787325660|20260821232100|995.67
1787325720|20260821232200|995.72
1787325780|20260821232300|996.07
1787325840|20260821232400|996.06
1787325900|20260821232500|996.81
1787325960|20260821232600|996.49
1787326020|20260821232700|996.17
1787326080|20260821232800|996.77
1787326140|20260821232900|997.13
1787326200|20260821233000|996.94
1787326260|20260821233100|996.31
1787326320|20260821233200|996.21
1787326380|20260821233300|996.42
1787326440|20260821233400|996.92
1787326500|20260821233500|997.22
1787326560|20260821233600|997.48
1787326620|20260821233700|997.43
1787326680|20260821233800|997.20
1787326740|20260821233900|997.10
1787326800|20260821234000|997.45
1787326860|20260821234100|997.54
1787326920|20260821234200|997.58
1787326980|20260821234300|998.11
1787327040|20260821234400|998.08
1787327100|20260821234500|997.92
1787327160|20260821234600|995.77
1787327220|20260821234700|997.92
1787327280|20260821234800|997.83
1787327340|20260821234900|997.76
1787327400|20260821235000|997.57
1787327460|20260821235100|997.76
1787327520|20260821235200|998.24
