1787328000|20260822000000|998.75
1787328060|20260822000100|998.67
1787328120|20260822000200|998.77
1787328180|20260822000300|998.81
1787328240|20260822000400|999.37
1787328300|20260822000500|998.92
1787328360|20260822000600|998.86
1787328420|20260822000700|998.86
1787328480|20260822000800|998.89
1787328540|20260822000900|998.26
1787328600|20260822001000|998.00
1787328660|20260822001100|998.71
1787328720|20260822001200|998.69
1787328780|20260822001300|998.54
1787328840|20260822001400|998.85
1787328900|20260822001500|998.87
1787328960|20260822001600|998.86
1787329020|20260822001700|998.82
1787329080|20260822001800|998.97
1787329140|20260822001900|998.70
1787329200|20260822002000|998.82
1787329260|20260822002100|998.28
1787329320|20260822002200|998.66
1787329380|20260822002300|998.66
1787329440|20260822002400|998.68
1787329500|20260822002500|998.84
1787329560|20260822002600|998.58
1787329620|20260822002700|998.46
1787329680|20260822002800|998.66
1787329740|20260822002900|998.48
1787329800|20260822003000|998.53
1787329860|20260822003100|998.64
1787329920|20260822003200|998.56
1787329980|20260822003300|998.47
1787330040|20260822003400|998.75
1787330100|20260822003500|998.90
1787330160|20260822003600|998.93
1787330220|20260822003700|998.93
1787330280|20260822003800|999.21
1787330340|20260822003900|999.38
1787330400|20260822004000|999.60
1787330460|20260822004100|999.58
1787330520|20260822004200|999.32
1787330580|20260822004300|999.58
1787330640|20260822004400|999.60
1787330700|20260822004500|999.74
1787330760|20260822004600|999.75
1787330820|20260822004700|1000.17
1787330880|20260822004800|1000.29
1787330940|20260822004900|1000.63
1787331000|20260822005000|1000.80
1787331060|20260822005100|1000.66
1787331120|20260822005200|1001.09
1787331180|20260822005300|1000.61
1787331240|20260822005400|1000.68
1787331300|20260822005500|1000.92
1787331360|20260822005600|1000.92
1787331420|20260822005700|1000.99
1787331480|20260822005800|1001.10
1787331540|20260822005900|1001.55
1787331600|20260822010000|1001.62
1787331660|20260822010100|1001.62
1787331720|20260822010200|1001.58
1787331780|20260822010300|1001.58
1787331840|20260822010400|1001.95
1787331900|20260822010500|1001.14
1787331960|20260822010600|1001.10
1787332020|20260822010700|1001.13
1787332080|20260822010800|1001.69
1787332140|20260822010900|1001.70
1787332200|20260822011000|1002.22
1787332260|20260822011100|1001.36
1787332320|20260822011200|1001.47
1787332380|20260822011300|999.97
1787332440|20260822011400|1000.44
1787332500|20260822011500|1001.04
1787332560|20260822011600|999.56
1787332620|20260822011700|999.55
1787332680|20260822011800|999.76
1787332740|20260822011900|999.97
1787332800|20260822012000|999.86
1787332860|20260822012100|999.82
1787332920|20260822012200|1000.45
1787332980|20260822012300|1000.28
1787333040|20260822012400|998.96
1787333100|20260822012500|999.18
1787333160|20260822012600|999.12
1787333220|20260822012700|999.02
1787333280|20260822012800|999.53
1787333340|20260822012900|999.90
1787333400|20260822013000|999.87
1787333460|20260822013100|999.97
1787333520|20260822013200|999.97
1787333580|20260822013300|999.96
1787333640|20260822013400|999.96
1787333700|20260822013500|1000.10
1787333760|20260822013600|1000.73
1787333820|20260822013700|1000.73
1787333880|20260822013800|1000.73
1787333940|20260822013900|1000.72
1787334000|20260822014000|1000.72
1787334060|20260822014100|1000.61
1787334120|20260822014200|1000.61
1787334180|20260822014300|999.90
1787334240|20260822014400|999.86
1787334300|20260822014500|999.65
1787334360|20260822014600|999.51
1787334420|20260822014700|999.40
1787334480|20260822014800|999.49
1787334540|20260822014900|999.55
1787334600|20260822015000|999.55
1787334660|20260822015100|1000.16
1787334720|20260822015200|1000.07
1787334780|20260822015300|999.98
1787334840|20260822015400|999.98
1787334900|20260822015500|1000.08
1787334960|20260822015600|1000.37
1787335020|20260822015700|1000.37
1787335080|20260822015800|1000.32
1787335140|20260822015900|999.55
1787533800|20260824091000|1001.47
1787533860|20260824091100|1001.90
1787533920|20260824091200|1001.94
1787533980|20260824091300|1002.27
1787534040|20260824091400|1002.43
1787534100|20260824091500|1001.55
1787534160|20260824091600|1001.50
1787534220|20260824091700|1001.29
1787534280|20260824091800|1002.14
1787534340|20260824091900|1002.04
1787534400|20260824092000|1001.59
1787534460|20260824092100|1000.54
1787534520|20260824092200|1000.51
1787534580|20260824092300|1000.59
1787534640|20260824092400|1000.02
1787534700|20260824092500|999.97
1787534760|20260824092600|999.96
1787534820|20260824092700|1000.02
1787534880|20260824092800|1000.35
1787534940|20260824092900|1000.11
1787535000|20260824093000|1000.07
1787535060|20260824093100|998.87
1787535120|20260824093200|998.44
1787535180|20260824093300|999.34
1787535240|20260824093400|999.21
1787535300|20260824093500|999.39
1787535360|20260824093600|999.65
1787535420|20260824093700|1000.46
1787535480|20260824093800|1000.73
1787535540|20260824093900|999.64
1787535600|20260824094000|999.70
1787535660|20260824094100|998.51
1787535720|20260824094200|999.01
1787535780|20260824094300|999.59
1787535840|20260824094400|1000.24
1787535900|20260824094500|1000.53
1787535960|20260824094600|1000.06
1787536020|20260824094700|1000.21
1787536080|20260824094800|1000.33
1787536140|20260824094900|1000.29
1787536200|20260824095000|1000.82
1787536260|20260824095100|1002.00
1787536320|20260824095200|1002.54
1787536380|20260824095300|1002.39
1787536440|20260824095400|1002.50
1787536500|20260824095500|1002.83
1787536560|20260824095600|1002.81
1787536620|20260824095700|1003.88
1787536680|20260824095800|1004.40
1787536740|20260824095900|1004.60
1787536800|20260824100000|1003.77
1787536860|20260824100100|1003.09
1787536920|20260824100200|1003.58
1787536980|20260824100300|1004.05
1787537040|20260824100400|1004.12
1787537100|20260824100500|1004.69
1787537160|20260824100600|1004.34
1787537220|20260824100700|1004.63
1787537280|20260824100800|1004.92
1787537340|20260824100900|1005.58
1787537400|20260824101000|1005.79
1787537460|20260824101100|1007.27
1787537520|20260824101200|1007.51
1787537580|20260824101300|1007.29
1787537640|20260824101400|1007.05
1787537700|20260824101500|1007.51
1787537760|20260824101600|1007.64
1787537820|20260824101700|1007.91
1787537880|20260824101800|1008.24
1787537940|20260824101900|1008.54
1787538000|20260824102000|1008.61
1787538060|20260824102100|1008.15
1787538120|20260824102200|1008.58
1787538180|20260824102300|1008.09
1787538240|20260824102400|1008.31
1787538300|20260824102500|1008.44
1787538360|20260824102600|1008.44
1787538420|20260824102700|1008.26
1787538480|20260824102800|1007.72
1787538540|20260824102900|1008.12
1787538600|20260824103000|1008.32
1787538660|20260824103100|1007.83
1787538720|20260824103200|1008.16
1787538780|20260824103300|1008.41
1787538840|20260824103400|1007.89
1787538900|20260824103500|1008.03
1787538960|20260824103600|1007.93
1787539020|20260824103700|1007.65
1787539080|20260824103800|1008.03
1787539140|20260824103900|1007.55
1787539200|20260824104000|1006.79
1787539260|20260824104100|1005.45
1787539320|20260824104200|1005.35
1787539380|20260824104300|1005.44
1787539440|20260824104400|1005.25
1787539500|20260824104500|1004.94
1787539560|20260824104600|1004.27
1787539620|20260824104700|1004.07
1787539680|20260824104800|1003.53
1787539740|20260824104900|1003.00
1787539800|20260824105000|1002.70
1787539860|20260824105100|1003.69
1787539920|20260824105200|1003.81
1787539980|20260824105300|1004.27
1787540040|20260824105400|1004.51
1787540100|20260824105500|1004.97
1787540160|20260824105600|1005.68
1787540220|20260824105700|1006.11
1787540280|20260824105800|1005.67
1787540340|20260824105900|1005.53
1787540400|20260824110000|1006.05
1787540460|20260824110100|1005.88
1787540520|20260824110200|1005.64
1787540580|20260824110300|1005.00
1787540640|20260824110400|1005.47
1787540700|20260824110500|1005.41
1787540760|20260824110600|1005.04
1787540820|20260824110700|1004.51
1787540880|20260824110800|1004.78
1787540940|20260824110900|1004.64
1787541000|20260824111000|1005.03
1787541060|20260824111100|1004.71
1787541120|20260824111200|1004.34
1787541180|20260824111300|1004.61
1787541240|20260824111400|1005.14
1787541300|20260824111500|1004.90
1787541360|20260824111600|1005.05
1787541420|20260824111700|1005.31
1787541480|20260824111800|1005.67
1787541540|20260824111900|1005.46
1787541600|20260824112000|1005.04
1787541660|20260824112100|1004.69
1787541720|20260824112200|1005.31
1787541780|20260824112300|1005.37
1787541840|20260824112400|1006.02
1787541900|20260824112500|1005.80
1787541960|20260824112600|1006.69
1787542020|20260824112700|1007.15
1787542080|20260824112800|1006.70
1787542140|20260824112900|1006.47
1787542200|20260824113000|1006.48
1787542260|20260824113100|1006.31
1787542320|20260824113200|1006.42
1787542380|20260824113300|1006.37
1787542440|20260824113400|1006.39
1787542500|20260824113500|1006.55
1787542560|20260824113600|1006.70
1787542620|20260824113700|1006.71
1787542680|20260824113800|1006.97
1787542740|20260824113900|1007.04
1787542800|20260824114000|1006.48
1787542860|20260824114100|1006.59
1787542920|20260824114200|1006.49
1787542980|20260824114300|1006.17
1787543040|20260824114400|1006.10
1787543100|20260824114500|1005.93
1787543160|20260824114600|1005.75
1787543220|20260824114700|1006.25
1787543280|20260824114800|1006.13
1787543340|20260824114900|1006.05
1787543400|20260824115000|1006.09
1787543460|20260824115100|1006.17
1787543520|20260824115200|1006.23
1787543580|20260824115300|1006.11
1787543640|20260824115400|1005.98
1787543700|20260824115500|1005.95
1787543760|20260824115600|1005.95
1787543820|20260824115700|1005.52
1787543880|20260824115800|1005.52
1787543940|20260824115900|1005.94
1787544000|20260824120000|1005.38
1787544060|20260824120100|1005.41
1787544120|20260824120200|1005.27
1787544180|20260824120300|1005.33
1787544240|20260824120400|1005.63
1787544300|20260824120500|1005.48
1787544360|20260824120600|1004.94
1787544420|20260824120700|1004.82
1787544480|20260824120800|1004.31
1787544540|20260824120900|1004.42
1787544600|20260824121000|1004.43
1787544660|20260824121100|1004.97
1787544720|20260824121200|1004.50
1787544780|20260824121300|1005.23
1787544840|20260824121400|1005.30
1787544900|20260824121500|1005.27
1787544960|20260824121600|1004.83
1787545020|20260824121700|1004.67
1787545080|20260824121800|1005.40
1787545140|20260824121900|1005.51
1787545200|20260824122000|1005.61
1787545260|20260824122100|1005.33
1787545320|20260824122200|1005.38
1787545380|20260824122300|1005.71
1787545440|20260824122400|1005.21
1787545500|20260824122500|1005.15
1787545560|20260824122600|1005.37
1787545620|20260824122700|1005.47
1787545680|20260824122800|1005.40
1787545740|20260824122900|1005.56
1787545800|20260824123000|1005.66
1787545860|20260824123100|1005.09
1787545920|20260824123200|1005.21
1787545980|20260824123300|1005.04
1787546040|20260824123400|1004.58
1787546100|20260824123500|1004.81
1787546160|20260824123600|1004.56
1787546220|20260824123700|1004.66
1787546280|20260824123800|1004.93
1787546340|20260824123900|1004.80
1787546400|20260824124000|1005.13
1787546460|20260824124100|1004.80
1787546520|20260824124200|1004.88
1787546580|20260824124300|1004.92
1787546640|20260824124400|1005.16
1787546700|20260824124500|1005.20
1787546760|20260824124600|1005.17
1787546820|20260824124700|1005.19
1787546880|20260824124800|1005.07
1787546940|20260824124900|1005.16
1787547000|20260824125000|1005.09
1787547060|20260824125100|1005.25
1787547120|20260824125200|1005.17
1787547180|20260824125300|1005.09
1787547240|20260824125400|1005.21
1787547300|20260824125500|1005.26
1787547360|20260824125600|1005.16
1787547420|20260824125700|1005.28
1787547480|20260824125800|1005.30
1787547540|20260824125900|1005.07
1787547600|20260824130000|1005.13
1787547660|20260824130100|1004.96
1787547720|20260824130200|1005.60
1787547780|20260824130300|1005.60
1787547840|20260824130400|1005.40
1787547900|20260824130500|1005.59
1787547960|20260824130600|1005.51
1787548020|20260824130700|1005.59
1787548080|20260824130800|1005.61
1787548140|20260824130900|1005.82
1787548200|20260824131000|1005.50
1787548260|20260824131100|1005.68
1787548320|20260824131200|1005.98
1787548380|20260824131300|1005.91
1787548440|20260824131400|1005.76
1787548500|20260824131500|1006.15
1787548560|20260824131600|1006.20
1787548620|20260824131700|1006.35
1787548680|20260824131800|1006.67
1787548740|20260824131900|1006.27
1787548800|20260824132000|1006.17
1787548860|20260824132100|1005.78
1787548920|20260824132200|1005.34
1787548980|20260824132300|1005.72
1787549040|20260824132400|1005.46
1787549100|20260824132500|1005.54
1787549160|20260824132600|1005.73
1787549220|20260824132700|1005.51
1787549280|20260824132800|1005.95
1787549340|20260824132900|1005.69
1787549400|20260824133000|1005.14
1787549460|20260824133100|1004.75
1787549520|20260824133200|1004.43
1787549580|20260824133300|1004.27
1787549640|20260824133400|1004.02
1787549700|20260824133500|1003.96
1787549760|20260824133600|1004.84
1787549820|20260824133700|1005.14
1787549880|20260824133800|1003.92
1787549940|20260824133900|1004.45
1787550000|20260824134000|1004.34
1787550060|20260824134100|1004.41
1787550120|20260824134200|1004.48
1787550180|20260824134300|1004.29
1787550240|20260824134400|1004.56
1787550300|20260824134500|1004.24
1787550360|20260824134600|1004.77
1787550420|20260824134700|1004.23
1787550480|20260824134800|1004.22
1787550540|20260824134900|1004.78
1787550600|20260824135000|1005.28
1787550660|20260824135100|1004.82
1787550720|20260824135200|1005.72
1787550780|20260824135300|1005.77
1787550840|20260824135400|1005.70
1787550900|20260824135500|1005.03
1787550960|20260824135600|1005.28
1787551020|20260824135700|1004.94
1787551080|20260824135800|1005.37
