1790697600|20260930000000|902.87
1790697660|20260930000100|902.81
1790697720|20260930000200|902.80
1790697780|20260930000300|902.65
1790697840|20260930000400|902.33
1790697900|20260930000500|901.81
1790697960|20260930000600|901.47
1790698020|20260930000700|901.62
1790698080|20260930000800|901.62
1790698140|20260930000900|901.62
1790698200|20260930001000|901.62
1790698260|20260930001100|901.62
1790698320|20260930001200|901.84
1790698380|20260930001300|901.84
1790698440|20260930001400|901.72
1790698500|20260930001500|901.57
1790698560|20260930001600|901.59
1790698620|20260930001700|901.59
1790698680|20260930001800|901.60
1790698740|20260930001900|901.28
1790698800|20260930002000|901.47
1790698860|20260930002100|901.48
1790698920|20260930002200|901.51
1790698980|20260930002300|901.46
1790699040|20260930002400|901.45
1790699100|20260930002500|901.46
1790699160|20260930002600|901.82
1790699220|20260930002700|901.88
1790699280|20260930002800|901.93
1790699340|20260930002900|902.14
1790699400|20260930003000|902.13
1790699460|20260930003100|902.13
1790699520|20260930003200|902.13
1790699580|20260930003300|901.97
1790699640|20260930003400|901.97
1790699700|20260930003500|901.97
1790699760|20260930003600|902.02
1790699820|20260930003700|902.09
1790699880|20260930003800|902.09
1790699940|20260930003900|902.07
1790700000|20260930004000|901.76
1790700060|20260930004100|901.81
1790700120|20260930004200|901.82
1790700180|20260930004300|901.81
1790700240|20260930004400|901.48
1790700300|20260930004500|900.87
1790700360|20260930004600|900.42
1790700420|20260930004700|900.65
1790700480|20260930004800|900.66
1790700540|20260930004900|901.04
1790700600|20260930005000|901.00
1790700660|20260930005100|901.04
1790700720|20260930005200|901.46
1790700780|20260930005300|901.03
1790700840|20260930005400|901.04
1790700900|20260930005500|900.97
1790700960|20260930005600|900.54
1790701020|20260930005700|900.33
1790701080|20260930005800|900.34
1790701140|20260930005900|900.42
1790701200|20260930010000|900.57
1790701260|20260930010100|900.47
1790701320|20260930010200|900.65
1790701380|20260930010300|900.10
1790701440|20260930010400|900.16
1790701500|20260930010500|900.43
1790701560|20260930010600|900.38
1790701620|20260930010700|900.32
1790701680|20260930010800|899.99
1790701740|20260930010900|899.87
1790701800|20260930011000|899.92
1790701860|20260930011100|899.92
1790701920|20260930011200|900.17
1790701980|20260930011300|900.26
1790702040|20260930011400|900.26
1790702100|20260930011500|900.26
1790702160|20260930011600|900.26
1790702220|20260930011700|900.31
1790702280|20260930011800|900.31
1790702340|20260930011900|900.31
1790702400|20260930012000|900.58
1790702460|20260930012100|900.49
1790702520|20260930012200|900.27
1790702580|20260930012300|900.29
1790702640|20260930012400|900.53
1790702700|20260930012500|900.53
1790702760|20260930012600|900.40
1790702820|20260930012700|900.40
1790702880|20260930012800|900.40
1790702940|20260930012900|900.40
1790703000|20260930013000|900.40
1790703060|20260930013100|900.45
1790703120|20260930013200|900.42
1790703180|20260930013300|900.42
1790703240|20260930013400|900.46
1790703300|20260930013500|900.47
1790703360|20260930013600|900.47
1790703420|20260930013700|900.67
1790703480|20260930013800|900.67
1790703540|20260930013900|900.41
1790703600|20260930014000|900.26
1790703660|20260930014100|900.09
1790703720|20260930014200|900.09
1790703780|20260930014300|900.09
1790703840|20260930014400|900.09
1790703900|20260930014500|899.96
1790703960|20260930014600|899.97
1790704020|20260930014700|899.63
1790704080|20260930014800|899.63
1790704140|20260930014900|899.65
1790704200|20260930015000|899.66
1790704260|20260930015100|900.03
1790704320|20260930015200|900.11
1790704380|20260930015300|900.11
1790704440|20260930015400|899.58
1790704500|20260930015500|899.43
1790704560|20260930015600|899.35
1790704620|20260930015700|899.39
1790704680|20260930015800|899.39
1790704740|20260930015900|899.29
1790730600|20260930091000|905.20
1790730660|20260930091100|904.73
1790730720|20260930091200|905.15
1790730780|20260930091300|905.12
1790730840|20260930091400|904.91
1790730900|20260930091500|904.74
1790730960|20260930091600|904.78
1790731020|20260930091700|904.90
1790731080|20260930091800|904.70
1790731140|20260930091900|904.37
1790731200|20260930092000|904.39
1790731260|20260930092100|904.00
1790731320|20260930092200|904.33
1790731380|20260930092300|904.09
1790731440|20260930092400|903.83
1790731500|20260930092500|903.93
1790731560|20260930092600|903.96
1790731620|20260930092700|903.84
1790731680|20260930092800|903.83
1790731740|20260930092900|903.70
1790731800|20260930093000|903.30
1790731860|20260930093100|904.33
1790731920|20260930093200|904.35
1790731980|20260930093300|904.28
1790732040|20260930093400|904.32
1790732100|20260930093500|903.86
1790732160|20260930093600|904.32
1790732220|20260930093700|904.31
1790732280|20260930093800|904.08
1790732340|20260930093900|903.81
1790732400|20260930094000|903.79
1790732460|20260930094100|903.86
1790732520|20260930094200|903.90
1790732580|20260930094300|903.75
1790732640|20260930094400|903.85
1790732700|20260930094500|903.90
1790732760|20260930094600|903.75
1790732820|20260930094700|904.00
1790732880|20260930094800|904.23
1790732940|20260930094900|903.97
1790733000|20260930095000|903.99
1790733060|20260930095100|904.15
1790733120|20260930095200|904.09
1790733180|20260930095300|904.16
1790733240|20260930095400|904.28
1790733300|20260930095500|904.30
1790733360|20260930095600|904.24
1790733420|20260930095700|904.25
1790733480|20260930095800|904.33
1790733540|20260930095900|904.14
1790733600|20260930100000|904.19
1790733660|20260930100100|904.38
1790733720|20260930100200|904.56
1790733780|20260930100300|904.55
1790733840|20260930100400|904.56
1790733900|20260930100500|904.58
1790733960|20260930100600|904.78
1790734020|20260930100700|904.97
1790734080|20260930100800|905.22
1790734140|20260930100900|905.22
1790734200|20260930101000|905.24
1790734260|20260930101100|905.20
1790734320|20260930101200|905.18
1790734380|20260930101300|904.91
1790734440|20260930101400|905.12
1790734500|20260930101500|905.11
1790734560|20260930101600|905.30
1790734620|20260930101700|905.37
1790734680|20260930101800|905.47
1790734740|20260930101900|905.52
1790734800|20260930102000|905.51
1790734860|20260930102100|905.77
1790734920|20260930102200|905.77
1790734980|20260930102300|906.07
1790735040|20260930102400|906.05
1790735100|20260930102500|905.88
1790735160|20260930102600|905.93
1790735220|20260930102700|905.65
1790735280|20260930102800|905.51
1790735340|20260930102900|905.79
1790735400|20260930103000|905.54
1790735460|20260930103100|904.74
1790735520|20260930103200|904.67
1790735580|20260930103300|904.32
1790735640|20260930103400|904.65
1790735700|20260930103500|904.70
1790735760|20260930103600|904.85
1790735820|20260930103700|905.23
1790735880|20260930103800|905.34
1790735940|20260930103900|905.60
1790736000|20260930104000|905.49
1790736060|20260930104100|905.39
1790736120|20260930104200|905.14
1790736180|20260930104300|904.92
1790736240|20260930104400|905.17
1790736300|20260930104500|905.43
1790736360|20260930104600|905.67
1790736420|20260930104700|906.20
1790736480|20260930104800|906.46
1790736540|20260930104900|906.30
1790736600|20260930105000|906.29
1790736660|20260930105100|906.52
1790736720|20260930105200|906.54
1790736780|20260930105300|906.51
1790736840|20260930105400|906.08
1790736900|20260930105500|905.88
1790736960|20260930105600|905.98
1790737020|20260930105700|906.23
1790737080|20260930105800|906.19
1790737140|20260930105900|905.98
1790737200|20260930110000|905.93
1790737260|20260930110100|906.28
1790737320|20260930110200|906.26
1790737380|20260930110300|906.36
1790737440|20260930110400|906.37
1790737500|20260930110500|906.42
1790737560|20260930110600|906.15
1790737620|20260930110700|906.16
1790737680|20260930110800|906.34
1790737740|20260930110900|906.11
1790737800|20260930111000|906.23
1790737860|20260930111100|906.10
1790737920|20260930111200|906.06
1790737980|20260930111300|906.24
1790738040|20260930111400|906.22
1790738100|20260930111500|905.87
1790738160|20260930111600|905.98
1790738220|20260930111700|905.81
1790738280|20260930111800|906.07
1790738340|20260930111900|906.16
1790738400|20260930112000|906.29
1790738460|20260930112100|906.13
1790738520|20260930112200|906.30
1790738580|20260930112300|906.23
1790738640|20260930112400|906.31
1790738700|20260930112500|906.32
1790738760|20260930112600|906.36
1790738820|20260930112700|906.27
1790738880|20260930112800|906.30
1790738940|20260930112900|906.29
1790739000|20260930113000|906.50
1790739060|20260930113100|906.37
1790739120|20260930113200|906.21
1790739180|20260930113300|905.96
1790739240|20260930113400|905.84
1790739300|20260930113500|905.65
1790739360|20260930113600|905.34
1790739420|20260930113700|905.31
1790739480|20260930113800|905.32
1790739540|20260930113900|905.41
1790739600|20260930114000|905.42
1790739660|20260930114100|905.42
1790739720|20260930114200|905.46
1790739780|20260930114300|905.46
1790739840|20260930114400|905.46
1790739900|20260930114500|905.46
1790739960|20260930114600|905.44
1790740020|20260930114700|905.31
1790740080|20260930114800|905.37
1790740140|20260930114900|905.35
1790740200|20260930115000|905.29
1790740260|20260930115100|905.22
1790740320|20260930115200|904.98
1790740380|20260930115300|904.85
1790740440|20260930115400|904.79
1790740500|20260930115500|905.35
1790740560|20260930115600|905.31
1790740620|20260930115700|905.43
1790740680|20260930115800|904.90
1790740740|20260930115900|904.81
1790740800|20260930120000|904.81
1790740860|20260930120100|905.03
1790740920|20260930120200|904.86
1790740980|20260930120300|905.37
1790741040|20260930120400|905.09
1790741100|20260930120500|905.58
1790741160|20260930120600|905.40
1790741220|20260930120700|905.06
1790741280|20260930120800|905.06
1790741340|20260930120900|905.06
1790741400|20260930121000|905.06
1790741460|20260930121100|905.06
1790741520|20260930121200|905.06
1790741580|20260930121300|905.11
1790741640|20260930121400|905.11
1790741700|20260930121500|905.12
1790741760|20260930121600|905.35
1790741820|20260930121700|905.49
1790741880|20260930121800|905.56
1790741940|20260930121900|905.70
1790742000|20260930122000|905.59
1790742060|20260930122100|905.59
1790742120|20260930122200|905.59
1790742180|20260930122300|905.61
1790742240|20260930122400|905.59
1790742300|20260930122500|905.59
1790742360|20260930122600|905.71
1790742420|20260930122700|905.89
1790742480|20260930122800|905.78
1790742540|20260930122900|905.72
1790742600|20260930123000|905.72
1790742660|20260930123100|905.72
1790742720|20260930123200|905.72
1790742780|20260930123300|905.80
1790742840|20260930123400|905.80
1790742900|20260930123500|905.80
1790742960|20260930123600|906.26
1790743020|20260930123700|906.22
1790743080|20260930123800|906.28
1790743140|20260930123900|906.60
1790743200|20260930124000|906.57
1790743260|20260930124100|906.71
1790743320|20260930124200|906.83
1790743380|20260930124300|906.57
1790743440|20260930124400|906.45
1790743500|20260930124500|906.31
1790743560|20260930124600|906.32
1790743620|20260930124700|906.34
1790743680|20260930124800|906.33
1790743740|20260930124900|906.33
1790743800|20260930125000|906.11
1790743860|20260930125100|906.05
1790743920|20260930125200|906.02
1790743980|20260930125300|906.04
1790744040|20260930125400|906.05
1790744100|20260930125500|906.05
1790744160|20260930125600|906.11
1790744220|20260930125700|906.11
1790744280|20260930125800|906.11
1790744340|20260930125900|906.26
1790744400|20260930130000|906.17
1790744460|20260930130100|906.41
1790744520|20260930130200|906.26
1790744580|20260930130300|906.30
1790744640|20260930130400|906.36
1790744700|20260930130500|906.34
1790744760|20260930130600|906.34
1790744820|20260930130700|906.34
1790744880|20260930130800|906.24
1790744940|20260930130900|905.98
1790745000|20260930131000|905.77
1790745060|20260930131100|905.82
1790745120|20260930131200|905.89
1790745180|20260930131300|905.47
1790745240|20260930131400|905.28
1790745300|20260930131500|905.10
1790745360|20260930131600|904.82
1790745420|20260930131700|904.22
1790745480|20260930131800|904.00
1790745540|20260930131900|904.30
1790745600|20260930132000|904.36
1790745660|20260930132100|904.49
1790745720|20260930132200|904.68
1790745780|20260930132300|904.66
1790745840|20260930132400|904.70
1790745900|20260930132500|904.94
1790745960|20260930132600|904.82
1790746020|20260930132700|904.76
1790746080|20260930132800|904.86
1790746140|20260930132900|905.12
1790746200|20260930133000|905.73
1790746260|20260930133100|905.19
1790746320|20260930133200|906.05
1790746380|20260930133300|905.96
1790746440|20260930133400|906.11
1790746500|20260930133500|905.90
1790746560|20260930133600|906.13
1790746620|20260930133700|905.86
1790746680|20260930133800|905.59
1790746740|20260930133900|905.26
1790746800|20260930134000|905.20
1790746860|20260930134100|904.94
1790746920|20260930134200|905.07
1790746980|20260930134300|905.33
1790747040|20260930134400|905.38
1790747100|20260930134500|905.35
1790747160|20260930134600|905.30
1790747220|20260930134700|905.40
1790747280|20260930134800|905.30
1790747340|20260930134900|905.35
1790747400|20260930135000|905.49
1790747460|20260930135100|905.29
1790747520|20260930135200|905.21
1790747580|20260930135300|905.11
1790747640|20260930135400|905.26
1790747700|20260930135500|905.33
1790747760|20260930135600|905.07
1790747820|20260930135700|905.20
1790747880|20260930135800|905.25
1790747940|20260930135900|906.12
1790748000|20260930140000|905.75
1790748060|20260930140100|906.11
1790748120|20260930140200|905.85
1790748180|20260930140300|905.96
1790748240|20260930140400|906.07
1790748300|20260930140500|906.46
1790748360|20260930140600|906.39
1790748420|20260930140700|906.38
1790748480|20260930140800|906.50
1790748540|20260930140900|906.32
1790748600|20260930141000|906.48
1790748660|20260930141100|906.73
1790748720|20260930141200|906.84
1790748780|20260930141300|906.73
1790748840|20260930141400|906.83
1790748900|20260930141500|906.72
1790748960|20260930141600|907.01
1790749020|20260930141700|907.09
1790749080|20260930141800|906.92
1790749140|20260930141900|906.60
1790749200|20260930142000|906.29
1790749260|20260930142100|906.31
1790749320|20260930142200|906.38
1790749380|20260930142300|906.70
1790749440|20260930142400|906.67
1790749500|20260930142500|906.86
1790749560|20260930142600|906.53
1790749620|20260930142700|906.68
1790749680|20260930142800|906.61
1790749740|20260930142900|906.45
1790749800|20260930143000|906.46
1790749860|20260930143100|906.33
1790749920|20260930143200|906.51
1790749980|20260930143300|906.49
1790750040|20260930143400|906.42
1790750100|20260930143500|906.53
1790750160|20260930143600|906.59
1790750220|20260930143700|906.62
1790750280|20260930143800|906.84
1790750340|20260930143900|906.71
1790750400|20260930144000|906.63
1790750460|20260930144100|906.71
1790750520|20260930144200|906.56
1790750580|20260930144300|906.88
1790750640|20260930144400|906.78
1790750700|20260930144500|907.06
1790750760|20260930144600|906.77
1790750820|20260930144700|906.66
1790750880|20260930144800|906.80
1790750940|20260930144900|906.81
1790751000|20260930145000|907.10
1790751060|20260930145100|907.52
1790751120|20260930145200|908.45
1790751180|20260930145300|909.29
1790751240|20260930145400|909.60
1790751300|20260930145500|909.34
1790751360|20260930145600|909.93
1790751420|20260930145700|909.76
1790751480|20260930145800|909.96
1790751540|20260930145900|909.90
1790751600|20260930150000|908.84
1790751660|20260930150100|909.20
1790751720|20260930150200|910.04
1790751780|20260930150300|910.21
1790751840|20260930150400|910.26
1790751900|20260930150500|910.14
1790751960|20260930150600|909.91
1790752020|20260930150700|909.79
1790752080|20260930150800|910.28
1790752140|20260930150900|910.32
1790752200|20260930151000|909.63
1790752260|20260930151100|910.03
1790752320|20260930151200|909.67
1790752380|20260930151300|909.88
1790752440|20260930151400|909.84
1790752500|20260930151500|910.09
1790752560|20260930151600|910.09
1790752620|20260930151700|910.31
1790752680|20260930151800|910.20
1790752740|20260930151900|910.07
1790752800|20260930152000|910.09
1790752860|20260930152100|910.30
1790752920|20260930152200|910.72
1790752980|20260930152300|910.84
1790753040|20260930152400|910.81
1790753100|20260930152500|910.99
1790753160|20260930152600|910.78
1790753220|20260930152700|909.68
1790753280|20260930152800|909.71
1790753340|20260930152900|909.31
