1791421800|20261008091000|894.40
1791421860|20261008091100|893.63
1791421920|20261008091200|894.14
1791421980|20261008091300|894.16
1791422040|20261008091400|893.73
1791422100|20261008091500|893.13
1791422160|20261008091600|892.97
1791422220|20261008091700|893.03
1791422280|20261008091800|893.28
1791422340|20261008091900|893.58
1791422400|20261008092000|893.79
1791422460|20261008092100|893.19
1791422520|20261008092200|893.09
1791422580|20261008092300|892.90
1791422640|20261008092400|893.21
1791422700|20261008092500|893.61
1791422760|20261008092600|894.44
1791422820|20261008092700|894.86
1791422880|20261008092800|894.76
1791422940|20261008092900|894.77
1791423000|20261008093000|894.89
1791423060|20261008093100|895.11
1791423120|20261008093200|894.98
1791423180|20261008093300|895.06
1791423240|20261008093400|895.42
1791423300|20261008093500|895.49
1791423360|20261008093600|896.19
1791423420|20261008093700|896.25
1791423480|20261008093800|896.00
1791423540|20261008093900|896.15
1791423600|20261008094000|896.08
1791423660|20261008094100|896.25
1791423720|20261008094200|895.94
1791423780|20261008094300|895.68
1791423840|20261008094400|895.55
1791423900|20261008094500|895.79
1791423960|20261008094600|895.24
1791424020|20261008094700|896.00
1791424080|20261008094800|896.47
1791424140|20261008094900|896.47
1791424200|20261008095000|896.81
1791424260|20261008095100|896.29
1791424320|20261008095200|895.93
1791424380|20261008095300|896.15
1791424440|20261008095400|895.94
1791424500|20261008095500|895.79
1791424560|20261008095600|895.72
1791424620|20261008095700|895.72
1791424680|20261008095800|896.06
1791424740|20261008095900|895.75
1791424800|20261008100000|895.72
1791424860|20261008100100|895.88
1791424920|20261008100200|895.92
1791424980|20261008100300|895.84
