1786464000|20260812000000|953.87
1786464060|20260812000100|954.29
1786464120|20260812000200|954.11
1786464180|20260812000300|954.02
1786464240|20260812000400|954.05
1786464300|20260812000500|953.61
1786464360|20260812000600|953.61
1786464420|20260812000700|953.51
1786464480|20260812000800|953.43
1786464540|20260812000900|953.44
1786464600|20260812001000|953.53
1786464660|20260812001100|953.53
1786464720|20260812001200|953.54
1786464780|20260812001300|953.45
1786464840|20260812001400|953.33
1786464900|20260812001500|953.35
1786464960|20260812001600|953.48
1786465020|20260812001700|953.58
1786465080|20260812001800|953.76
1786465140|20260812001900|953.73
1786465200|20260812002000|953.34
1786465260|20260812002100|953.60
1786465320|20260812002200|953.59
1786465380|20260812002300|954.04
1786465440|20260812002400|953.77
1786465500|20260812002500|953.82
1786465560|20260812002600|953.76
1786465620|20260812002700|953.77
1786465680|20260812002800|953.96
1786465740|20260812002900|953.78
1786465800|20260812003000|954.07
1786465860|20260812003100|954.07
1786465920|20260812003200|953.94
1786465980|20260812003300|953.33
1786466040|20260812003400|953.52
1786466100|20260812003500|953.84
1786466160|20260812003600|954.37
1786466220|20260812003700|954.45
1786466280|20260812003800|954.39
1786466340|20260812003900|954.17
1786466400|20260812004000|954.23
1786466460|20260812004100|954.19
1786466520|20260812004200|954.30
1786466580|20260812004300|954.51
1786466640|20260812004400|954.57
1786466700|20260812004500|954.57
1786466760|20260812004600|954.57
1786466820|20260812004700|954.18
1786466880|20260812004800|953.96
1786466940|20260812004900|954.10
1786467000|20260812005000|954.08
1786467060|20260812005100|953.92
1786467120|20260812005200|953.89
1786467180|20260812005300|953.89
1786467240|20260812005400|953.81
1786467300|20260812005500|953.91
1786467360|20260812005600|953.98
1786467420|20260812005700|954.07
1786467480|20260812005800|954.38
1786467540|20260812005900|954.24
1786467600|20260812010000|954.21
1786467660|20260812010100|954.27
1786467720|20260812010200|954.31
1786467780|20260812010300|954.19
1786467840|20260812010400|954.15
1786467900|20260812010500|954.16
1786467960|20260812010600|954.02
1786468020|20260812010700|954.07
1786468080|20260812010800|953.99
1786468140|20260812010900|954.35
1786468200|20260812011000|954.37
1786468260|20260812011100|954.38
1786468320|20260812011200|954.18
1786468380|20260812011300|953.99
1786468440|20260812011400|953.99
1786468500|20260812011500|953.99
1786468560|20260812011600|953.97
1786468620|20260812011700|953.76
1786468680|20260812011800|954.14
1786468740|20260812011900|954.06
1786468800|20260812012000|954.08
1786468860|20260812012100|954.03
1786468920|20260812012200|953.97
1786468980|20260812012300|953.70
1786469040|20260812012400|953.66
1786469100|20260812012500|953.78
1786469160|20260812012600|953.71
1786469220|20260812012700|953.86
1786469280|20260812012800|953.61
1786469340|20260812012900|953.64
1786469400|20260812013000|953.78
1786469460|20260812013100|953.53
1786469520|20260812013200|953.50
1786469580|20260812013300|953.11
1786469640|20260812013400|953.07
1786469700|20260812013500|952.81
1786469760|20260812013600|952.95
1786469820|20260812013700|952.78
1786469880|20260812013800|952.57
1786469940|20260812013900|952.81
1786470000|20260812014000|952.83
1786470060|20260812014100|953.04
1786470120|20260812014200|953.02
1786470180|20260812014300|953.10
1786470240|20260812014400|953.11
1786470300|20260812014500|952.87
1786470360|20260812014600|952.76
1786470420|20260812014700|952.88
1786470480|20260812014800|953.00
1786470540|20260812014900|953.07
1786470600|20260812015000|952.90
1786470660|20260812015100|952.87
1786470720|20260812015200|952.72
1786470780|20260812015300|952.57
1786470840|20260812015400|952.37
1786470900|20260812015500|952.08
1786470960|20260812015600|951.96
1786471020|20260812015700|951.94
1786471080|20260812015800|951.77
1786471140|20260812015900|951.80
1786497000|20260812091000|954.91
1786497060|20260812091100|955.21
1786497120|20260812091200|955.55
1786497180|20260812091300|955.66
1786497240|20260812091400|955.60
1786497300|20260812091500|955.69
1786497360|20260812091600|955.34
1786497420|20260812091700|955.65
1786497480|20260812091800|955.94
1786497540|20260812091900|955.41
1786497600|20260812092000|956.01
1786497660|20260812092100|956.52
1786497720|20260812092200|956.12
1786497780|20260812092300|955.60
1786497840|20260812092400|955.82
1786497900|20260812092500|955.79
1786497960|20260812092600|955.93
1786498020|20260812092700|955.78
1786498080|20260812092800|956.11
1786498140|20260812092900|955.95
1786498200|20260812093000|955.83
1786498260|20260812093100|955.91
1786498320|20260812093200|955.79
1786498380|20260812093300|955.15
1786498440|20260812093400|954.88
1786498500|20260812093500|954.87
1786498560|20260812093600|954.64
1786498620|20260812093700|955.29
1786498680|20260812093800|955.00
1786498740|20260812093900|954.88
1786498800|20260812094000|955.09
1786498860|20260812094100|955.15
1786498920|20260812094200|955.39
1786498980|20260812094300|955.75
1786499040|20260812094400|956.02
1786499100|20260812094500|956.23
1786499160|20260812094600|956.02
1786499220|20260812094700|956.25
1786499280|20260812094800|956.62
1786499340|20260812094900|956.97
1786499400|20260812095000|956.82
1786499460|20260812095100|957.17
1786499520|20260812095200|956.97
1786499580|20260812095300|957.09
1786499640|20260812095400|956.90
1786499700|20260812095500|956.76
1786499760|20260812095600|956.59
1786499820|20260812095700|956.51
1786499880|20260812095800|956.91
1786499940|20260812095900|956.92
1786500000|20260812100000|957.09
1786500060|20260812100100|956.78
1786500120|20260812100200|957.01
1786500180|20260812100300|957.10
1786500240|20260812100400|956.75
1786500300|20260812100500|957.09
1786500360|20260812100600|957.10
1786500420|20260812100700|957.13
1786500480|20260812100800|957.00
1786500540|20260812100900|957.14
1786500600|20260812101000|957.39
1786500660|20260812101100|957.71
1786500720|20260812101200|957.48
1786500780|20260812101300|957.73
1786500840|20260812101400|957.73
1786500900|20260812101500|957.89
1786500960|20260812101600|957.66
1786501020|20260812101700|958.07
1786501080|20260812101800|958.14
1786501140|20260812101900|958.03
1786501200|20260812102000|957.94
1786501260|20260812102100|957.99
1786501320|20260812102200|958.10
1786501380|20260812102300|958.34
1786501440|20260812102400|958.27
1786501500|20260812102500|958.30
1786501560|20260812102600|958.17
1786501620|20260812102700|958.22
1786501680|20260812102800|958.16
1786501740|20260812102900|958.24
1786501800|20260812103000|958.13
1786501860|20260812103100|957.97
1786501920|20260812103200|957.68
1786501980|20260812103300|957.39
1786502040|20260812103400|957.42
1786502100|20260812103500|957.38
1786502160|20260812103600|957.43
1786502220|20260812103700|957.38
1786502280|20260812103800|957.22
1786502340|20260812103900|957.50
1786502400|20260812104000|957.70
1786502460|20260812104100|958.34
1786502520|20260812104200|958.47
1786502580|20260812104300|959.32
1786502640|20260812104400|959.12
1786502700|20260812104500|959.04
1786502760|20260812104600|959.55
1786502820|20260812104700|959.63
1786502880|20260812104800|960.06
1786502940|20260812104900|959.64
1786503000|20260812105000|959.86
1786503060|20260812105100|960.53
1786503120|20260812105200|960.52
1786503180|20260812105300|960.66
1786503240|20260812105400|960.81
1786503300|20260812105500|960.74
1786503360|20260812105600|960.42
1786503420|20260812105700|960.23
1786503480|20260812105800|960.17
1786503540|20260812105900|960.22
1786503600|20260812110000|960.15
1786503660|20260812110100|960.31
1786503720|20260812110200|960.56
1786503780|20260812110300|960.52
1786503840|20260812110400|959.98
1786503900|20260812110500|959.65
1786503960|20260812110600|959.72
1786504020|20260812110700|960.04
1786504080|20260812110800|960.76
1786504140|20260812110900|960.54
1786504200|20260812111000|960.70
1786504260|20260812111100|960.67
1786504320|20260812111200|960.76
1786504380|20260812111300|960.65
1786504440|20260812111400|960.54
1786504500|20260812111500|959.99
1786504560|20260812111600|959.90
1786504620|20260812111700|959.38
1786504680|20260812111800|958.99
1786504740|20260812111900|959.18
1786504800|20260812112000|959.32
1786504860|20260812112100|958.88
1786504920|20260812112200|958.87
1786504980|20260812112300|958.73
1786505040|20260812112400|959.05
1786505100|20260812112500|958.99
1786505160|20260812112600|958.91
1786505220|20260812112700|959.03
1786505280|20260812112800|958.94
1786505340|20260812112900|959.13
1786505400|20260812113000|958.79
1786505460|20260812113100|959.16
1786505520|20260812113200|958.99
1786505580|20260812113300|958.93
1786505640|20260812113400|958.94
1786505700|20260812113500|958.57
1786505760|20260812113600|958.63
1786505820|20260812113700|958.70
1786505880|20260812113800|958.49
1786505940|20260812113900|958.47
1786506000|20260812114000|958.39
1786506060|20260812114100|958.40
1786506120|20260812114200|958.40
1786506180|20260812114300|958.32
1786506240|20260812114400|958.11
1786506300|20260812114500|957.89
1786506360|20260812114600|957.95
1786506420|20260812114700|957.91
1786506480|20260812114800|958.06
1786506540|20260812114900|958.02
1786506600|20260812115000|957.95
1786506660|20260812115100|957.91
1786506720|20260812115200|957.98
1786506780|20260812115300|958.01
1786506840|20260812115400|957.97
1786506900|20260812115500|957.76
1786506960|20260812115600|957.84
1786507020|20260812115700|957.73
1786507080|20260812115800|957.73
1786507140|20260812115900|957.76
1786507200|20260812120000|957.73
1786507260|20260812120100|957.83
1786507320|20260812120200|957.86
1786507380|20260812120300|957.86
1786507440|20260812120400|957.84
1786507500|20260812120500|957.89
1786507560|20260812120600|957.96
1786507620|20260812120700|957.97
1786507680|20260812120800|957.91
1786507740|20260812120900|957.77
1786507800|20260812121000|957.37
1786507860|20260812121100|957.35
1786507920|20260812121200|957.34
1786507980|20260812121300|957.09
1786508040|20260812121400|957.05
1786508100|20260812121500|957.03
1786508160|20260812121600|956.98
1786508220|20260812121700|956.93
1786508280|20260812121800|956.96
1786508340|20260812121900|956.97
1786508400|20260812122000|956.96
1786508460|20260812122100|956.98
1786508520|20260812122200|957.15
1786508580|20260812122300|957.14
1786508640|20260812122400|957.14
1786508700|20260812122500|957.15
1786508760|20260812122600|957.15
1786508820|20260812122700|957.26
1786508880|20260812122800|957.26
1786508940|20260812122900|957.26
1786509000|20260812123000|957.31
1786509060|20260812123100|957.27
1786509120|20260812123200|957.27
1786509180|20260812123300|957.27
1786509240|20260812123400|957.29
1786509300|20260812123500|957.32
1786509360|20260812123600|957.32
1786509420|20260812123700|957.30
1786509480|20260812123800|957.41
1786509540|20260812123900|957.41
1786509600|20260812124000|957.41
1786509660|20260812124100|957.01
1786509720|20260812124200|957.03
1786509780|20260812124300|957.09
1786509840|20260812124400|957.29
1786509900|20260812124500|957.45
1786509960|20260812124600|957.44
1786510020|20260812124700|957.58
1786510080|20260812124800|957.70
1786510140|20260812124900|957.76
1786510200|20260812125000|957.91
1786510260|20260812125100|957.92
1786510320|20260812125200|957.91
1786510380|20260812125300|957.86
1786510440|20260812125400|957.83
1786510500|20260812125500|957.74
1786510560|20260812125600|957.68
1786510620|20260812125700|957.68
1786510680|20260812125800|957.68
1786510740|20260812125900|957.68
1786510800|20260812130000|957.92
1786510860|20260812130100|957.98
1786510920|20260812130200|957.95
1786510980|20260812130300|957.99
1786511040|20260812130400|957.84
1786511100|20260812130500|958.01
1786511160|20260812130600|958.20
1786511220|20260812130700|958.09
1786511280|20260812130800|958.13
1786511340|20260812130900|958.31
1786511400|20260812131000|958.52
1786511460|20260812131100|958.50
1786511520|20260812131200|958.60
1786511580|20260812131300|958.58
1786511640|20260812131400|958.31
1786511700|20260812131500|958.05
1786511760|20260812131600|957.49
1786511820|20260812131700|957.33
1786511880|20260812131800|957.29
1786511940|20260812131900|957.10
1786512000|20260812132000|957.30
1786512060|20260812132100|956.75
1786512120|20260812132200|956.68
1786512180|20260812132300|956.16
1786512240|20260812132400|956.37
1786512300|20260812132500|956.43
1786512360|20260812132600|956.65
1786512420|20260812132700|956.66
1786512480|20260812132800|956.44
1786512540|20260812132900|956.28
1786512600|20260812133000|956.12
1786512660|20260812133100|955.98
1786512720|20260812133200|956.69
1786512780|20260812133300|956.35
1786512840|20260812133400|956.20
1786512900|20260812133500|955.79
1786512960|20260812133600|955.88
1786513020|20260812133700|956.11
1786513080|20260812133800|956.08
1786513140|20260812133900|956.52
1786513200|20260812134000|956.26
1786513260|20260812134100|956.26
1786513320|20260812134200|955.56
1786513380|20260812134300|955.18
1786513440|20260812134400|955.33
1786513500|20260812134500|954.83
1786513560|20260812134600|954.71
1786513620|20260812134700|955.06
1786513680|20260812134800|954.65
1786513740|20260812134900|954.42
1786513800|20260812135000|954.21
1786513860|20260812135100|954.41
1786513920|20260812135200|954.35
1786513980|20260812135300|954.01
1786514040|20260812135400|954.69
1786514100|20260812135500|955.29
1786514160|20260812135600|955.88
1786514220|20260812135700|955.82
1786514280|20260812135800|956.57
1786514340|20260812135900|956.19
1786514400|20260812140000|956.06
1786514460|20260812140100|956.15
1786514520|20260812140200|955.77
1786514580|20260812140300|955.55
1786514640|20260812140400|955.23
1786514700|20260812140500|955.27
1786514760|20260812140600|954.81
1786514820|20260812140700|954.80
1786514880|20260812140800|954.50
1786514940|20260812140900|954.56
1786515000|20260812141000|954.81
1786515060|20260812141100|954.58
1786515120|20260812141200|954.90
1786515180|20260812141300|954.82
1786515240|20260812141400|954.95
1786515300|20260812141500|955.16
1786515360|20260812141600|955.16
1786515420|20260812141700|955.19
1786515480|20260812141800|955.53
1786515540|20260812141900|955.58
1786515600|20260812142000|955.40
1786515660|20260812142100|955.35
1786515720|20260812142200|955.46
1786515780|20260812142300|955.27
1786515840|20260812142400|955.31
1786515900|20260812142500|955.47
1786515960|20260812142600|955.55
1786516020|20260812142700|955.54
1786516080|20260812142800|955.33
1786516140|20260812142900|955.52
1786516200|20260812143000|955.59
1786516260|20260812143100|955.55
1786516320|20260812143200|955.52
1786516380|20260812143300|955.50
1786516440|20260812143400|955.49
1786516500|20260812143500|955.53
1786516560|20260812143600|955.48
1786516620|20260812143700|955.66
1786516680|20260812143800|956.32
1786516740|20260812143900|956.44
1786516800|20260812144000|956.54
1786516860|20260812144100|957.18
1786516920|20260812144200|957.00
1786516980|20260812144300|956.94
1786517040|20260812144400|957.08
1786517100|20260812144500|956.66
1786517160|20260812144600|957.53
1786517220|20260812144700|957.33
1786517280|20260812144800|957.43
1786517340|20260812144900|957.62
1786517400|20260812145000|957.87
1786517460|20260812145100|958.09
1786517520|20260812145200|958.47
1786517580|20260812145300|958.40
1786517640|20260812145400|958.20
1786517700|20260812145500|958.23
1786517760|20260812145600|958.88
1786517820|20260812145700|959.25
1786517880|20260812145800|958.92
1786517940|20260812145900|958.72
1786518000|20260812150000|958.69
1786518060|20260812150100|958.66
1786518120|20260812150200|958.10
1786518180|20260812150300|958.10
1786518240|20260812150400|958.19
1786518300|20260812150500|958.11
1786518360|20260812150600|958.11
1786518420|20260812150700|958.18
1786518480|20260812150800|958.34
1786518540|20260812150900|958.17
1786518600|20260812151000|958.09
1786518660|20260812151100|958.44
1786518720|20260812151200|958.36
1786518780|20260812151300|958.58
1786518840|20260812151400|958.61
1786518900|20260812151500|958.15
1786518960|20260812151600|957.99
1786519020|20260812151700|957.64
1786519080|20260812151800|957.54
1786519140|20260812151900|957.32
1786519200|20260812152000|957.33
1786519260|20260812152100|957.26
1786519320|20260812152200|957.29
1786519380|20260812152300|957.46
1786519440|20260812152400|957.41
1786519500|20260812152500|957.53
1786519560|20260812152600|957.52
1786519620|20260812152700|957.80
1786519680|20260812152800|957.87
1786519740|20260812152900|958.36
1786519800|20260812153000|958.01
1786519860|20260812153100|958.17
1786519920|20260812153200|958.03
1786519980|20260812153300|958.51
1786520040|20260812153400|958.55
1786520100|20260812153500|958.58
1786520160|20260812153600|958.69
1786520220|20260812153700|958.83
1786520280|20260812153800|958.82
1786520340|20260812153900|958.85
1786520400|20260812154000|959.30
1786520460|20260812154100|958.99
1786520520|20260812154200|959.10
1786520580|20260812154300|959.48
1786520640|20260812154400|959.40
1786520700|20260812154500|959.45
1786520760|20260812154600|959.08
1786520820|20260812154700|959.28
1786520880|20260812154800|959.17
1786520940|20260812154900|959.71
1786521000|20260812155000|959.58
1786521060|20260812155100|959.36
1786521120|20260812155200|959.54
1786521180|20260812155300|959.75
1786521240|20260812155400|959.50
1786521300|20260812155500|959.57
1786521360|20260812155600|959.21
1786521420|20260812155700|958.82
1786521480|20260812155800|958.80
1786521540|20260812155900|958.73
1786521600|20260812160000|959.03
1786521660|20260812160100|959.05
1786521720|20260812160200|959.41
1786521780|20260812160300|959.63
1786521840|20260812160400|959.77
1786521900|20260812160500|959.58
1786521960|20260812160600|959.69
1786522020|20260812160700|959.83
1786522080|20260812160800|959.59
1786522140|20260812160900|959.47
1786522200|20260812161000|959.23
1786522260|20260812161100|959.49
1786522320|20260812161200|959.48
1786522380|20260812161300|959.47
1786522440|20260812161400|959.47
1786522500|20260812161500|959.48
1786522560|20260812161600|959.11
1786522620|20260812161700|959.11
1786522680|20260812161800|959.12
1786522740|20260812161900|959.26
1786522800|20260812162000|959.25
1786522860|20260812162100|959.45
1786522920|20260812162200|959.35
1786522980|20260812162300|959.57
1786523040|20260812162400|959.55
1786523100|20260812162500|959.37
1786523160|20260812162600|959.28
1786523220|20260812162700|959.00
1786523280|20260812162800|959.00
1786523340|20260812162900|958.89
1786523400|20260812163000|959.12
1786523460|20260812163100|959.07
1786523520|20260812163200|959.05
1786523580|20260812163300|958.91
1786523640|20260812163400|958.74
1786523700|20260812163500|958.80
1786523760|20260812163600|958.70
1786523820|20260812163700|958.84
1786523880|20260812163800|958.87
1786523940|20260812163900|958.90
1786524000|20260812164000|958.83
1786524060|20260812164100|958.63
1786524120|20260812164200|958.66
1786524180|20260812164300|958.73
1786524240|20260812164400|958.65
1786524300|20260812164500|958.78
1786524360|20260812164600|958.54
1786524420|20260812164700|958.61
1786524480|20260812164800|958.18
1786524540|20260812164900|958.32
1786524600|20260812165000|958.38
1786524660|20260812165100|958.47
1786524720|20260812165200|958.25
1786524780|20260812165300|958.25
1786524840|20260812165400|958.32
1786524900|20260812165500|958.14
1786524960|20260812165600|958.07
1786525020|20260812165700|958.11
1786525080|20260812165800|957.89
1786525140|20260812165900|958.01
1786525200|20260812170000|957.84
1786525260|20260812170100|958.04
1786525320|20260812170200|958.18
1786525380|20260812170300|958.56
1786525440|20260812170400|959.06
1786525500|20260812170500|958.97
1786525560|20260812170600|958.91
1786525620|20260812170700|959.05
1786525680|20260812170800|959.12
1786525740|20260812170900|959.18
1786525800|20260812171000|959.27
1786525860|20260812171100|959.56
1786525920|20260812171200|959.82
1786525980|20260812171300|959.81
1786526040|20260812171400|960.16
1786526100|20260812171500|960.24
1786526160|20260812171600|960.96
1786526220|20260812171700|960.84
1786526280|20260812171800|960.76
1786526340|20260812171900|960.69
1786526400|20260812172000|960.76
1786526460|20260812172100|960.46
1786526520|20260812172200|960.33
1786526580|20260812172300|961.13
1786526640|20260812172400|961.84
1786526700|20260812172500|962.29
1786526760|20260812172600|961.51
1786526820|20260812172700|961.08
1786526880|20260812172800|960.51
1786526940|20260812172900|960.56
1786527000|20260812173000|960.07
1786527060|20260812173100|960.16
1786527120|20260812173200|959.95
1786527180|20260812173300|960.48
1786527240|20260812173400|960.22
1786527300|20260812173500|960.33
1786527360|20260812173600|960.11
1786527420|20260812173700|960.19
1786527480|20260812173800|960.70
1786527540|20260812173900|960.55
1786527600|20260812174000|960.68
1786527660|20260812174100|960.75
1786527720|20260812174200|960.71
1786527780|20260812174300|960.63
1786527840|20260812174400|960.39
1786527900|20260812174500|960.21
1786527960|20260812174600|960.09
1786528020|20260812174700|960.15
1786528080|20260812174800|960.12
1786528140|20260812174900|960.10
1786528200|20260812175000|959.97
1786528260|20260812175100|960.74
1786528320|20260812175200|960.13
1786528380|20260812175300|959.77
1786528440|20260812175400|959.77
1786528500|20260812175500|959.85
1786528560|20260812175600|959.87
1786528620|20260812175700|959.98
1786528680|20260812175800|960.53
1786528740|20260812175900|960.52
1786528800|20260812180000|960.70
1786528860|20260812180100|960.67
1786528920|20260812180200|960.44
1786528980|20260812180300|960.46
1786529040|20260812180400|960.66
1786529100|20260812180500|960.49
1786529160|20260812180600|960.80
1786529220|20260812180700|960.96
1786529280|20260812180800|960.76
1786529340|20260812180900|960.61
1786529400|20260812181000|961.20
1786529460|20260812181100|961.23
1786529520|20260812181200|961.23
1786529580|20260812181300|961.38
1786529640|20260812181400|961.38
1786529700|20260812181500|961.10
1786529760|20260812181600|961.36
1786529820|20260812181700|961.11
1786529880|20260812181800|961.19
1786529940|20260812181900|961.28
1786530000|20260812182000|961.43
1786530060|20260812182100|961.54
1786530120|20260812182200|961.36
1786530180|20260812182300|961.49
1786530240|20260812182400|961.50
1786530300|20260812182500|961.38
1786530360|20260812182600|961.36
1786530420|20260812182700|961.47
1786530480|20260812182800|961.69
1786530540|20260812182900|961.64
1786530600|20260812183000|961.49
1786530660|20260812183100|961.24
1786530720|20260812183200|961.50
1786530780|20260812183300|961.19
1786530840|20260812183400|961.03
1786530900|20260812183500|960.96
1786530960|20260812183600|960.71
1786531020|20260812183700|960.80
1786531080|20260812183800|960.69
1786531140|20260812183900|960.30
1786531200|20260812184000|960.29
1786531260|20260812184100|960.33
1786531320|20260812184200|960.30
1786531380|20260812184300|960.20
1786531440|20260812184400|960.28
1786531500|20260812184500|960.46
1786531560|20260812184600|960.62
1786531620|20260812184700|960.64
1786531680|20260812184800|960.35
1786531740|20260812184900|960.05
1786531800|20260812185000|959.30
1786531860|20260812185100|959.24
1786531920|20260812185200|959.42
1786531980|20260812185300|959.36
1786532040|20260812185400|959.60
1786532100|20260812185500|959.58
1786532160|20260812185600|959.50
1786532220|20260812185700|959.72
1786532280|20260812185800|959.69
1786532340|20260812185900|959.91
1786532400|20260812190000|960.03
1786532460|20260812190100|960.34
1786532520|20260812190200|960.15
1786532580|20260812190300|960.09
1786532640|20260812190400|959.95
1786532700|20260812190500|959.68
1786532760|20260812190600|959.52
1786532820|20260812190700|959.49
1786532880|20260812190800|959.44
1786532940|20260812190900|959.71
1786533000|20260812191000|959.60
1786533060|20260812191100|959.48
1786533120|20260812191200|959.49
1786533180|20260812191300|959.45
1786533240|20260812191400|959.09
1786533300|20260812191500|959.01
1786533360|20260812191600|959.12
1786533420|20260812191700|959.33
1786533480|20260812191800|959.26
1786533540|20260812191900|959.50
1786533600|20260812192000|959.49
1786533660|20260812192100|959.56
1786533720|20260812192200|959.54
1786533780|20260812192300|959.46
1786533840|20260812192400|959.67
1786533900|20260812192500|959.63
1786533960|20260812192600|959.81
1786534020|20260812192700|959.84
1786534080|20260812192800|960.07
1786534140|20260812192900|960.07
1786534200|20260812193000|960.52
1786534260|20260812193100|960.45
1786534320|20260812193200|960.61
1786534380|20260812193300|960.60
1786534440|20260812193400|960.43
1786534500|20260812193500|960.20
1786534560|20260812193600|960.19
1786534620|20260812193700|959.92
1786534680|20260812193800|959.64
1786534740|20260812193900|959.82
1786534800|20260812194000|959.80
1786534860|20260812194100|960.12
1786534920|20260812194200|960.20
1786534980|20260812194300|959.97
1786535040|20260812194400|960.05
1786535100|20260812194500|960.13
1786535160|20260812194600|960.32
1786535220|20260812194700|960.24
1786535280|20260812194800|960.34
1786535340|20260812194900|960.10
1786535400|20260812195000|960.16
1786535460|20260812195100|960.15
1786535520|20260812195200|960.21
1786535580|20260812195300|960.26
1786535640|20260812195400|960.35
1786535700|20260812195500|960.36
1786535760|20260812195600|960.35
1786535820|20260812195700|960.33
1786535880|20260812195800|960.10
1786535940|20260812195900|960.27
1786536000|20260812200000|960.02
1786536060|20260812200100|960.31
1786536120|20260812200200|959.86
1786536180|20260812200300|959.66
1786536240|20260812200400|959.65
1786536300|20260812200500|959.17
1786536360|20260812200600|959.11
1786536420|20260812200700|959.07
1786536480|20260812200800|959.11
1786536540|20260812200900|959.16
1786536600|20260812201000|959.07
1786536660|20260812201100|959.10
1786536720|20260812201200|959.17
1786536780|20260812201300|959.20
1786536840|20260812201400|959.21
1786536900|20260812201500|959.21
1786536960|20260812201600|959.46
1786537020|20260812201700|959.11
1786537080|20260812201800|959.33
1786537140|20260812201900|959.32
1786537200|20260812202000|959.36
1786537260|20260812202100|959.26
1786537320|20260812202200|959.69
1786537380|20260812202300|959.14
1786537440|20260812202400|959.22
1786537500|20260812202500|959.21
1786537560|20260812202600|958.42
1786537620|20260812202700|959.52
1786537680|20260812202800|959.77
1786537740|20260812202900|960.42
1786537800|20260812203000|962.42
1786537860|20260812203100|956.36
1786537920|20260812203200|959.36
1786537980|20260812203300|960.61
1786538040|20260812203400|961.36
1786538100|20260812203500|963.36
1786538160|20260812203600|960.61
1786538220|20260812203700|960.86
1786538280|20260812203800|962.11
1786538340|20260812203900|961.92
1786538400|20260812204000|962.64
1786538460|20260812204100|962.38
1786538520|20260812204200|962.46
1786538580|20260812204300|963.05
1786538640|20260812204400|964.15
1786538700|20260812204500|963.13
1786538760|20260812204600|961.79
1786538820|20260812204700|961.31
1786538880|20260812204800|961.21
1786538940|20260812204900|961.62
1786539000|20260812205000|961.57
1786539060|20260812205100|962.52
1786539120|20260812205200|962.22
1786539180|20260812205300|962.15
1786539240|20260812205400|962.39
1786539300|20260812205500|962.78
1786539360|20260812205600|962.61
1786539420|20260812205700|962.65
1786539480|20260812205800|963.33
1786539540|20260812205900|963.97
1786539600|20260812210000|964.31
1786539660|20260812210100|963.30
1786539720|20260812210200|962.52
1786539780|20260812210300|963.78
1786539840|20260812210400|963.40
1786539900|20260812210500|963.62
1786539960|20260812210600|963.32
1786540020|20260812210700|963.76
1786540080|20260812210800|962.81
1786540140|20260812210900|963.34
1786540200|20260812211000|962.95
1786540260|20260812211100|962.92
1786540320|20260812211200|962.99
1786540380|20260812211300|962.13
1786540440|20260812211400|961.90
1786540500|20260812211500|961.41
1786540560|20260812211600|961.72
1786540620|20260812211700|961.79
1786540680|20260812211800|962.55
1786540740|20260812211900|962.21
1786540800|20260812212000|961.66
1786540860|20260812212100|961.92
1786540920|20260812212200|961.04
1786540980|20260812212300|961.03
1786541040|20260812212400|960.67
1786541100|20260812212500|960.47
1786541160|20260812212600|959.93
1786541220|20260812212700|960.52
1786541280|20260812212800|960.41
1786541340|20260812212900|960.27
1786541400|20260812213000|960.06
1786541460|20260812213100|960.61
1786541520|20260812213200|960.16
1786541580|20260812213300|960.12
1786541640|20260812213400|960.05
1786541700|20260812213500|959.37
1786541760|20260812213600|959.66
1786541820|20260812213700|960.08
1786541880|20260812213800|959.78
1786541940|20260812213900|959.73
1786542000|20260812214000|958.87
1786542060|20260812214100|958.49
1786542120|20260812214200|959.16
1786542180|20260812214300|959.33
1786542240|20260812214400|960.09
1786542300|20260812214500|959.87
1786542360|20260812214600|960.25
1786542420|20260812214700|960.88
1786542480|20260812214800|961.72
1786542540|20260812214900|962.35
1786542600|20260812215000|962.36
1786542660|20260812215100|962.39
1786542720|20260812215200|962.76
1786542780|20260812215300|962.51
1786542840|20260812215400|963.26
1786542900|20260812215500|963.36
1786542960|20260812215600|963.01
1786543020|20260812215700|962.61
1786543080|20260812215800|962.92
1786543140|20260812215900|962.97
1786543200|20260812220000|962.48
1786543260|20260812220100|962.38
1786543320|20260812220200|961.90
1786543380|20260812220300|961.30
1786543440|20260812220400|961.73
1786543500|20260812220500|962.08
1786543560|20260812220600|962.45
1786543620|20260812220700|962.47
1786543680|20260812220800|962.54
1786543740|20260812220900|962.36
1786543800|20260812221000|962.47
1786543860|20260812221100|962.93
1786543920|20260812221200|963.54
1786543980|20260812221300|963.74
1786544040|20260812221400|963.41
1786544100|20260812221500|963.15
1786544160|20260812221600|963.62
1786544220|20260812221700|964.05
1786544280|20260812221800|963.90
1786544340|20260812221900|964.23
1786544400|20260812222000|963.95
1786544460|20260812222100|964.02
1786544520|20260812222200|964.32
1786544580|20260812222300|964.15
1786544640|20260812222400|963.80
1786544700|20260812222500|964.00
1786544760|20260812222600|963.41
1786544820|20260812222700|963.58
1786544880|20260812222800|963.82
1786544940|20260812222900|964.01
1786545000|20260812223000|963.30
1786545060|20260812223100|963.33
1786545120|20260812223200|962.16
1786545180|20260812223300|962.19
1786545240|20260812223400|962.42
1786545300|20260812223500|960.97
1786545360|20260812223600|960.53
1786545420|20260812223700|961.31
1786545480|20260812223800|961.27
1786545540|20260812223900|960.68
1786545600|20260812224000|960.51
1786545660|20260812224100|960.76
1786545720|20260812224200|960.81
1786545780|20260812224300|960.81
1786545840|20260812224400|961.24
1786545900|20260812224500|961.87
1786545960|20260812224600|962.55
1786546020|20260812224700|962.62
1786546080|20260812224800|961.84
1786546140|20260812224900|961.33
1786546200|20260812225000|961.50
1786546260|20260812225100|961.38
1786546320|20260812225200|960.47
1786546380|20260812225300|960.53
1786546440|20260812225400|961.19
1786546500|20260812225500|961.25
1786546560|20260812225600|961.56
1786546620|20260812225700|960.95
1786546680|20260812225800|961.02
1786546740|20260812225900|961.06
1786546800|20260812230000|961.59
1786546860|20260812230100|961.04
1786546920|20260812230200|961.55
1786546980|20260812230300|961.28
1786547040|20260812230400|960.82
1786547100|20260812230500|960.07
1786547160|20260812230600|960.25
1786547220|20260812230700|960.44
1786547280|20260812230800|960.72
1786547340|20260812230900|961.37
1786547400|20260812231000|961.28
1786547460|20260812231100|961.43
1786547520|20260812231200|961.48
1786547580|20260812231300|962.34
1786547640|20260812231400|962.44
1786547700|20260812231500|962.33
1786547760|20260812231600|961.74
1786547820|20260812231700|962.13
1786547880|20260812231800|961.78
1786547940|20260812231900|961.70
1786548000|20260812232000|962.05
1786548060|20260812232100|962.04
1786548120|20260812232200|962.20
1786548180|20260812232300|962.49
1786548240|20260812232400|962.33
1786548300|20260812232500|962.36
1786548360|20260812232600|962.07
1786548420|20260812232700|961.94
1786548480|20260812232800|961.51
1786548540|20260812232900|961.41
1786548600|20260812233000|961.38
1786548660|20260812233100|962.13
1786548720|20260812233200|961.63
1786548780|20260812233300|961.64
1786548840|20260812233400|961.21
1786548900|20260812233500|961.05
1786548960|20260812233600|961.03
1786549020|20260812233700|960.92
1786549080|20260812233800|961.00
1786549140|20260812233900|961.39
1786549200|20260812234000|961.28
1786549260|20260812234100|961.23
1786549320|20260812234200|961.04
1786549380|20260812234300|961.33
1786549440|20260812234400|961.10
1786549500|20260812234500|960.70
1786549560|20260812234600|960.76
1786549620|20260812234700|960.73
