1787155200|20260820000000|972.71
1787155260|20260820000100|973.52
1787155320|20260820000200|973.54
1787155380|20260820000300|973.47
1787155440|20260820000400|973.47
1787155500|20260820000500|972.97
1787155560|20260820000600|972.66
1787155620|20260820000700|972.57
1787155680|20260820000800|973.06
1787155740|20260820000900|973.17
1787155800|20260820001000|973.35
1787155860|20260820001100|973.71
1787155920|20260820001200|973.70
1787155980|20260820001300|973.40
1787156040|20260820001400|973.34
1787156100|20260820001500|973.58
1787156160|20260820001600|973.71
1787156220|20260820001700|973.36
1787156280|20260820001800|973.49
1787156340|20260820001900|973.20
1787156400|20260820002000|973.35
1787156460|20260820002100|973.09
1787156520|20260820002200|973.00
1787156580|20260820002300|972.77
1787156640|20260820002400|973.09
1787156700|20260820002500|972.99
1787156760|20260820002600|972.99
1787156820|20260820002700|972.54
1787156880|20260820002800|972.59
1787156940|20260820002900|972.58
1787157000|20260820003000|972.32
1787157060|20260820003100|972.34
1787157120|20260820003200|972.80
1787157180|20260820003300|972.75
1787157240|20260820003400|972.94
1787157300|20260820003500|972.80
1787157360|20260820003600|972.87
1787157420|20260820003700|972.50
1787157480|20260820003800|972.88
1787157540|20260820003900|973.03
1787157600|20260820004000|972.92
1787157660|20260820004100|973.04
1787157720|20260820004200|972.59
1787157780|20260820004300|972.67
1787157840|20260820004400|972.92
1787157900|20260820004500|972.82
1787157960|20260820004600|972.55
1787158020|20260820004700|972.87
1787158080|20260820004800|972.77
1787158140|20260820004900|972.77
1787158200|20260820005000|972.44
1787158260|20260820005100|972.55
1787158320|20260820005200|972.58
1787158380|20260820005300|973.08
1787158440|20260820005400|973.03
1787158500|20260820005500|972.56
1787158560|20260820005600|972.49
1787158620|20260820005700|972.64
1787158680|20260820005800|972.64
1787158740|20260820005900|972.63
1787158800|20260820010000|972.39
1787158860|20260820010100|973.21
1787158920|20260820010200|973.45
1787158980|20260820010300|973.14
1787159040|20260820010400|972.95
1787159100|20260820010500|972.94
1787159160|20260820010600|973.16
1787159220|20260820010700|973.15
1787159280|20260820010800|972.45
1787159340|20260820010900|972.31
1787159400|20260820011000|972.49
1787159460|20260820011100|972.35
1787159520|20260820011200|971.64
1787159580|20260820011300|971.64
1787159640|20260820011400|972.32
1787159700|20260820011500|972.32
1787159760|20260820011600|972.40
1787159820|20260820011700|972.22
1787159880|20260820011800|972.22
1787159940|20260820011900|971.31
1787160000|20260820012000|971.42
1787160060|20260820012100|971.74
1787160120|20260820012200|971.74
1787160180|20260820012300|971.69
1787160240|20260820012400|971.88
1787160300|20260820012500|971.74
1787160360|20260820012600|971.74
1787160420|20260820012700|971.56
1787160480|20260820012800|971.54
1787160540|20260820012900|971.45
1787160600|20260820013000|971.63
1787160660|20260820013100|971.61
1787160720|20260820013200|970.83
1787160780|20260820013300|971.52
1787160840|20260820013400|971.67
1787160900|20260820013500|971.73
1787160960|20260820013600|971.68
1787161020|20260820013700|971.82
1787161080|20260820013800|971.82
1787161140|20260820013900|971.82
1787161200|20260820014000|971.82
1787161260|20260820014100|971.92
1787161320|20260820014200|972.04
1787161380|20260820014300|972.37
1787161440|20260820014400|972.35
1787161500|20260820014500|971.96
1787161560|20260820014600|971.98
1787161620|20260820014700|972.05
1787161680|20260820014800|971.98
1787161740|20260820014900|971.98
1787161800|20260820015000|971.84
1787161860|20260820015100|972.04
1787161920|20260820015200|972.08
1787161980|20260820015300|971.99
1787162040|20260820015400|971.72
1787162100|20260820015500|971.52
1787162160|20260820015600|971.50
1787162220|20260820015700|971.51
1787162280|20260820015800|971.53
1787162340|20260820015900|971.38
1787188200|20260820091000|975.03
1787188260|20260820091100|973.95
1787188320|20260820091200|973.72
1787188380|20260820091300|974.21
1787188440|20260820091400|973.56
1787188500|20260820091500|973.68
1787188560|20260820091600|974.53
1787188620|20260820091700|973.67
1787188680|20260820091800|974.18
1787188740|20260820091900|974.35
1787188800|20260820092000|974.63
1787188860|20260820092100|975.04
1787188920|20260820092200|974.96
1787188980|20260820092300|974.93
1787189040|20260820092400|974.93
1787189100|20260820092500|975.13
1787189160|20260820092600|974.65
1787189220|20260820092700|974.30
1787189280|20260820092800|974.70
1787189340|20260820092900|974.76
1787189400|20260820093000|974.77
1787189460|20260820093100|974.74
1787189520|20260820093200|974.31
1787189580|20260820093300|974.22
1787189640|20260820093400|974.24
1787189700|20260820093500|974.10
1787189760|20260820093600|974.09
1787189820|20260820093700|973.85
1787189880|20260820093800|973.65
1787189940|20260820093900|973.90
1787190000|20260820094000|973.24
1787190060|20260820094100|973.66
1787190120|20260820094200|973.13
1787190180|20260820094300|972.73
1787190240|20260820094400|972.97
1787190300|20260820094500|972.62
1787190360|20260820094600|972.49
1787190420|20260820094700|972.82
1787190480|20260820094800|972.45
1787190540|20260820094900|972.49
1787190600|20260820095000|971.92
1787190660|20260820095100|971.84
1787190720|20260820095200|971.54
1787190780|20260820095300|971.49
1787190840|20260820095400|970.47
1787190900|20260820095500|970.33
1787190960|20260820095600|970.68
1787191020|20260820095700|970.78
1787191080|20260820095800|970.74
1787191140|20260820095900|970.83
1787191200|20260820100000|971.44
1787191260|20260820100100|971.48
1787191320|20260820100200|972.14
1787191380|20260820100300|972.74
1787191440|20260820100400|973.06
1787191500|20260820100500|973.07
1787191560|20260820100600|973.38
1787191620|20260820100700|972.96
1787191680|20260820100800|972.61
1787191740|20260820100900|972.70
1787191800|20260820101000|973.05
1787191860|20260820101100|973.30
1787191920|20260820101200|973.57
1787191980|20260820101300|973.81
1787192040|20260820101400|973.80
1787192100|20260820101500|973.74
1787192160|20260820101600|973.04
1787192220|20260820101700|972.95
1787192280|20260820101800|973.13
1787192340|20260820101900|972.32
1787192400|20260820102000|972.09
1787192460|20260820102100|971.98
1787192520|20260820102200|972.13
1787192580|20260820102300|972.30
1787192640|20260820102400|972.43
1787192700|20260820102500|972.60
1787192760|20260820102600|972.61
1787192820|20260820102700|972.39
1787192880|20260820102800|972.25
1787192940|20260820102900|972.30
1787193000|20260820103000|972.31
1787193060|20260820103100|972.74
1787193120|20260820103200|973.02
1787193180|20260820103300|973.00
1787193240|20260820103400|972.64
1787193300|20260820103500|972.50
1787193360|20260820103600|972.45
1787193420|20260820103700|972.28
1787193480|20260820103800|972.73
1787193540|20260820103900|972.46
1787193600|20260820104000|972.50
1787193660|20260820104100|972.27
1787193720|20260820104200|972.74
1787193780|20260820104300|972.15
1787193840|20260820104400|972.29
1787193900|20260820104500|971.97
1787193960|20260820104600|972.15
1787194020|20260820104700|972.04
1787194080|20260820104800|972.08
1787194140|20260820104900|971.99
1787194200|20260820105000|971.62
1787194260|20260820105100|972.30
1787194320|20260820105200|972.04
1787194380|20260820105300|972.25
1787194440|20260820105400|972.29
1787194500|20260820105500|972.68
1787194560|20260820105600|972.47
1787194620|20260820105700|972.17
1787194680|20260820105800|972.31
1787194740|20260820105900|972.33
1787194800|20260820110000|972.07
1787194860|20260820110100|972.44
1787194920|20260820110200|972.95
1787194980|20260820110300|973.03
1787195040|20260820110400|972.85
1787195100|20260820110500|973.08
1787195160|20260820110600|973.29
1787195220|20260820110700|973.40
1787195280|20260820110800|973.25
1787195340|20260820110900|972.83
1787195400|20260820111000|972.32
1787195460|20260820111100|971.56
1787195520|20260820111200|971.81
1787195580|20260820111300|972.20
1787195640|20260820111400|972.19
1787195700|20260820111500|972.18
1787195760|20260820111600|972.10
1787195820|20260820111700|972.20
1787195880|20260820111800|972.34
1787195940|20260820111900|972.02
1787196000|20260820112000|972.42
1787196060|20260820112100|972.40
1787196120|20260820112200|972.59
1787196180|20260820112300|972.77
1787196240|20260820112400|972.95
1787196300|20260820112500|972.96
1787196360|20260820112600|972.89
1787196420|20260820112700|973.04
1787196480|20260820112800|972.96
1787196540|20260820112900|972.84
1787196600|20260820113000|972.83
1787196660|20260820113100|972.73
1787196720|20260820113200|972.74
1787196780|20260820113300|973.08
1787196840|20260820113400|973.05
1787196900|20260820113500|973.18
1787196960|20260820113600|973.11
1787197020|20260820113700|973.06
1787197080|20260820113800|972.93
1787197140|20260820113900|972.93
1787197200|20260820114000|973.27
1787197260|20260820114100|973.27
1787197320|20260820114200|973.17
1787197380|20260820114300|973.20
1787197440|20260820114400|973.20
1787197500|20260820114500|973.63
1787197560|20260820114600|973.63
1787197620|20260820114700|973.62
1787197680|20260820114800|973.68
1787197740|20260820114900|973.64
1787197800|20260820115000|973.59
1787197860|20260820115100|973.59
1787197920|20260820115200|973.54
1787197980|20260820115300|973.59
1787198040|20260820115400|973.59
1787198100|20260820115500|973.59
1787198160|20260820115600|973.80
1787198220|20260820115700|973.66
1787198280|20260820115800|973.66
1787198340|20260820115900|973.40
1787198400|20260820120000|973.46
1787198460|20260820120100|973.30
1787198520|20260820120200|973.35
1787198580|20260820120300|973.31
1787198640|20260820120400|973.06
1787198700|20260820120500|973.01
1787198760|20260820120600|972.98
1787198820|20260820120700|973.07
1787198880|20260820120800|973.05
1787198940|20260820120900|973.06
1787199000|20260820121000|973.05
1787199060|20260820121100|973.05
1787199120|20260820121200|973.03
1787199180|20260820121300|973.03
1787199240|20260820121400|973.02
1787199300|20260820121500|973.01
1787199360|20260820121600|972.87
1787199420|20260820121700|973.05
1787199480|20260820121800|972.92
1787199540|20260820121900|973.02
1787199600|20260820122000|973.07
1787199660|20260820122100|972.93
1787199720|20260820122200|972.86
1787199780|20260820122300|972.95
1787199840|20260820122400|972.91
1787199900|20260820122500|972.87
1787199960|20260820122600|972.86
1787200020|20260820122700|972.95
1787200080|20260820122800|972.93
1787200140|20260820122900|972.61
1787200200|20260820123000|971.95
1787200260|20260820123100|971.95
1787200320|20260820123200|971.96
1787200380|20260820123300|971.89
1787200440|20260820123400|971.33
1787200500|20260820123500|971.33
1787200560|20260820123600|971.33
1787200620|20260820123700|971.30
1787200680|20260820123800|971.30
1787200740|20260820123900|971.25
1787200800|20260820124000|971.26
1787200860|20260820124100|971.75
1787200920|20260820124200|971.69
1787200980|20260820124300|971.66
1787201040|20260820124400|971.65
1787201100|20260820124500|972.05
1787201160|20260820124600|971.74
1787201220|20260820124700|971.71
1787201280|20260820124800|971.82
1787201340|20260820124900|971.89
1787201400|20260820125000|972.55
1787201460|20260820125100|972.03
1787201520|20260820125200|972.29
1787201580|20260820125300|972.34
1787201640|20260820125400|972.54
1787201700|20260820125500|972.41
1787201760|20260820125600|972.16
1787201820|20260820125700|972.48
1787201880|20260820125800|972.04
1787201940|20260820125900|972.02
1787202000|20260820130000|972.05
1787202060|20260820130100|972.04
1787202120|20260820130200|972.05
1787202180|20260820130300|972.22
1787202240|20260820130400|972.42
1787202300|20260820130500|972.57
1787202360|20260820130600|972.75
1787202420|20260820130700|972.77
1787202480|20260820130800|972.87
1787202540|20260820130900|972.75
1787202600|20260820131000|972.69
1787202660|20260820131100|972.51
1787202720|20260820131200|972.56
1787202780|20260820131300|972.35
1787202840|20260820131400|971.96
1787202900|20260820131500|971.50
1787202960|20260820131600|971.70
1787203020|20260820131700|971.51
1787203080|20260820131800|971.71
1787203140|20260820131900|971.59
1787203200|20260820132000|971.42
1787203260|20260820132100|971.43
1787203320|20260820132200|971.66
1787203380|20260820132300|971.55
1787203440|20260820132400|971.67
1787203500|20260820132500|971.71
1787203560|20260820132600|971.57
1787203620|20260820132700|971.58
1787203680|20260820132800|971.39
1787203740|20260820132900|971.15
1787203800|20260820133000|971.08
1787203860|20260820133100|970.84
1787203920|20260820133200|970.61
1787203980|20260820133300|970.33
1787204040|20260820133400|970.41
1787204100|20260820133500|969.86
1787204160|20260820133600|970.10
1787204220|20260820133700|970.36
1787204280|20260820133800|969.91
1787204340|20260820133900|969.87
1787204400|20260820134000|970.03
1787204460|20260820134100|970.14
1787204520|20260820134200|970.14
1787204580|20260820134300|970.51
1787204640|20260820134400|970.39
1787204700|20260820134500|970.21
1787204760|20260820134600|970.09
1787204820|20260820134700|970.04
1787204880|20260820134800|970.24
1787204940|20260820134900|970.18
1787205000|20260820135000|970.29
1787205060|20260820135100|970.23
1787205120|20260820135200|970.11
1787205180|20260820135300|969.98
1787205240|20260820135400|969.72
1787205300|20260820135500|969.54
1787205360|20260820135600|969.58
1787205420|20260820135700|969.70
1787205480|20260820135800|970.05
1787205540|20260820135900|970.36
1787205600|20260820140000|970.25
1787205660|20260820140100|970.13
1787205720|20260820140200|970.39
1787205780|20260820140300|970.79
1787205840|20260820140400|970.89
1787205900|20260820140500|971.96
1787205960|20260820140600|972.23
1787206020|20260820140700|972.06
1787206080|20260820140800|972.14
1787206140|20260820140900|972.12
1787206200|20260820141000|972.38
1787206260|20260820141100|972.53
1787206320|20260820141200|972.42
1787206380|20260820141300|972.38
1787206440|20260820141400|972.65
1787206500|20260820141500|972.71
1787206560|20260820141600|973.02
1787206620|20260820141700|973.14
1787206680|20260820141800|973.57
1787206740|20260820141900|973.06
1787206800|20260820142000|973.04
1787206860|20260820142100|973.04
1787206920|20260820142200|973.09
1787206980|20260820142300|972.87
1787207040|20260820142400|972.95
1787207100|20260820142500|972.92
1787207160|20260820142600|973.03
1787207220|20260820142700|973.19
1787207280|20260820142800|973.13
1787207340|20260820142900|973.36
1787207400|20260820143000|973.24
1787207460|20260820143100|973.21
1787207520|20260820143200|973.29
1787207580|20260820143300|973.19
1787207640|20260820143400|973.02
1787207700|20260820143500|973.30
1787207760|20260820143600|973.34
1787207820|20260820143700|973.29
1787207880|20260820143800|973.28
1787207940|20260820143900|973.19
1787208000|20260820144000|973.08
1787208060|20260820144100|973.09
1787208120|20260820144200|973.03
1787208180|20260820144300|972.97
1787208240|20260820144400|972.90
1787208300|20260820144500|972.83
1787208360|20260820144600|973.24
1787208420|20260820144700|973.32
1787208480|20260820144800|973.26
1787208540|20260820144900|973.22
1787208600|20260820145000|973.11
1787208660|20260820145100|972.91
1787208720|20260820145200|972.81
1787208780|20260820145300|972.89
1787208840|20260820145400|972.81
1787208900|20260820145500|972.61
1787208960|20260820145600|972.49
1787209020|20260820145700|972.40
1787209080|20260820145800|972.56
1787209140|20260820145900|972.74
1787209200|20260820150000|972.79
1787209260|20260820150100|972.17
1787209320|20260820150200|972.19
1787209380|20260820150300|971.62
1787209440|20260820150400|971.62
1787209500|20260820150500|971.81
1787209560|20260820150600|971.57
1787209620|20260820150700|971.59
1787209680|20260820150800|971.36
1787209740|20260820150900|971.67
1787209800|20260820151000|971.80
1787209860|20260820151100|971.81
1787209920|20260820151200|971.96
1787209980|20260820151300|972.13
1787210040|20260820151400|972.00
1787210100|20260820151500|971.79
1787210160|20260820151600|971.88
1787210220|20260820151700|971.66
1787210280|20260820151800|971.77
1787210340|20260820151900|971.61
1787210400|20260820152000|971.60
1787210460|20260820152100|971.50
1787210520|20260820152200|971.42
1787210580|20260820152300|971.59
1787210640|20260820152400|971.29
1787210700|20260820152500|971.29
1787210760|20260820152600|971.19
1787210820|20260820152700|971.21
1787210880|20260820152800|970.43
1787210940|20260820152900|970.66
1787211000|20260820153000|970.61
1787211060|20260820153100|970.95
1787211120|20260820153200|971.17
1787211180|20260820153300|970.99
1787211240|20260820153400|971.34
1787211300|20260820153500|972.00
1787211360|20260820153600|972.10
1787211420|20260820153700|972.19
1787211480|20260820153800|972.07
1787211540|20260820153900|972.22
1787211600|20260820154000|972.09
1787211660|20260820154100|972.47
1787211720|20260820154200|972.57
1787211780|20260820154300|972.36
1787211840|20260820154400|972.01
1787211900|20260820154500|972.31
1787211960|20260820154600|972.58
1787212020|20260820154700|972.63
1787212080|20260820154800|972.21
1787212140|20260820154900|971.95
1787212200|20260820155000|971.89
1787212260|20260820155100|971.86
1787212320|20260820155200|972.17
1787212380|20260820155300|971.98
1787212440|20260820155400|971.97
1787212500|20260820155500|972.23
1787212560|20260820155600|972.39
1787212620|20260820155700|972.44
1787212680|20260820155800|972.14
1787212740|20260820155900|971.97
1787212800|20260820160000|972.25
1787212860|20260820160100|972.30
1787212920|20260820160200|972.71
1787212980|20260820160300|972.48
1787213040|20260820160400|972.92
1787213100|20260820160500|972.62
1787213160|20260820160600|972.39
1787213220|20260820160700|972.83
1787213280|20260820160800|972.97
1787213340|20260820160900|972.77
1787213400|20260820161000|972.96
1787213460|20260820161100|972.82
1787213520|20260820161200|972.60
1787213580|20260820161300|972.57
1787213640|20260820161400|972.55
1787213700|20260820161500|973.01
1787213760|20260820161600|973.11
1787213820|20260820161700|973.79
1787213880|20260820161800|973.66
1787213940|20260820161900|973.69
1787214000|20260820162000|973.39
1787214060|20260820162100|973.37
1787214120|20260820162200|973.53
1787214180|20260820162300|973.54
1787214240|20260820162400|973.62
1787214300|20260820162500|973.25
1787214360|20260820162600|973.15
1787214420|20260820162700|972.57
1787214480|20260820162800|972.20
1787214540|20260820162900|972.16
1787214600|20260820163000|972.40
1787214660|20260820163100|972.07
1787214720|20260820163200|971.63
1787214780|20260820163300|971.56
1787214840|20260820163400|971.99
1787214900|20260820163500|972.72
1787214960|20260820163600|972.98
1787215020|20260820163700|972.94
1787215080|20260820163800|973.13
1787215140|20260820163900|972.92
1787215200|20260820164000|972.36
1787215260|20260820164100|972.35
1787215320|20260820164200|972.04
1787215380|20260820164300|972.42
1787215440|20260820164400|972.31
1787215500|20260820164500|972.07
1787215560|20260820164600|972.23
1787215620|20260820164700|971.68
1787215680|20260820164800|971.68
1787215740|20260820164900|971.65
1787215800|20260820165000|971.55
1787215860|20260820165100|971.77
1787215920|20260820165200|971.73
1787215980|20260820165300|972.01
1787216040|20260820165400|972.09
1787216100|20260820165500|972.28
1787216160|20260820165600|971.91
1787216220|20260820165700|971.71
1787216280|20260820165800|971.39
1787216340|20260820165900|971.82
1787216400|20260820170000|971.70
1787216460|20260820170100|971.53
1787216520|20260820170200|971.63
1787216580|20260820170300|971.74
1787216640|20260820170400|971.93
1787216700|20260820170500|972.01
1787216760|20260820170600|971.69
1787216820|20260820170700|972.01
1787216880|20260820170800|972.23
1787216940|20260820170900|972.26
1787217000|20260820171000|972.21
1787217060|20260820171100|972.47
1787217120|20260820171200|972.25
1787217180|20260820171300|972.09
1787217240|20260820171400|972.07
1787217300|20260820171500|972.18
1787217360|20260820171600|972.27
1787217420|20260820171700|972.25
1787217480|20260820171800|971.90
1787217540|20260820171900|971.85
1787217600|20260820172000|971.50
1787217660|20260820172100|971.49
1787217720|20260820172200|972.28
1787217780|20260820172300|971.94
1787217840|20260820172400|971.82
1787217900|20260820172500|971.65
1787217960|20260820172600|971.79
1787218020|20260820172700|971.56
1787218080|20260820172800|971.67
1787218140|20260820172900|971.67
1787218200|20260820173000|971.93
1787218260|20260820173100|971.72
1787218320|20260820173200|971.54
1787218380|20260820173300|971.56
1787218440|20260820173400|971.21
1787218500|20260820173500|971.18
1787218560|20260820173600|970.98
1787218620|20260820173700|971.19
1787218680|20260820173800|970.81
1787218740|20260820173900|970.58
1787218800|20260820174000|970.93
1787218860|20260820174100|971.07
1787218920|20260820174200|970.99
1787218980|20260820174300|971.55
1787219040|20260820174400|971.80
1787219100|20260820174500|971.59
1787219160|20260820174600|971.45
1787219220|20260820174700|971.25
1787219280|20260820174800|970.93
1787219340|20260820174900|970.96
1787219400|20260820175000|970.83
1787219460|20260820175100|970.78
1787219520|20260820175200|970.73
1787219580|20260820175300|970.67
1787219640|20260820175400|970.21
1787219700|20260820175500|970.42
1787219760|20260820175600|970.12
1787219820|20260820175700|970.12
1787219880|20260820175800|970.28
1787219940|20260820175900|970.52
1787220000|20260820180000|970.15
1787220060|20260820180100|970.12
1787220120|20260820180200|970.11
1787220180|20260820180300|970.27
1787220240|20260820180400|970.79
1787220300|20260820180500|970.80
1787220360|20260820180600|970.97
1787220420|20260820180700|971.05
1787220480|20260820180800|971.04
1787220540|20260820180900|971.16
1787220600|20260820181000|971.69
1787220660|20260820181100|971.55
1787220720|20260820181200|971.52
1787220780|20260820181300|971.60
1787220840|20260820181400|971.74
1787220900|20260820181500|971.89
1787220960|20260820181600|971.84
1787221020|20260820181700|971.87
1787221080|20260820181800|971.99
1787221140|20260820181900|972.03
1787221200|20260820182000|971.90
1787221260|20260820182100|971.49
1787221320|20260820182200|971.15
1787221380|20260820182300|971.13
1787221440|20260820182400|971.08
1787221500|20260820182500|971.50
1787221560|20260820182600|971.70
1787221620|20260820182700|971.87
1787221680|20260820182800|971.93
1787221740|20260820182900|972.40
1787221800|20260820183000|972.61
1787221860|20260820183100|972.66
1787221920|20260820183200|972.65
1787221980|20260820183300|972.68
1787222040|20260820183400|972.49
1787222100|20260820183500|972.42
1787222160|20260820183600|972.28
1787222220|20260820183700|972.46
1787222280|20260820183800|972.42
1787222340|20260820183900|972.02
1787222400|20260820184000|971.85
1787222460|20260820184100|971.85
1787222520|20260820184200|971.90
1787222580|20260820184300|971.93
1787222640|20260820184400|971.83
1787222700|20260820184500|972.02
1787222760|20260820184600|971.91
1787222820|20260820184700|971.59
1787222880|20260820184800|971.92
1787222940|20260820184900|971.72
1787223000|20260820185000|971.86
1787223060|20260820185100|971.89
1787223120|20260820185200|971.80
1787223180|20260820185300|971.68
1787223240|20260820185400|971.55
1787223300|20260820185500|971.36
1787223360|20260820185600|971.43
1787223420|20260820185700|971.37
1787223480|20260820185800|971.53
1787223540|20260820185900|971.72
1787223600|20260820190000|971.81
1787223660|20260820190100|971.37
1787223720|20260820190200|971.99
1787223780|20260820190300|971.94
1787223840|20260820190400|971.96
1787223900|20260820190500|971.51
1787223960|20260820190600|971.30
1787224020|20260820190700|971.24
1787224080|20260820190800|971.43
1787224140|20260820190900|971.26
1787224200|20260820191000|971.33
1787224260|20260820191100|971.22
1787224320|20260820191200|971.06
1787224380|20260820191300|971.16
1787224440|20260820191400|970.60
1787224500|20260820191500|970.82
1787224560|20260820191600|970.70
1787224620|20260820191700|970.87
1787224680|20260820191800|970.23
1787224740|20260820191900|970.06
1787224800|20260820192000|970.26
1787224860|20260820192100|970.51
1787224920|20260820192200|970.42
1787224980|20260820192300|970.72
1787225040|20260820192400|970.91
1787225100|20260820192500|971.34
1787225160|20260820192600|971.72
1787225220|20260820192700|971.34
1787225280|20260820192800|971.21
1787225340|20260820192900|970.73
1787225400|20260820193000|970.68
1787225460|20260820193100|970.58
1787225520|20260820193200|970.79
1787225580|20260820193300|970.75
1787225640|20260820193400|970.46
1787225700|20260820193500|970.72
1787225760|20260820193600|971.15
1787225820|20260820193700|970.38
1787225880|20260820193800|969.83
1787225940|20260820193900|969.84
1787226000|20260820194000|970.13
1787226060|20260820194100|969.59
1787226120|20260820194200|969.47
1787226180|20260820194300|969.27
1787226240|20260820194400|969.10
1787226300|20260820194500|968.62
1787226360|20260820194600|967.80
1787226420|20260820194700|967.35
1787226480|20260820194800|967.68
1787226540|20260820194900|967.22
1787226600|20260820195000|967.81
1787226660|20260820195100|967.78
1787226720|20260820195200|967.58
1787226780|20260820195300|967.06
1787226840|20260820195400|967.22
1787226900|20260820195500|966.95
1787226960|20260820195600|967.64
1787227020|20260820195700|967.08
1787227080|20260820195800|966.95
1787227140|20260820195900|966.94
1787227200|20260820200000|967.50
1787227260|20260820200100|966.56
1787227320|20260820200200|966.26
1787227380|20260820200300|965.98
1787227440|20260820200400|966.29
1787227500|20260820200500|965.79
1787227560|20260820200600|966.17
1787227620|20260820200700|965.54
1787227680|20260820200800|965.88
1787227740|20260820200900|965.76
1787227800|20260820201000|966.01
1787227860|20260820201100|967.02
1787227920|20260820201200|966.89
1787227980|20260820201300|967.62
1787228040|20260820201400|967.86
1787228100|20260820201500|967.41
1787228160|20260820201600|967.32
1787228220|20260820201700|967.32
1787228280|20260820201800|967.64
1787228340|20260820201900|967.58
1787228400|20260820202000|968.14
1787228460|20260820202100|967.26
1787228520|20260820202200|967.30
1787228580|20260820202300|967.46
1787228640|20260820202400|967.63
1787228700|20260820202500|967.49
1787228760|20260820202600|966.53
1787228820|20260820202700|966.21
1787228880|20260820202800|966.41
1787228940|20260820202900|966.38
1787229000|20260820203000|966.40
1787229060|20260820203100|966.30
1787229120|20260820203200|965.71
1787229180|20260820203300|965.59
1787229240|20260820203400|965.52
1787229300|20260820203500|965.31
1787229360|20260820203600|965.45
1787229420|20260820203700|965.64
1787229480|20260820203800|966.38
1787229540|20260820203900|966.39
1787229600|20260820204000|967.14
1787229660|20260820204100|967.76
1787229720|20260820204200|967.44
1787229780|20260820204300|966.96
1787229840|20260820204400|968.27
1787229900|20260820204500|968.01
1787229960|20260820204600|967.92
1787230020|20260820204700|968.11
1787230080|20260820204800|968.90
1787230140|20260820204900|969.07
1787230200|20260820205000|969.03
1787230260|20260820205100|968.99
1787230320|20260820205200|969.26
1787230380|20260820205300|969.51
1787230440|20260820205400|969.20
1787230500|20260820205500|969.26
1787230560|20260820205600|969.60
1787230620|20260820205700|969.48
1787230680|20260820205800|969.08
1787230740|20260820205900|970.22
1787230800|20260820210000|969.87
1787230860|20260820210100|971.01
1787230920|20260820210200|971.28
1787230980|20260820210300|971.09
1787231040|20260820210400|970.76
1787231100|20260820210500|970.39
1787231160|20260820210600|970.42
1787231220|20260820210700|970.41
1787231280|20260820210800|970.31
1787231340|20260820210900|969.70
1787231400|20260820211000|969.66
1787231460|20260820211100|969.54
1787231520|20260820211200|969.41
1787231580|20260820211300|969.40
1787231640|20260820211400|969.71
1787231700|20260820211500|969.23
1787231760|20260820211600|969.05
1787231820|20260820211700|969.71
1787231880|20260820211800|969.65
1787231940|20260820211900|969.71
1787232000|20260820212000|969.73
1787232060|20260820212100|969.66
1787232120|20260820212200|969.58
1787232180|20260820212300|969.13
1787232240|20260820212400|969.49
1787232300|20260820212500|969.45
1787232360|20260820212600|969.08
1787232420|20260820212700|969.21
1787232480|20260820212800|969.35
1787232540|20260820212900|969.07
1787232600|20260820213000|968.73
1787232660|20260820213100|968.88
1787232720|20260820213200|968.50
1787232780|20260820213300|968.99
1787232840|20260820213400|969.61
1787232900|20260820213500|969.86
1787232960|20260820213600|971.24
1787233020|20260820213700|971.17
1787233080|20260820213800|970.95
1787233140|20260820213900|971.30
1787233200|20260820214000|971.32
1787233260|20260820214100|970.65
1787233320|20260820214200|971.34
1787233380|20260820214300|971.46
1787233440|20260820214400|971.91
1787233500|20260820214500|971.92
1787233560|20260820214600|972.01
1787233620|20260820214700|971.70
1787233680|20260820214800|971.71
1787233740|20260820214900|971.64
1787233800|20260820215000|971.66
1787233860|20260820215100|971.67
1787233920|20260820215200|971.60
1787233980|20260820215300|971.80
1787234040|20260820215400|971.65
1787234100|20260820215500|972.11
1787234160|20260820215600|971.67
1787234220|20260820215700|971.53
1787234280|20260820215800|971.36
1787234340|20260820215900|971.60
1787234400|20260820220000|971.33
1787234460|20260820220100|972.47
1787234520|20260820220200|972.51
1787234580|20260820220300|972.78
1787234640|20260820220400|972.19
1787234700|20260820220500|971.79
1787234760|20260820220600|971.58
1787234820|20260820220700|972.04
1787234880|20260820220800|972.09
1787234940|20260820220900|972.15
1787235000|20260820221000|972.19
1787235060|20260820221100|972.24
1787235120|20260820221200|972.62
1787235180|20260820221300|972.61
1787235240|20260820221400|972.27
1787235300|20260820221500|972.26
1787235360|20260820221600|972.23
1787235420|20260820221700|972.31
1787235480|20260820221800|972.48
1787235540|20260820221900|972.65
1787235600|20260820222000|971.67
1787235660|20260820222100|972.30
1787235720|20260820222200|972.94
1787235780|20260820222300|972.59
1787235840|20260820222400|973.12
1787235900|20260820222500|973.16
1787235960|20260820222600|973.43
1787236020|20260820222700|972.97
1787236080|20260820222800|972.69
1787236140|20260820222900|973.23
1787236200|20260820223000|973.42
1787236260|20260820223100|973.81
1787236320|20260820223200|973.68
1787236380|20260820223300|974.04
1787236440|20260820223400|974.20
1787236500|20260820223500|974.14
1787236560|20260820223600|974.62
1787236620|20260820223700|975.00
1787236680|20260820223800|974.43
1787236740|20260820223900|974.59
1787236800|20260820224000|974.48
1787236860|20260820224100|974.63
1787236920|20260820224200|974.20
1787236980|20260820224300|975.02
1787237040|20260820224400|975.13
1787237100|20260820224500|975.31
1787237160|20260820224600|975.55
1787237220|20260820224700|976.26
1787237280|20260820224800|975.99
1787237340|20260820224900|976.50
1787237400|20260820225000|977.10
1787237460|20260820225100|976.80
1787237520|20260820225200|976.73
1787237580|20260820225300|976.98
1787237640|20260820225400|977.11
1787237700|20260820225500|977.18
1787237760|20260820225600|977.19
1787237820|20260820225700|977.60
1787237880|20260820225800|978.18
1787237940|20260820225900|978.09
1787238000|20260820230000|978.40
1787238060|20260820230100|978.71
1787238120|20260820230200|979.59
1787238180|20260820230300|980.80
1787238240|20260820230400|982.18
1787238300|20260820230500|981.80
1787238360|20260820230600|981.46
1787238420|20260820230700|980.43
1787238480|20260820230800|980.73
1787238540|20260820230900|981.30
1787238600|20260820231000|980.15
1787238660|20260820231100|979.91
1787238720|20260820231200|980.26
1787238780|20260820231300|981.08
1787238840|20260820231400|981.76
1787238900|20260820231500|981.68
1787238960|20260820231600|980.98
1787239020|20260820231700|981.27
1787239080|20260820231800|982.63
1787239140|20260820231900|982.22
1787239200|20260820232000|982.68
1787239260|20260820232100|982.12
1787239320|20260820232200|981.38
1787239380|20260820232300|980.59
1787239440|20260820232400|980.51
1787239500|20260820232500|980.51
1787239560|20260820232600|980.41
1787239620|20260820232700|981.34
1787239680|20260820232800|981.55
1787239740|20260820232900|981.55
1787239800|20260820233000|981.36
1787239860|20260820233100|980.99
1787239920|20260820233200|980.74
1787239980|20260820233300|980.52
1787240040|20260820233400|980.31
1787240100|20260820233500|980.20
1787240160|20260820233600|979.87
1787240220|20260820233700|979.96
1787240280|20260820233800|979.80
1787240340|20260820233900|979.60
1787240400|20260820234000|979.04
1787240460|20260820234100|978.66
1787240520|20260820234200|978.30
1787240580|20260820234300|978.96
1787240640|20260820234400|977.62
1787240700|20260820234500|977.80
1787240760|20260820234600|979.05
1787240820|20260820234700|979.00
1787240880|20260820234800|979.09
1787240940|20260820234900|979.26
1787241000|20260820235000|979.25
1787241060|20260820235100|979.47
1787241120|20260820235200|979.26
1787241180|20260820235300|978.92
