1788192000|20260901000000|959.80
1788192060|20260901000100|960.26
1788192120|20260901000200|960.43
1788192180|20260901000300|960.48
1788192240|20260901000400|960.70
1788192300|20260901000500|960.63
1788192360|20260901000600|960.77
1788192420|20260901000700|961.15
1788192480|20260901000800|961.46
1788192540|20260901000900|961.40
1788192600|20260901001000|961.14
1788192660|20260901001100|961.22
1788192720|20260901001200|961.21
1788192780|20260901001300|961.50
1788192840|20260901001400|961.17
1788192900|20260901001500|961.11
1788192960|20260901001600|961.43
1788193020|20260901001700|961.48
1788193080|20260901001800|961.47
1788193140|20260901001900|961.31
1788193200|20260901002000|961.34
1788193260|20260901002100|961.53
1788193320|20260901002200|961.45
1788193380|20260901002300|961.17
1788193440|20260901002400|961.48
1788193500|20260901002500|961.52
1788193560|20260901002600|961.50
1788193620|20260901002700|961.53
1788193680|20260901002800|961.60
1788193740|20260901002900|961.58
1788193800|20260901003000|962.09
1788193860|20260901003100|961.89
1788193920|20260901003200|961.93
1788193980|20260901003300|961.83
1788194040|20260901003400|961.66
1788194100|20260901003500|961.67
1788194160|20260901003600|961.33
1788194220|20260901003700|961.14
1788194280|20260901003800|960.88
1788194340|20260901003900|960.54
1788194400|20260901004000|960.65
1788194460|20260901004100|961.08
1788194520|20260901004200|961.72
1788194580|20260901004300|961.48
1788194640|20260901004400|961.67
1788194700|20260901004500|961.54
1788194760|20260901004600|961.62
1788194820|20260901004700|961.02
1788194880|20260901004800|961.16
1788194940|20260901004900|961.14
1788195000|20260901005000|961.12
1788195060|20260901005100|961.32
1788195120|20260901005200|961.84
1788195180|20260901005300|961.26
1788195240|20260901005400|961.53
1788195300|20260901005500|961.27
1788195360|20260901005600|961.28
1788195420|20260901005700|961.12
1788195480|20260901005800|961.08
1788195540|20260901005900|961.22
1788195600|20260901010000|961.17
1788195660|20260901010100|961.15
1788195720|20260901010200|960.89
1788195780|20260901010300|961.09
1788195840|20260901010400|960.81
1788195900|20260901010500|960.90
1788195960|20260901010600|960.88
1788196020|20260901010700|960.68
1788196080|20260901010800|960.73
1788196140|20260901010900|960.62
1788196200|20260901011000|960.67
1788196260|20260901011100|960.81
1788196320|20260901011200|961.12
1788196380|20260901011300|961.22
1788196440|20260901011400|961.10
1788196500|20260901011500|961.14
1788196560|20260901011600|961.02
1788196620|20260901011700|961.14
1788196680|20260901011800|961.40
1788196740|20260901011900|961.22
1788196800|20260901012000|961.40
1788196860|20260901012100|961.40
1788196920|20260901012200|961.34
1788196980|20260901012300|961.32
1788197040|20260901012400|961.39
1788197100|20260901012500|961.20
1788197160|20260901012600|960.66
1788197220|20260901012700|960.57
1788197280|20260901012800|960.32
1788197340|20260901012900|960.61
1788197400|20260901013000|960.49
1788197460|20260901013100|960.56
1788197520|20260901013200|960.66
1788197580|20260901013300|960.45
1788197640|20260901013400|960.79
1788197700|20260901013500|960.76
1788197760|20260901013600|961.03
1788197820|20260901013700|961.17
1788197880|20260901013800|961.00
1788197940|20260901013900|961.08
1788198000|20260901014000|961.05
1788198060|20260901014100|961.13
1788198120|20260901014200|961.14
1788198180|20260901014300|961.24
1788198240|20260901014400|961.34
1788198300|20260901014500|961.77
1788198360|20260901014600|961.55
1788198420|20260901014700|961.66
1788198480|20260901014800|961.70
1788198540|20260901014900|962.06
1788198600|20260901015000|962.03
1788198660|20260901015100|962.14
1788198720|20260901015200|962.47
1788198780|20260901015300|962.35
1788198840|20260901015400|962.18
1788198900|20260901015500|961.80
1788198960|20260901015600|961.88
1788199020|20260901015700|961.89
1788199080|20260901015800|961.84
1788199140|20260901015900|961.63
1788225000|20260901091000|963.85
1788225060|20260901091100|963.55
1788225120|20260901091200|963.70
1788225180|20260901091300|963.84
1788225240|20260901091400|963.51
1788225300|20260901091500|963.57
1788225360|20260901091600|963.19
1788225420|20260901091700|963.29
1788225480|20260901091800|963.25
1788225540|20260901091900|963.29
1788225600|20260901092000|962.82
1788225660|20260901092100|963.08
1788225720|20260901092200|963.09
1788225780|20260901092300|962.48
1788225840|20260901092400|962.35
1788225900|20260901092500|962.30
1788225960|20260901092600|961.95
1788226020|20260901092700|961.97
1788226080|20260901092800|962.21
1788226140|20260901092900|962.11
1788226200|20260901093000|962.15
1788226260|20260901093100|962.13
1788226320|20260901093200|962.10
1788226380|20260901093300|961.72
1788226440|20260901093400|962.23
1788226500|20260901093500|962.80
1788226560|20260901093600|962.61
1788226620|20260901093700|962.93
1788226680|20260901093800|963.22
1788226740|20260901093900|962.66
1788226800|20260901094000|963.29
1788226860|20260901094100|963.04
1788226920|20260901094200|962.98
1788226980|20260901094300|963.11
1788227040|20260901094400|963.51
1788227100|20260901094500|963.63
1788227160|20260901094600|963.40
1788227220|20260901094700|963.41
1788227280|20260901094800|963.75
1788227340|20260901094900|963.41
1788227400|20260901095000|962.71
1788227460|20260901095100|962.93
1788227520|20260901095200|963.19
1788227580|20260901095300|962.73
1788227640|20260901095400|962.68
1788227700|20260901095500|962.79
1788227760|20260901095600|963.31
1788227820|20260901095700|963.31
1788227880|20260901095800|963.12
1788227940|20260901095900|963.16
1788228000|20260901100000|963.33
1788228060|20260901100100|963.50
1788228120|20260901100200|963.32
1788228180|20260901100300|963.46
1788228240|20260901100400|963.66
1788228300|20260901100500|964.07
1788228360|20260901100600|964.21
1788228420|20260901100700|964.39
1788228480|20260901100800|963.81
1788228540|20260901100900|963.38
1788228600|20260901101000|963.33
1788228660|20260901101100|964.00
1788228720|20260901101200|964.27
1788228780|20260901101300|964.27
1788228840|20260901101400|963.64
1788228900|20260901101500|963.80
1788228960|20260901101600|963.93
1788229020|20260901101700|964.04
1788229080|20260901101800|964.18
1788229140|20260901101900|964.11
1788229200|20260901102000|964.21
1788229260|20260901102100|964.46
1788229320|20260901102200|964.14
1788229380|20260901102300|964.37
1788229440|20260901102400|964.05
1788229500|20260901102500|963.54
1788229560|20260901102600|963.40
1788229620|20260901102700|963.20
1788229680|20260901102800|963.39
1788229740|20260901102900|963.28
1788229800|20260901103000|963.10
1788229860|20260901103100|962.20
1788229920|20260901103200|962.49
1788229980|20260901103300|962.38
1788230040|20260901103400|962.51
1788230100|20260901103500|962.22
1788230160|20260901103600|961.41
1788230220|20260901103700|961.42
1788230280|20260901103800|960.98
1788230340|20260901103900|961.56
1788230400|20260901104000|961.25
1788230460|20260901104100|961.84
1788230520|20260901104200|961.90
1788230580|20260901104300|961.89
1788230640|20260901104400|961.41
1788230700|20260901104500|961.20
1788230760|20260901104600|960.40
1788230820|20260901104700|960.49
1788230880|20260901104800|961.32
1788230940|20260901104900|961.89
1788231000|20260901105000|961.66
1788231060|20260901105100|961.67
1788231120|20260901105200|961.78
1788231180|20260901105300|962.07
1788231240|20260901105400|962.85
1788231300|20260901105500|962.58
1788231360|20260901105600|962.45
1788231420|20260901105700|962.49
1788231480|20260901105800|962.83
1788231540|20260901105900|962.78
1788231600|20260901110000|963.14
1788231660|20260901110100|963.07
1788231720|20260901110200|963.10
1788231780|20260901110300|962.90
1788231840|20260901110400|962.64
1788231900|20260901110500|962.82
1788231960|20260901110600|962.88
1788232020|20260901110700|962.97
1788232080|20260901110800|962.86
1788232140|20260901110900|962.89
1788232200|20260901111000|962.90
1788232260|20260901111100|962.93
1788232320|20260901111200|962.93
1788232380|20260901111300|963.09
1788232440|20260901111400|962.58
1788232500|20260901111500|962.64
1788232560|20260901111600|962.66
1788232620|20260901111700|962.60
1788232680|20260901111800|962.20
1788232740|20260901111900|962.19
1788232800|20260901112000|961.96
1788232860|20260901112100|961.52
1788232920|20260901112200|961.28
1788232980|20260901112300|961.46
1788233040|20260901112400|961.59
1788233100|20260901112500|961.25
1788233160|20260901112600|961.27
1788233220|20260901112700|961.33
1788233280|20260901112800|961.89
1788233340|20260901112900|961.94
1788233400|20260901113000|961.66
1788233460|20260901113100|961.66
1788233520|20260901113200|961.84
1788233580|20260901113300|961.90
1788233640|20260901113400|961.91
1788233700|20260901113500|961.90
1788233760|20260901113600|961.90
1788233820|20260901113700|962.03
1788233880|20260901113800|961.78
1788233940|20260901113900|961.90
1788234000|20260901114000|962.27
1788234060|20260901114100|962.03
1788234120|20260901114200|962.28
1788234180|20260901114300|962.22
1788234240|20260901114400|962.26
1788234300|20260901114500|962.30
1788234360|20260901114600|962.49
1788234420|20260901114700|962.51
1788234480|20260901114800|962.58
1788234540|20260901114900|962.51
1788234600|20260901115000|962.75
1788234660|20260901115100|962.96
1788234720|20260901115200|962.97
1788234780|20260901115300|962.90
1788234840|20260901115400|962.86
1788234900|20260901115500|962.79
1788234960|20260901115600|962.60
1788235020|20260901115700|962.59
1788235080|20260901115800|962.14
1788235140|20260901115900|962.04
1788235200|20260901120000|962.02
1788235260|20260901120100|962.10
1788235320|20260901120200|962.01
1788235380|20260901120300|962.01
1788235440|20260901120400|961.90
1788235500|20260901120500|961.90
1788235560|20260901120600|961.90
1788235620|20260901120700|961.73
1788235680|20260901120800|961.59
1788235740|20260901120900|961.35
1788235800|20260901121000|961.24
1788235860|20260901121100|961.05
1788235920|20260901121200|961.14
1788235980|20260901121300|961.10
1788236040|20260901121400|961.13
1788236100|20260901121500|961.13
1788236160|20260901121600|961.05
1788236220|20260901121700|961.11
1788236280|20260901121800|961.49
1788236340|20260901121900|961.43
1788236400|20260901122000|960.98
1788236460|20260901122100|960.98
1788236520|20260901122200|961.42
1788236580|20260901122300|961.44
1788236640|20260901122400|961.43
1788236700|20260901122500|961.20
1788236760|20260901122600|961.34
1788236820|20260901122700|961.21
1788236880|20260901122800|961.00
1788236940|20260901122900|960.98
1788237000|20260901123000|960.95
1788237060|20260901123100|960.82
1788237120|20260901123200|960.89
1788237180|20260901123300|960.73
1788237240|20260901123400|960.76
1788237300|20260901123500|960.87
1788237360|20260901123600|961.03
1788237420|20260901123700|960.96
1788237480|20260901123800|960.87
1788237540|20260901123900|960.82
1788237600|20260901124000|960.94
1788237660|20260901124100|960.90
1788237720|20260901124200|960.53
1788237780|20260901124300|960.33
1788237840|20260901124400|960.64
1788237900|20260901124500|960.43
1788237960|20260901124600|960.43
1788238020|20260901124700|960.41
1788238080|20260901124800|960.61
1788238140|20260901124900|960.32
1788238200|20260901125000|960.28
1788238260|20260901125100|960.10
1788238320|20260901125200|960.04
1788238380|20260901125300|960.24
1788238440|20260901125400|960.44
1788238500|20260901125500|960.47
1788238560|20260901125600|960.35
1788238620|20260901125700|960.25
1788238680|20260901125800|960.19
1788238740|20260901125900|960.31
1788238800|20260901130000|960.14
1788238860|20260901130100|960.28
1788238920|20260901130200|960.51
1788238980|20260901130300|960.67
1788239040|20260901130400|960.68
1788239100|20260901130500|961.39
1788239160|20260901130600|960.90
1788239220|20260901130700|961.15
1788239280|20260901130800|961.08
1788239340|20260901130900|961.09
1788239400|20260901131000|960.93
1788239460|20260901131100|960.96
1788239520|20260901131200|960.87
1788239580|20260901131300|960.96
1788239640|20260901131400|960.91
1788239700|20260901131500|960.76
1788239760|20260901131600|960.67
1788239820|20260901131700|960.63
1788239880|20260901131800|960.50
1788239940|20260901131900|960.20
1788240000|20260901132000|959.96
1788240060|20260901132100|960.30
1788240120|20260901132200|960.39
1788240180|20260901132300|960.40
1788240240|20260901132400|960.04
1788240300|20260901132500|960.33
1788240360|20260901132600|960.35
1788240420|20260901132700|960.27
1788240480|20260901132800|960.38
1788240540|20260901132900|960.02
1788240600|20260901133000|960.21
1788240660|20260901133100|960.77
1788240720|20260901133200|961.37
1788240780|20260901133300|961.28
1788240840|20260901133400|960.83
1788240900|20260901133500|961.48
1788240960|20260901133600|961.74
1788241020|20260901133700|961.75
1788241080|20260901133800|961.81
1788241140|20260901133900|962.42
1788241200|20260901134000|962.42
1788241260|20260901134100|962.29
1788241320|20260901134200|962.62
1788241380|20260901134300|962.96
1788241440|20260901134400|962.62
1788241500|20260901134500|963.17
1788241560|20260901134600|963.61
1788241620|20260901134700|963.18
1788241680|20260901134800|963.43
1788241740|20260901134900|963.44
1788241800|20260901135000|963.63
1788241860|20260901135100|963.22
1788241920|20260901135200|962.83
1788241980|20260901135300|962.95
1788242040|20260901135400|963.10
1788242100|20260901135500|963.13
1788242160|20260901135600|963.32
1788242220|20260901135700|963.42
1788242280|20260901135800|963.33
1788242340|20260901135900|962.99
1788242400|20260901140000|962.40
1788242460|20260901140100|962.39
1788242520|20260901140200|961.99
1788242580|20260901140300|962.06
1788242640|20260901140400|961.90
1788242700|20260901140500|961.82
1788242760|20260901140600|962.03
1788242820|20260901140700|961.85
1788242880|20260901140800|962.09
1788242940|20260901140900|961.85
1788243000|20260901141000|961.69
1788243060|20260901141100|961.41
1788243120|20260901141200|961.57
1788243180|20260901141300|961.58
1788243240|20260901141400|961.57
1788243300|20260901141500|961.34
1788243360|20260901141600|961.40
1788243420|20260901141700|961.32
1788243480|20260901141800|961.53
1788243540|20260901141900|961.47
1788243600|20260901142000|961.34
1788243660|20260901142100|961.33
1788243720|20260901142200|961.23
1788243780|20260901142300|960.88
1788243840|20260901142400|961.15
1788243900|20260901142500|961.34
1788243960|20260901142600|961.17
1788244020|20260901142700|961.13
1788244080|20260901142800|961.01
1788244140|20260901142900|960.79
1788244200|20260901143000|960.52
1788244260|20260901143100|960.57
1788244320|20260901143200|960.69
1788244380|20260901143300|960.66
1788244440|20260901143400|960.62
1788244500|20260901143500|960.57
1788244560|20260901143600|961.05
1788244620|20260901143700|961.01
1788244680|20260901143800|961.00
1788244740|20260901143900|961.34
1788244800|20260901144000|961.39
1788244860|20260901144100|961.35
1788244920|20260901144200|961.52
1788244980|20260901144300|961.52
1788245040|20260901144400|961.40
1788245100|20260901144500|961.72
1788245160|20260901144600|961.52
1788245220|20260901144700|961.10
1788245280|20260901144800|960.75
1788245340|20260901144900|960.79
1788245400|20260901145000|960.65
1788245460|20260901145100|960.50
1788245520|20260901145200|960.41
1788245580|20260901145300|960.56
1788245640|20260901145400|960.78
1788245700|20260901145500|960.73
1788245760|20260901145600|960.89
1788245820|20260901145700|960.70
1788245880|20260901145800|960.74
1788245940|20260901145900|960.72
1788246000|20260901150000|960.70
1788246060|20260901150100|960.58
1788246120|20260901150200|960.83
1788246180|20260901150300|961.39
1788246240|20260901150400|961.01
1788246300|20260901150500|961.33
1788246360|20260901150600|961.48
1788246420|20260901150700|961.26
1788246480|20260901150800|961.31
1788246540|20260901150900|961.17
1788246600|20260901151000|961.09
1788246660|20260901151100|960.99
1788246720|20260901151200|961.20
1788246780|20260901151300|961.06
1788246840|20260901151400|961.07
1788246900|20260901151500|961.36
1788246960|20260901151600|961.13
1788247020|20260901151700|960.92
1788247080|20260901151800|961.10
1788247140|20260901151900|960.80
1788247200|20260901152000|960.81
1788247260|20260901152100|960.72
1788247320|20260901152200|960.96
1788247380|20260901152300|960.72
1788247440|20260901152400|960.54
1788247500|20260901152500|960.34
1788247560|20260901152600|960.53
1788247620|20260901152700|960.50
1788247680|20260901152800|960.90
1788247740|20260901152900|960.95
1788247800|20260901153000|960.30
1788247860|20260901153100|959.19
1788247920|20260901153200|959.70
1788247980|20260901153300|959.60
1788248040|20260901153400|960.17
1788248100|20260901153500|959.88
1788248160|20260901153600|959.76
1788248220|20260901153700|959.44
1788248280|20260901153800|958.81
1788248340|20260901153900|958.77
1788248400|20260901154000|957.28
1788248460|20260901154100|958.31
1788248520|20260901154200|958.67
1788248580|20260901154300|958.99
1788248640|20260901154400|958.94
1788248700|20260901154500|958.41
1788248760|20260901154600|958.14
1788248820|20260901154700|958.27
1788248880|20260901154800|958.61
1788248940|20260901154900|959.17
1788249000|20260901155000|959.22
1788249060|20260901155100|959.17
1788249120|20260901155200|958.81
1788249180|20260901155300|958.65
1788249240|20260901155400|958.43
1788249300|20260901155500|958.54
1788249360|20260901155600|959.10
1788249420|20260901155700|958.91
1788249480|20260901155800|958.46
1788249540|20260901155900|958.17
1788249600|20260901160000|958.76
1788249660|20260901160100|957.97
1788249720|20260901160200|957.93
1788249780|20260901160300|957.58
1788249840|20260901160400|957.17
1788249900|20260901160500|956.83
1788249960|20260901160600|956.76
1788250020|20260901160700|955.72
1788250080|20260901160800|955.49
1788250140|20260901160900|955.34
1788250200|20260901161000|953.54
1788250260|20260901161100|952.46
1788250320|20260901161200|952.78
1788250380|20260901161300|954.20
1788250440|20260901161400|955.49
1788250500|20260901161500|955.57
1788250560|20260901161600|954.88
1788250620|20260901161700|954.60
1788250680|20260901161800|953.87
1788250740|20260901161900|953.35
1788250800|20260901162000|953.35
1788250860|20260901162100|953.87
1788250920|20260901162200|953.72
1788250980|20260901162300|953.10
1788251040|20260901162400|951.76
1788251100|20260901162500|951.15
1788251160|20260901162600|950.90
1788251220|20260901162700|951.40
1788251280|20260901162800|951.54
1788251340|20260901162900|950.51
1788251400|20260901163000|950.67
1788251460|20260901163100|949.47
1788251520|20260901163200|949.49
1788251580|20260901163300|949.52
1788251640|20260901163400|948.72
1788251700|20260901163500|948.89
1788251760|20260901163600|948.78
1788251820|20260901163700|948.83
1788251880|20260901163800|948.19
1788251940|20260901163900|948.68
1788252000|20260901164000|948.98
1788252060|20260901164100|950.26
1788252120|20260901164200|949.44
1788252180|20260901164300|949.22
1788252240|20260901164400|948.36
1788252300|20260901164500|949.18
1788252360|20260901164600|949.54
1788252420|20260901164700|949.11
1788252480|20260901164800|949.10
1788252540|20260901164900|949.16
1788252600|20260901165000|949.52
1788252660|20260901165100|949.05
1788252720|20260901165200|948.99
1788252780|20260901165300|948.90
1788252840|20260901165400|948.81
1788252900|20260901165500|949.43
1788252960|20260901165600|949.32
1788253020|20260901165700|948.63
1788253080|20260901165800|949.01
1788253140|20260901165900|948.74
1788253200|20260901170000|948.14
1788253260|20260901170100|948.22
1788253320|20260901170200|948.11
1788253380|20260901170300|947.33
1788253440|20260901170400|948.07
1788253500|20260901170500|948.93
1788253560|20260901170600|948.86
1788253620|20260901170700|947.63
1788253680|20260901170800|949.02
1788253740|20260901170900|948.56
1788253800|20260901171000|947.98
1788253860|20260901171100|948.40
1788253920|20260901171200|948.68
1788253980|20260901171300|949.10
1788254040|20260901171400|948.99
1788254100|20260901171500|949.35
1788254160|20260901171600|949.29
1788254220|20260901171700|949.51
1788254280|20260901171800|949.48
1788254340|20260901171900|949.19
1788254400|20260901172000|949.35
1788254460|20260901172100|949.09
1788254520|20260901172200|949.24
1788254580|20260901172300|949.63
1788254640|20260901172400|949.17
1788254700|20260901172500|949.10
1788254760|20260901172600|948.70
1788254820|20260901172700|948.57
1788254880|20260901172800|948.15
1788254940|20260901172900|948.52
1788255000|20260901173000|948.62
1788255060|20260901173100|947.47
1788255120|20260901173200|947.49
1788255180|20260901173300|947.72
1788255240|20260901173400|947.86
1788255300|20260901173500|948.14
1788255360|20260901173600|947.64
1788255420|20260901173700|947.76
1788255480|20260901173800|947.37
1788255540|20260901173900|947.29
1788255600|20260901174000|947.56
1788255660|20260901174100|947.57
1788255720|20260901174200|947.57
1788255780|20260901174300|947.60
1788255840|20260901174400|948.06
1788255900|20260901174500|948.25
1788255960|20260901174600|948.31
1788256020|20260901174700|948.46
1788256080|20260901174800|948.55
1788256140|20260901174900|948.38
1788256200|20260901175000|947.81
1788256260|20260901175100|947.72
1788256320|20260901175200|947.84
1788256380|20260901175300|948.06
1788256440|20260901175400|947.88
1788256500|20260901175500|948.01
1788256560|20260901175600|948.46
1788256620|20260901175700|947.82
1788256680|20260901175800|947.74
1788256740|20260901175900|947.61
1788256800|20260901180000|946.80
1788256860|20260901180100|947.21
1788256920|20260901180200|947.73
1788256980|20260901180300|948.01
1788257040|20260901180400|947.60
1788257100|20260901180500|947.61
1788257160|20260901180600|947.84
1788257220|20260901180700|948.08
1788257280|20260901180800|948.58
1788257340|20260901180900|948.49
1788257400|20260901181000|948.62
1788257460|20260901181100|948.93
1788257520|20260901181200|949.33
1788257580|20260901181300|949.53
1788257640|20260901181400|950.12
1788257700|20260901181500|949.72
1788257760|20260901181600|950.18
1788257820|20260901181700|950.79
1788257880|20260901181800|950.40
1788257940|20260901181900|950.38
1788258000|20260901182000|950.37
1788258060|20260901182100|950.52
1788258120|20260901182200|950.98
1788258180|20260901182300|951.15
1788258240|20260901182400|950.90
1788258300|20260901182500|951.09
1788258360|20260901182600|950.99
1788258420|20260901182700|950.91
1788258480|20260901182800|950.98
1788258540|20260901182900|951.01
1788258600|20260901183000|951.08
1788258660|20260901183100|951.14
1788258720|20260901183200|950.76
1788258780|20260901183300|950.65
1788258840|20260901183400|950.65
1788258900|20260901183500|950.85
1788258960|20260901183600|950.81
1788259020|20260901183700|950.81
1788259080|20260901183800|951.23
1788259140|20260901183900|951.26
1788259200|20260901184000|950.98
1788259260|20260901184100|951.09
1788259320|20260901184200|951.09
1788259380|20260901184300|950.71
1788259440|20260901184400|950.77
1788259500|20260901184500|950.42
1788259560|20260901184600|949.96
1788259620|20260901184700|949.89
1788259680|20260901184800|949.93
1788259740|20260901184900|949.67
1788259800|20260901185000|949.71
1788259860|20260901185100|949.23
1788259920|20260901185200|949.22
1788259980|20260901185300|949.12
1788260040|20260901185400|949.12
1788260100|20260901185500|949.20
1788260160|20260901185600|949.22
1788260220|20260901185700|949.30
1788260280|20260901185800|949.52
1788260340|20260901185900|949.71
1788260400|20260901190000|949.70
1788260460|20260901190100|949.38
1788260520|20260901190200|949.35
1788260580|20260901190300|949.77
1788260640|20260901190400|950.20
1788260700|20260901190500|950.12
1788260760|20260901190600|949.56
1788260820|20260901190700|949.59
1788260880|20260901190800|950.22
1788260940|20260901190900|950.24
1788261000|20260901191000|950.54
1788261060|20260901191100|950.39
1788261120|20260901191200|950.23
1788261180|20260901191300|950.44
1788261240|20260901191400|950.19
1788261300|20260901191500|949.49
1788261360|20260901191600|949.47
1788261420|20260901191700|949.08
1788261480|20260901191800|949.12
1788261540|20260901191900|949.29
1788261600|20260901192000|949.29
1788261660|20260901192100|949.51
1788261720|20260901192200|949.51
1788261780|20260901192300|949.35
1788261840|20260901192400|949.51
1788261900|20260901192500|949.59
1788261960|20260901192600|949.46
1788262020|20260901192700|949.62
1788262080|20260901192800|949.92
1788262140|20260901192900|950.02
1788262200|20260901193000|950.15
1788262260|20260901193100|950.26
1788262320|20260901193200|950.30
1788262380|20260901193300|950.36
1788262440|20260901193400|950.26
1788262500|20260901193500|950.14
1788262560|20260901193600|949.90
1788262620|20260901193700|950.26
1788262680|20260901193800|950.14
1788262740|20260901193900|950.76
1788262800|20260901194000|950.85
1788262860|20260901194100|950.75
1788262920|20260901194200|950.72
1788262980|20260901194300|950.88
1788263040|20260901194400|950.91
1788263100|20260901194500|950.92
1788263160|20260901194600|951.09
1788263220|20260901194700|951.30
1788263280|20260901194800|951.33
1788263340|20260901194900|951.52
1788263400|20260901195000|951.16
1788263460|20260901195100|951.16
1788263520|20260901195200|951.22
1788263580|20260901195300|950.56
1788263640|20260901195400|950.30
1788263700|20260901195500|949.80
1788263760|20260901195600|949.55
1788263820|20260901195700|949.21
1788263880|20260901195800|949.08
1788263940|20260901195900|948.68
1788264000|20260901200000|949.42
1788264060|20260901200100|948.90
1788264120|20260901200200|948.76
1788264180|20260901200300|948.76
1788264240|20260901200400|949.08
1788264300|20260901200500|949.12
1788264360|20260901200600|949.01
1788264420|20260901200700|949.12
1788264480|20260901200800|949.12
1788264540|20260901200900|949.11
1788264600|20260901201000|948.87
1788264660|20260901201100|948.25
1788264720|20260901201200|948.28
1788264780|20260901201300|948.47
1788264840|20260901201400|948.62
1788264900|20260901201500|948.67
1788264960|20260901201600|948.66
1788265020|20260901201700|948.82
1788265080|20260901201800|949.17
1788265140|20260901201900|949.08
1788265200|20260901202000|948.97
1788265260|20260901202100|948.90
1788265320|20260901202200|948.25
1788265380|20260901202300|948.62
1788265440|20260901202400|948.18
1788265500|20260901202500|948.03
1788265560|20260901202600|948.45
1788265620|20260901202700|949.45
1788265680|20260901202800|949.25
1788265740|20260901202900|948.96
1788265800|20260901203000|948.09
1788265860|20260901203100|948.01
1788265920|20260901203200|947.97
1788265980|20260901203300|947.05
1788266040|20260901203400|947.11
1788266100|20260901203500|946.66
1788266160|20260901203600|945.88
1788266220|20260901203700|944.99
1788266280|20260901203800|944.67
1788266340|20260901203900|945.55
1788266400|20260901204000|945.83
1788266460|20260901204100|945.90
1788266520|20260901204200|946.02
1788266580|20260901204300|945.89
1788266640|20260901204400|946.31
1788266700|20260901204500|947.09
1788266760|20260901204600|947.61
1788266820|20260901204700|947.66
1788266880|20260901204800|948.20
1788266940|20260901204900|947.24
1788267000|20260901205000|947.22
1788267060|20260901205100|947.04
1788267120|20260901205200|947.21
1788267180|20260901205300|947.20
1788267240|20260901205400|947.00
1788267300|20260901205500|946.59
1788267360|20260901205600|945.97
1788267420|20260901205700|946.55
1788267480|20260901205800|946.29
1788267540|20260901205900|946.34
1788267600|20260901210000|945.64
1788267660|20260901210100|943.72
1788267720|20260901210200|942.09
1788267780|20260901210300|941.49
1788267840|20260901210400|941.46
1788267900|20260901210500|941.66
1788267960|20260901210600|941.14
1788268020|20260901210700|941.37
1788268080|20260901210800|942.14
1788268140|20260901210900|942.05
1788268200|20260901211000|940.47
1788268260|20260901211100|940.44
1788268320|20260901211200|940.22
1788268380|20260901211300|940.07
1788268440|20260901211400|940.78
1788268500|20260901211500|939.88
1788268560|20260901211600|940.19
1788268620|20260901211700|940.29
1788268680|20260901211800|940.42
1788268740|20260901211900|939.78
1788268800|20260901212000|940.97
1788268860|20260901212100|940.89
1788268920|20260901212200|941.30
1788268980|20260901212300|941.15
1788269040|20260901212400|941.60
1788269100|20260901212500|941.40
1788269160|20260901212600|941.96
1788269220|20260901212700|942.37
1788269280|20260901212800|942.19
1788269340|20260901212900|942.70
1788269400|20260901213000|943.18
1788269460|20260901213100|943.68
1788269520|20260901213200|944.36
1788269580|20260901213300|944.89
1788269640|20260901213400|945.11
1788269700|20260901213500|945.20
1788269760|20260901213600|944.37
1788269820|20260901213700|943.97
1788269880|20260901213800|945.81
1788269940|20260901213900|945.47
1788270000|20260901214000|945.27
1788270060|20260901214100|945.28
1788270120|20260901214200|945.36
1788270180|20260901214300|945.57
1788270240|20260901214400|946.37
1788270300|20260901214500|947.15
1788270360|20260901214600|946.91
1788270420|20260901214700|945.71
1788270480|20260901214800|946.39
1788270540|20260901214900|946.67
1788270600|20260901215000|946.70
1788270660|20260901215100|946.96
1788270720|20260901215200|947.17
1788270780|20260901215300|947.16
1788270840|20260901215400|947.19
1788270900|20260901215500|946.45
1788270960|20260901215600|946.88
1788271020|20260901215700|947.39
1788271080|20260901215800|946.76
1788271140|20260901215900|946.82
1788271200|20260901220000|947.95
1788271260|20260901220100|947.20
1788271320|20260901220200|947.21
1788271380|20260901220300|946.63
1788271440|20260901220400|946.47
1788271500|20260901220500|945.64
1788271560|20260901220600|946.27
1788271620|20260901220700|946.55
1788271680|20260901220800|947.39
1788271740|20260901220900|948.21
1788271800|20260901221000|948.27
1788271860|20260901221100|948.09
1788271920|20260901221200|948.05
1788271980|20260901221300|947.40
1788272040|20260901221400|947.72
1788272100|20260901221500|948.63
1788272160|20260901221600|948.81
1788272220|20260901221700|949.13
1788272280|20260901221800|949.06
1788272340|20260901221900|949.31
1788272400|20260901222000|949.18
1788272460|20260901222100|949.70
1788272520|20260901222200|949.63
1788272580|20260901222300|949.96
1788272640|20260901222400|949.96
1788272700|20260901222500|949.70
1788272760|20260901222600|949.48
1788272820|20260901222700|948.36
1788272880|20260901222800|948.73
1788272940|20260901222900|948.23
1788273000|20260901223000|947.73
1788273060|20260901223100|948.14
1788273120|20260901223200|948.19
1788273180|20260901223300|948.01
1788273240|20260901223400|948.37
1788273300|20260901223500|948.66
1788273360|20260901223600|948.68
1788273420|20260901223700|948.49
1788273480|20260901223800|948.06
1788273540|20260901223900|948.05
1788273600|20260901224000|947.54
1788273660|20260901224100|947.82
1788273720|20260901224200|947.40
1788273780|20260901224300|947.49
1788273840|20260901224400|947.67
1788273900|20260901224500|947.51
1788273960|20260901224600|947.64
1788274020|20260901224700|947.62
1788274080|20260901224800|947.78
1788274140|20260901224900|947.31
1788274200|20260901225000|946.76
1788274260|20260901225100|947.03
1788274320|20260901225200|947.41
1788274380|20260901225300|946.83
1788274440|20260901225400|946.68
1788274500|20260901225500|945.90
1788274560|20260901225600|945.94
1788274620|20260901225700|945.67
1788274680|20260901225800|945.67
