1786636800|20260814000000|949.27
1786636860|20260814000100|949.55
1786636920|20260814000200|949.43
1786636980|20260814000300|949.38
1786637040|20260814000400|949.44
1786637100|20260814000500|949.00
1786637160|20260814000600|948.58
1786637220|20260814000700|948.77
1786637280|20260814000800|948.66
1786637340|20260814000900|948.41
1786637400|20260814001000|948.12
1786637460|20260814001100|947.70
1786637520|20260814001200|947.76
1786637580|20260814001300|947.72
1786637640|20260814001400|947.78
1786637700|20260814001500|947.41
1786637760|20260814001600|947.17
1786637820|20260814001700|947.29
1786637880|20260814001800|946.64
1786637940|20260814001900|946.75
1786638000|20260814002000|946.90
1786638060|20260814002100|947.47
1786638120|20260814002200|947.73
1786638180|20260814002300|947.47
1786638240|20260814002400|947.43
1786638300|20260814002500|947.98
1786638360|20260814002600|948.21
1786638420|20260814002700|947.97
1786638480|20260814002800|947.88
1786638540|20260814002900|948.13
1786638600|20260814003000|948.69
1786638660|20260814003100|949.42
1786638720|20260814003200|948.95
1786638780|20260814003300|949.20
1786638840|20260814003400|949.47
1786638900|20260814003500|949.50
1786638960|20260814003600|949.37
1786639020|20260814003700|949.26
1786639080|20260814003800|949.01
1786639140|20260814003900|949.02
1786639200|20260814004000|949.01
1786639260|20260814004100|949.01
1786639320|20260814004200|949.07
1786639380|20260814004300|949.06
1786639440|20260814004400|949.19
1786639500|20260814004500|949.27
1786639560|20260814004600|949.60
1786639620|20260814004700|949.57
1786639680|20260814004800|949.36
1786639740|20260814004900|949.40
1786639800|20260814005000|949.27
1786639860|20260814005100|949.27
1786639920|20260814005200|949.27
1786639980|20260814005300|949.16
1786640040|20260814005400|949.05
1786640100|20260814005500|949.06
1786640160|20260814005600|949.39
1786640220|20260814005700|949.45
1786640280|20260814005800|949.49
1786640340|20260814005900|949.45
1786640400|20260814010000|949.59
1786640460|20260814010100|949.97
1786640520|20260814010200|949.97
1786640580|20260814010300|949.74
1786640640|20260814010400|949.36
1786640700|20260814010500|949.65
1786640760|20260814010600|949.97
1786640820|20260814010700|950.42
1786640880|20260814010800|950.75
1786640940|20260814010900|950.82
1786641000|20260814011000|950.81
1786641060|20260814011100|951.05
1786641120|20260814011200|950.87
1786641180|20260814011300|951.21
1786641240|20260814011400|951.01
1786641300|20260814011500|951.00
1786641360|20260814011600|950.61
1786641420|20260814011700|950.31
1786641480|20260814011800|949.56
1786641540|20260814011900|949.87
1786641600|20260814012000|949.99
1786641660|20260814012100|950.30
1786641720|20260814012200|950.66
1786641780|20260814012300|950.65
1786641840|20260814012400|950.22
1786641900|20260814012500|950.40
1786641960|20260814012600|950.29
1786642020|20260814012700|950.31
1786642080|20260814012800|950.14
1786642140|20260814012900|949.60
1786642200|20260814013000|949.27
1786642260|20260814013100|949.35
1786642320|20260814013200|949.23
1786642380|20260814013300|949.21
1786642440|20260814013400|948.87
1786642500|20260814013500|948.87
1786642560|20260814013600|948.73
1786642620|20260814013700|948.83
1786642680|20260814013800|948.72
1786642740|20260814013900|948.72
1786642800|20260814014000|948.80
1786642860|20260814014100|948.80
1786642920|20260814014200|948.63
1786642980|20260814014300|948.65
1786643040|20260814014400|948.08
1786643100|20260814014500|947.90
1786643160|20260814014600|948.27
1786643220|20260814014700|948.32
1786643280|20260814014800|948.27
1786643340|20260814014900|948.19
1786643400|20260814015000|948.22
1786643460|20260814015100|948.30
1786643520|20260814015200|948.40
1786643580|20260814015300|948.40
1786643640|20260814015400|948.03
1786643700|20260814015500|948.19
1786643760|20260814015600|948.26
1786643820|20260814015700|947.74
1786643880|20260814015800|947.66
1786643940|20260814015900|947.85
1786669800|20260814091000|941.49
1786669860|20260814091100|940.78
1786669920|20260814091200|940.46
1786669980|20260814091300|940.61
1786670040|20260814091400|940.87
1786670100|20260814091500|940.81
1786670160|20260814091600|941.17
1786670220|20260814091700|940.02
1786670280|20260814091800|939.94
1786670340|20260814091900|939.55
1786670400|20260814092000|939.93
1786670460|20260814092100|939.96
1786670520|20260814092200|940.40
1786670580|20260814092300|939.72
1786670640|20260814092400|939.41
1786670700|20260814092500|938.62
1786670760|20260814092600|938.86
1786670820|20260814092700|939.41
1786670880|20260814092800|939.41
1786670940|20260814092900|939.72
1786671000|20260814093000|939.65
1786671060|20260814093100|938.82
1786671120|20260814093200|938.75
1786671180|20260814093300|938.19
1786671240|20260814093400|938.07
1786671300|20260814093500|938.08
1786671360|20260814093600|938.27
1786671420|20260814093700|939.17
1786671480|20260814093800|939.14
1786671540|20260814093900|939.23
1786671600|20260814094000|939.54
1786671660|20260814094100|939.48
1786671720|20260814094200|939.63
1786671780|20260814094300|939.83
1786671840|20260814094400|939.77
1786671900|20260814094500|939.58
1786671960|20260814094600|940.44
1786672020|20260814094700|940.15
1786672080|20260814094800|939.47
1786672140|20260814094900|938.74
1786672200|20260814095000|939.00
1786672260|20260814095100|939.02
1786672320|20260814095200|939.00
1786672380|20260814095300|938.65
1786672440|20260814095400|939.67
1786672500|20260814095500|939.63
1786672560|20260814095600|940.00
1786672620|20260814095700|940.18
1786672680|20260814095800|939.39
1786672740|20260814095900|939.90
1786672800|20260814100000|939.51
1786672860|20260814100100|939.66
1786672920|20260814100200|939.97
1786672980|20260814100300|940.37
1786673040|20260814100400|940.09
1786673100|20260814100500|939.32
1786673160|20260814100600|939.38
1786673220|20260814100700|939.76
1786673280|20260814100800|939.85
1786673340|20260814100900|939.58
1786673400|20260814101000|939.58
1786673460|20260814101100|939.05
1786673520|20260814101200|938.55
1786673580|20260814101300|938.27
1786673640|20260814101400|938.31
1786673700|20260814101500|938.25
1786673760|20260814101600|938.31
1786673820|20260814101700|938.78
1786673880|20260814101800|938.78
1786673940|20260814101900|938.43
1786674000|20260814102000|938.66
1786674060|20260814102100|938.87
1786674120|20260814102200|939.01
1786674180|20260814102300|938.90
1786674240|20260814102400|938.87
1786674300|20260814102500|938.84
1786674360|20260814102600|938.67
1786674420|20260814102700|938.87
1786674480|20260814102800|938.79
1786674540|20260814102900|938.38
1786674600|20260814103000|938.45
1786674660|20260814103100|939.71
1786674720|20260814103200|939.67
1786674780|20260814103300|940.05
1786674840|20260814103400|938.89
1786674900|20260814103500|939.91
1786674960|20260814103600|939.90
1786675020|20260814103700|940.08
1786675080|20260814103800|939.99
1786675140|20260814103900|939.57
1786675200|20260814104000|939.92
1786675260|20260814104100|939.79
1786675320|20260814104200|939.79
1786675380|20260814104300|939.52
1786675440|20260814104400|939.69
1786675500|20260814104500|940.04
1786675560|20260814104600|939.92
1786675620|20260814104700|939.51
1786675680|20260814104800|938.72
1786675740|20260814104900|938.94
1786675800|20260814105000|939.13
1786675860|20260814105100|939.25
1786675920|20260814105200|939.19
1786675980|20260814105300|939.32
1786676040|20260814105400|939.15
1786676100|20260814105500|938.98
1786676160|20260814105600|938.95
1786676220|20260814105700|938.71
1786676280|20260814105800|938.41
1786676340|20260814105900|938.66
1786676400|20260814110000|938.87
1786676460|20260814110100|938.76
1786676520|20260814110200|938.77
1786676580|20260814110300|939.03
