1789561370026|2
1789561370026|3
1789561370026|4
1789561370026|5
1789561370026|6
1789561370026|7
1789561370026|8
1789561370026|9
1789561370026|10
1789561370026|11
1789561370026|12
1789561370026|13
1789561370026|14
1789561370026|15
1789561370026|16
1789561370026|17
1789561370026|18
1789561370026|19
1789561370026|20
1789561370026|21
1789561370026|22
1789561370026|23
1789561370026|24
1789561370026|25
1789561370026|26
1789561370026|27
1789561370026|28
1789561370026|29
1789561370026|30
1789561370026|31
1789561370026|32
1789561370026|33
1789561370026|34
1789561370026|35
1789561370026|36
1789561370026|37
1789561370026|38
1789561370026|39
1789561370026|40
1789561370026|41
1789561370026|42
1789561370026|43
1789561370026|44
1789561370026|45
1789561370026|46
1789561370026|47
1789561370026|48
1789561370026|49
1789561370026|50
1789561370026|51
1789561370026|52
1789561370026|53
1789561370026|54
1789561370026|55
1789561370026|56
1789561370026|57
1789561370026|58
1789561370026|59
1789561370026|60
1789561370026|61
1789561370026|62
1789561370026|63
1789561370026|64
1789561370026|65
1789561370026|66
1789561370026|67
1789561370026|68
1789561370026|69
1789561370026|70
1789561370026|71
1789561370026|72
1789561370026|73
1789561370026|74
1789561370026|75
1789561370026|76
1789561370026|77
1789561370026|78
1789561370026|79
1789561370026|80
1789561370026|81
1789561370026|82
1789561370026|83
1789561370026|84
1789561370026|85
1789561370026|86
1789561370026|87
1789561370026|88
1789561370026|89
1789561370026|90
1789561370026|91
1789561370026|92
1789561370026|93
1789561370026|94
1789561370026|95
1789561370026|96
1789561370026|97
1789561370026|98
1789561370026|99
1789561370026|100
1789561370026|101
1789561370026|102
1789561370026|103
1789561370026|104
1789561370026|105
1789561370026|106
1789561370026|107
1789561370026|108
1789561370026|109
1789561370026|110
1789561370026|111
1789561370026|112
1789561370026|113
1789561370026|115
1789561370026|116
1789561370026|117
1789561370026|118
1789561370026|119
1789561370026|120
1789561370026|122
1789561370026|123
1789561370026|124
1789561370026|125
1789561370026|126
1789561370026|127
1789561370026|129
1789561370026|130
1789561370026|131
1789561370026|132
1789561370026|133
1789561370026|134
1789561370026|136
1789561370026|137
1789561370026|138
1789561370026|139
1789561370026|140
1789561370026|141
1789561370026|143
1789561370026|144
1789561370026|145
1789561370026|146
1789561370026|147
1789561370026|148
1789561370026|150
1789561370026|151
1789561370026|152
1789561370026|153
1789561370026|154
1789561370026|155
1789561370026|157
1789561370026|158
1789561370026|159
1789561370026|160
1789561370026|161
1789561370026|162
1789561370026|164
1789561370026|165
1789561370026|166
1789561370026|167
1789561370026|168
1789561370026|169
1789561370026|171
1789561370026|172
1789561370026|173
1789561370026|174
1789561370026|175
1789561370026|176
1789561370026|178
1789561370026|179
1789561370026|180
1789561370026|181
1789561370026|182
1789561370026|183
1789561370026|185
1789561370026|186
1789561370026|187
1789561370026|188
1789561370026|189
1789561370026|190
1789561370026|192
1789561370026|193
1789561370026|194
1789561370026|195
1789561370026|196
1789561370026|197
1789561370026|199
1789561370026|200
1789561370026|201
1789561370026|202
1789561370026|203
1789561370026|204
1789561370026|206
1789561370026|207
1789561370026|208
1789561370026|209
1789561370026|210
1789561370026|211
1789561370026|213
1789561370026|214
1789561370026|215
1789561370026|216
1789561370026|217
1789561370026|218
1789561370026|220
1789561370026|221
1789561370026|222
1789561370026|223
1789561370026|224
1789561370026|225
1789561370026|227
1789561370026|228
1789561370026|229
1789561370026|230
1789561370026|231
1789561370026|232
1789561370026|234
1789561370026|235
1789561370026|236
1789561370026|237
1789561370026|238
1789561370026|239
1789561370026|241
1789561370026|242
1789561370026|243
1789561370026|244
1789561370026|245
1789561370026|246
1789561370026|248
1789561370026|249
1789562399138|1
