1788332069528|49
1788372569512|50
1788395969532|51
1788413969538|52
1788415770382|53
1788450869836|54
1788461669016|55
1788498569093|56
1788519271182|57
1788535470005|58
1788551668832|59
1788553468780|60
1788557970815|61
1788565170790|62
1788566970202|63
1788587669623|64
1788611969803|65
1788691169838|66
1788693871819|1
1788711869725|2
1788724469427|3
1788728069813|4
1788746069793|5
1788810869086|6
1788900868761|7
1788906269813|8
1788912574734|9
1788919769642|10
1788930570823|11
1788993569648|12
1788994469462|13
1788996271769|14
1789034970415|15
1789038571573|16
1789060169634|17
1789061069840|18
1789069169694|19
1789072770067|20
1789073669644|21
1789079070522|22
1789097969525|23
1789117771590|24
1789125870391|25
1789141170886|26
1789149270668|27
1789169970257|28
1789206870435|29
1789215870425|30
1789250969838|31
1789261770618|32
1789276170180|33
1789303172299|34
1789348170088|35
1789359870729|36
1789387771523|37
1789412970338|38
1789434570222|39
1789437273196|40
1789483170302|41
1789492171876|42
1789493069630|43
1789505670064|44
1789514670074|45
1789520069609|46
1789524570167|47
1789539872161|48
