1789294424903|59
1789295324771|60
1789296225125|61
1789297124603|62
1789298024328|63
1789298924529|64
1789299826155|65
1789300724917|66
1789301624915|67
1789302525439|68
1789303424909|69
1789304325132|70
1789305225166|71
1789306124915|72
1789307024439|73
1789307924830|74
1789308824724|75
1789309724732|76
1789310626543|77
1789311524803|78
1789312424960|79
1789313324630|80
1789314224445|81
1789315124491|82
1789316024913|83
1789316924439|84
1789317825009|85
1789318724914|86
1789319624747|87
1789320524822|88
1789321424340|89
1789322324832|90
1789323224756|91
1789324124910|92
1789325024933|93
1789325930979|94
1789326824164|95
1789327724753|96
1789328624500|97
1789329524890|98
1789330424960|99
1789331324864|100
1789332225755|101
1789333125010|102
1789334024541|103
1789334925095|104
1789335824780|105
1789336725392|106
1789337625027|107
1789338525225|108
1789339425401|109
1789340324810|110
1789341224680|111
1789342125018|112
1789343025221|113
1789343925435|114
1789344824713|115
1789345724546|116
1789346625215|117
1789347524643|118
1789348425646|119
1789349325383|120
1789350224529|121
1789351124333|122
1789352024625|123
1789352924782|124
1789353824305|125
1789354724919|126
1789355624939|127
1789356524945|128
1789357424822|129
1789358324834|130
1789359225172|131
1789360124978|132
1789361024424|133
1789361923855|134
1789362825007|135
1789363724818|136
1789364624937|137
1789365524622|138
1789366424453|139
1789367325003|140
1789368224451|141
1789369125013|142
1789370024627|143
1789370924540|144
1789371825215|145
1789372725010|146
1789373624927|147
1789374524627|148
1789375424426|149
1789376325076|150
1789377225144|151
1789378124967|152
1789379024553|153
1789379924665|154
1789380824809|155
1789381724635|156
1789382624675|157
1789383524431|158
1789384424902|159
1789385324827|160
1789386224817|161
1789387124136|162
1789388025448|163
1789388925407|164
1789389825199|165
1789390724912|166
1789391625266|167
1789392538501|168
1789393425022|169
1789394324834|170
1789395224704|171
1789396125092|172
1789397024728|173
1789397924722|174
1789398824813|175
1789399725002|176
1789400624510|177
1789401524628|178
1789402425020|179
1789403325605|180
1789404225306|181
1789405124859|182
1789406025225|183
1789406924615|184
1789407824250|185
1789408725130|186
1789409624259|187
1789410523870|188
1789411425529|189
1789412325009|190
1789413225443|191
1789414124905|192
1789415025349|193
1789415925295|194
1789416825012|195
1789417725089|196
1789418624643|197
1789419524252|198
1789420424624|199
1789421324593|200
1789422224811|201
1789423124511|202
1789424024860|203
1789424925033|204
1789425824666|205
1789426724647|206
1789427624169|207
1789428524710|208
1789429425105|209
1789430324594|210
1789431225024|211
1789432124728|212
1789433025001|213
1789433924794|214
1789434824786|215
1789435724222|216
1789436624900|217
1789437524154|218
1789438424605|219
1789439324438|220
1789440224724|221
1789441124701|222
1789442024320|223
1789442924706|224
1789443824199|225
1789444724554|226
1789445624764|227
1789446525321|228
1789447425350|229
1789448324733|230
1789449224833|231
1789450124624|232
1789451024436|233
1789451925308|234
1789452824930|235
1789453724873|236
1789454625267|1
1789455525539|2
1789456425752|3
1789457324248|4
1789458224136|5
1789459125128|6
1789460024165|7
1789460925141|8
1789461825338|9
1789462724861|10
1789463625185|11
1789464524512|12
1789465424618|13
1789466324131|14
1789467224230|15
1789468124624|16
1789469025452|17
1789469925133|18
1789470824439|19
1789471724611|20
1789472625417|21
1789473524655|22
1789474424472|23
1789475324155|24
1789476224809|25
1789477124287|26
1789478025337|27
1789478924041|28
1789479825415|29
1789480724532|30
1789481624639|31
1789482525624|32
1789483425059|33
1789484324723|34
1789485225324|35
1789486124532|36
1789487024641|37
1789487924717|38
1789488825131|39
1789489724914|40
1789490625927|41
1789491525220|42
1789492426056|43
1789493324545|44
1789494224696|45
1789495124806|46
1789496024843|47
1789496924541|48
1789497824905|49
1789498724702|50
1789499624839|51
1789500524876|52
1789501424626|53
1789502324433|54
1789503224639|55
1789504124632|56
1789505025137|57
1789505924431|58
