1786723200|20260815000000|951.71
1786723215|20260815000015|951.98
1786723220|20260815000020|952.16
1786723235|20260815000035|952.27
1786723240|20260815000040|952.19
1786723250|20260815000050|952.20
1786723255|20260815000055|952.29
1786723260|20260815000100|952.24
1786723265|20260815000105|952.20
1786723275|20260815000115|952.46
1786723280|20260815000120|952.46
1786723285|20260815000125|952.41
1786723300|20260815000140|952.81
1786723310|20260815000150|952.58
1786723320|20260815000200|952.49
1786723330|20260815000210|952.45
1786723340|20260815000220|952.59
1786723345|20260815000225|952.49
1786723355|20260815000235|952.44
1786723360|20260815000240|952.29
1786723370|20260815000250|952.24
1786723380|20260815000300|952.22
1786723385|20260815000305|952.18
1786723390|20260815000310|952.24
1786723395|20260815000315|952.18
1786723400|20260815000320|952.02
1786723405|20260815000325|952.08
1786723415|20260815000335|952.10
1786723420|20260815000340|952.05
1786723425|20260815000345|952.05
1786723445|20260815000405|951.98
1786723450|20260815000410|952.01
1786723460|20260815000420|951.93
1786723465|20260815000425|951.97
1786723500|20260815000500|951.73
1786723505|20260815000505|951.83
1786723520|20260815000520|951.85
1786723525|20260815000525|951.83
1786723535|20260815000535|951.92
1786723540|20260815000540|952.00
1786723545|20260815000545|951.99
1786723555|20260815000555|951.90
1786723560|20260815000600|951.99
1786723565|20260815000605|952.09
1786723570|20260815000610|951.97
1786723575|20260815000615|951.97
1786723595|20260815000635|951.92
1786723600|20260815000640|951.88
1786723605|20260815000645|952.18
1786723610|20260815000650|952.03
1786723615|20260815000655|952.06
1786723620|20260815000700|951.99
1786723635|20260815000715|952.03
1786723645|20260815000725|952.07
1786723655|20260815000735|952.05
1786723660|20260815000740|952.03
1786723665|20260815000745|952.05
1786723670|20260815000750|951.96
1786723675|20260815000755|951.99
1786723680|20260815000800|951.93
1786723695|20260815000815|951.88
1786723700|20260815000820|951.82
1786723715|20260815000835|951.77
1786723725|20260815000845|951.81
1786723730|20260815000850|951.74
1786723735|20260815000855|951.79
1786723745|20260815000905|951.72
1786723750|20260815000910|951.54
1786723755|20260815000915|951.51
1786723760|20260815000920|951.54
1786723805|20260815001005|951.48
1786723810|20260815001010|951.42
1786723815|20260815001015|951.42
1786723820|20260815001020|951.43
1786723825|20260815001025|951.40
1786723835|20260815001035|951.43
1786723855|20260815001055|951.41
1786723860|20260815001100|951.29
1786723865|20260815001105|951.33
1786723870|20260815001110|951.35
1786723875|20260815001115|951.39
1786723880|20260815001120|951.37
1786723885|20260815001125|951.42
1786723895|20260815001135|951.48
1786723900|20260815001140|951.48
1786723905|20260815001145|951.45
1786723910|20260815001150|951.45
1786723915|20260815001155|951.44
1786723920|20260815001200|951.43
1786723925|20260815001205|951.43
1786723930|20260815001210|951.36
1786723935|20260815001215|951.36
1786723940|20260815001220|951.37
1786723945|20260815001225|951.43
1786723955|20260815001235|951.43
1786723960|20260815001240|951.45
1786723970|20260815001250|951.56
1786723975|20260815001255|951.52
1786723980|20260815001300|951.47
1786723985|20260815001305|951.41
1786723995|20260815001315|951.33
1786724000|20260815001320|951.34
1786724005|20260815001325|951.31
1786724020|20260815001340|951.46
1786724025|20260815001345|951.54
1786724045|20260815001405|951.46
1786724055|20260815001415|951.42
1786724060|20260815001420|951.50
1786724065|20260815001425|951.52
1786724100|20260815001500|951.45
1786724105|20260815001505|951.48
1786724110|20260815001510|951.59
1786724115|20260815001515|951.61
1786724120|20260815001520|951.60
1786724125|20260815001525|951.56
1786724135|20260815001535|951.55
1786724140|20260815001540|951.56
1786724150|20260815001550|951.59
1786724160|20260815001600|951.64
1786724165|20260815001605|951.66
1786724170|20260815001610|951.68
1786724175|20260815001615|951.68
1786724180|20260815001620|951.70
1786724185|20260815001625|951.79
1786724200|20260815001640|951.75
1786724205|20260815001645|951.75
1786724215|20260815001655|951.71
1786724220|20260815001700|951.82
1786724225|20260815001705|951.81
1786724230|20260815001710|951.84
1786724235|20260815001715|951.86
1786724240|20260815001720|951.82
1786724245|20260815001725|951.82
1786724255|20260815001735|951.81
1786724260|20260815001740|951.88
1786724265|20260815001745|951.88
1786724270|20260815001750|951.91
1786724280|20260815001800|951.93
1786724285|20260815001805|951.83
1786724290|20260815001810|951.89
1786724295|20260815001815|951.81
1786724300|20260815001820|951.83
1786724305|20260815001825|951.87
1786724315|20260815001835|951.87
1786724330|20260815001850|951.74
1786724340|20260815001900|951.75
1786724350|20260815001910|951.79
1786724355|20260815001915|951.80
1786724360|20260815001920|951.82
1786724365|20260815001925|951.82
1786724390|20260815001950|951.73
1786724405|20260815002005|951.87
1786724410|20260815002010|951.99
1786724420|20260815002020|952.01
1786724425|20260815002025|952.01
1786724435|20260815002035|952.11
1786724440|20260815002040|952.12
1786724445|20260815002045|952.17
1786724450|20260815002050|952.17
1786724455|20260815002055|952.12
1786724460|20260815002100|952.15
1786724465|20260815002105|952.09
1786724470|20260815002110|952.05
1786724475|20260815002115|952.06
1786724480|20260815002120|952.05
1786724485|20260815002125|952.10
1786724495|20260815002135|952.09
1786724500|20260815002140|952.09
1786724505|20260815002145|952.09
1786724510|20260815002150|952.11
1786724515|20260815002155|952.16
1786724520|20260815002200|952.10
1786724525|20260815002205|952.08
1786724530|20260815002210|952.09
1786724535|20260815002215|951.94
1786724540|20260815002220|951.95
1786724545|20260815002225|951.93
1786724560|20260815002240|951.90
1786724565|20260815002245|951.91
1786724570|20260815002250|951.89
1786724575|20260815002255|951.89
1786724590|20260815002310|951.77
1786724595|20260815002315|951.70
1786724600|20260815002320|951.70
1786724615|20260815002335|951.72
1786724620|20260815002340|951.69
1786724640|20260815002400|951.68
1786724645|20260815002405|951.67
1786724650|20260815002410|951.68
1786724655|20260815002415|951.65
1786724660|20260815002420|951.67
1786724665|20260815002425|951.67
1786724700|20260815002500|951.49
1786724705|20260815002505|951.42
1786724710|20260815002510|951.39
1786724715|20260815002515|951.34
1786724720|20260815002520|951.40
1786724725|20260815002525|951.31
1786724735|20260815002535|951.23
1786724740|20260815002540|951.26
1786724745|20260815002545|951.18
1786724750|20260815002550|951.18
1786724755|20260815002555|951.12
1786724760|20260815002600|951.12
1786724770|20260815002610|951.09
1786724775|20260815002615|951.06
1786724780|20260815002620|951.10
1786724795|20260815002635|951.17
1786724800|20260815002640|951.09
1786724805|20260815002645|951.09
1786724810|20260815002650|951.08
1786724815|20260815002655|951.07
1786724820|20260815002700|950.99
1786724825|20260815002705|951.04
1786724830|20260815002710|951.02
1786724835|20260815002715|950.92
1786724840|20260815002720|950.92
1786724845|20260815002725|951.00
1786724860|20260815002740|951.02
1786724865|20260815002745|950.95
1786724875|20260815002755|951.03
1786724890|20260815002810|950.99
1786724900|20260815002820|951.00
1786724905|20260815002825|951.04
1786724920|20260815002840|951.00
1786724930|20260815002850|950.95
1786724935|20260815002855|950.95
1786724945|20260815002905|950.88
1786724950|20260815002910|950.89
1786724955|20260815002915|950.91
1786724960|20260815002920|951.04
1786724965|20260815002925|951.00
1786725000|20260815003000|951.01
1786725020|20260815003020|950.82
1786725025|20260815003025|950.84
1786725035|20260815003035|950.82
1786725040|20260815003040|950.86
1786725055|20260815003055|950.69
1786725070|20260815003110|950.84
1786725085|20260815003125|950.78
1786725100|20260815003140|950.54
1786725105|20260815003145|950.58
1786725110|20260815003150|950.60
1786725115|20260815003155|950.54
1786725125|20260815003205|950.45
1786725130|20260815003210|950.37
1786725145|20260815003225|950.25
1786725155|20260815003235|950.14
1786725165|20260815003245|949.99
1786725170|20260815003250|950.01
1786725175|20260815003255|950.01
1786725185|20260815003305|949.99
1786725195|20260815003315|949.65
1786725200|20260815003320|949.95
1786725205|20260815003325|949.45
1786725215|20260815003335|949.54
1786725225|20260815003345|950.06
1786725230|20260815003350|950.05
1786725235|20260815003355|950.01
1786725245|20260815003405|949.97
1786725250|20260815003410|950.00
1786725255|20260815003415|950.09
1786725260|20260815003420|950.08
1786725265|20260815003425|950.09
1786725305|20260815003505|950.19
1786725310|20260815003510|950.15
1786725315|20260815003515|950.10
1786725325|20260815003525|950.12
1786725340|20260815003540|950.33
1786725345|20260815003545|950.32
1786725355|20260815003555|950.33
1786725370|20260815003610|950.56
1786725375|20260815003615|950.73
1786725380|20260815003620|950.82
1786725385|20260815003625|950.76
1786725395|20260815003635|950.81
1786725400|20260815003640|950.76
1786725405|20260815003645|950.76
1786725425|20260815003705|950.71
1786725435|20260815003715|950.72
1786725440|20260815003720|950.67
1786725445|20260815003725|950.62
1786725455|20260815003735|950.66
1786725465|20260815003745|950.67
1786725475|20260815003755|950.66
1786725485|20260815003805|950.83
1786725490|20260815003810|950.73
1786725500|20260815003820|950.73
1786725505|20260815003825|950.73
1786725515|20260815003835|950.74
1786725520|20260815003840|950.76
1786725525|20260815003845|950.81
1786725530|20260815003850|950.90
1786725535|20260815003855|950.99
1786725545|20260815003905|951.23
1786725550|20260815003910|951.22
1786725560|20260815003920|951.27
1786725565|20260815003925|951.19
1786725575|20260815003935|951.22
1786725600|20260815004000|951.13
1786725605|20260815004005|951.18
1786725610|20260815004010|951.15
1786725615|20260815004015|951.09
1786725620|20260815004020|951.09
1786725625|20260815004025|951.00
1786725635|20260815004035|951.00
1786725640|20260815004040|950.97
1786725645|20260815004045|951.00
1786725650|20260815004050|950.94
1786725655|20260815004055|950.93
1786725665|20260815004105|950.95
1786725670|20260815004110|950.89
1786725675|20260815004115|950.89
1786725680|20260815004120|950.83
1786725685|20260815004125|950.77
1786725695|20260815004135|950.77
1786725700|20260815004140|950.60
1786725705|20260815004145|950.66
1786725710|20260815004150|950.74
1786725725|20260815004205|950.79
1786725735|20260815004215|950.95
1786725745|20260815004225|950.90
1786725755|20260815004235|950.88
1786725760|20260815004240|950.86
1786725765|20260815004245|950.90
1786725770|20260815004250|950.88
1786725775|20260815004255|950.84
1786725785|20260815004305|950.85
1786725790|20260815004310|950.81
1786725795|20260815004315|950.84
1786725800|20260815004320|950.86
1786725805|20260815004325|950.81
1786725815|20260815004335|950.82
1786725820|20260815004340|950.82
1786725830|20260815004350|950.76
1786725835|20260815004355|950.76
1786725845|20260815004405|950.73
1786725850|20260815004410|950.70
1786725855|20260815004415|950.73
1786725860|20260815004420|950.71
1786725865|20260815004425|950.67
1786725905|20260815004505|950.62
1786725910|20260815004510|950.70
1786725915|20260815004515|950.70
1786725920|20260815004520|950.67
1786725925|20260815004525|950.71
1786725935|20260815004535|950.71
1786725940|20260815004540|950.74
1786725945|20260815004545|950.76
1786725950|20260815004550|950.64
1786725955|20260815004555|950.66
1786725960|20260815004600|950.61
1786725965|20260815004605|950.63
1786725970|20260815004610|950.63
1786725975|20260815004615|950.57
1786725980|20260815004620|950.63
1786725985|20260815004625|950.70
1786726000|20260815004640|950.78
1786726005|20260815004645|950.79
1786726010|20260815004650|950.81
1786726015|20260815004655|950.80
1786726025|20260815004705|950.83
1786726030|20260815004710|950.74
1786726035|20260815004715|950.76
1786726040|20260815004720|950.75
1786726045|20260815004725|950.66
1786726055|20260815004735|950.62
1786726060|20260815004740|950.60
1786726065|20260815004745|950.62
1786726070|20260815004750|950.66
1786726075|20260815004755|950.74
1786726080|20260815004800|950.72
1786726090|20260815004810|950.75
1786726095|20260815004815|950.78
1786726100|20260815004820|950.76
1786726105|20260815004825|950.80
1786726115|20260815004835|950.82
1786726130|20260815004850|950.79
1786726140|20260815004900|950.80
1786726145|20260815004905|950.76
1786726150|20260815004910|950.77
1786726155|20260815004915|950.80
1786726160|20260815004920|950.80
1786726165|20260815004925|950.81
1786726190|20260815004950|950.88
1786726205|20260815005005|950.89
1786726210|20260815005010|950.84
1786726215|20260815005015|950.81
1786726220|20260815005020|950.65
1786726225|20260815005025|950.63
1786726235|20260815005035|950.60
1786726240|20260815005040|950.58
1786726245|20260815005045|950.58
1786726255|20260815005055|950.58
1786726260|20260815005100|950.65
1786726265|20260815005105|950.65
1786726270|20260815005110|950.68
1786726275|20260815005115|950.59
1786726280|20260815005120|950.63
1786726285|20260815005125|950.64
1786726295|20260815005135|950.67
1786726300|20260815005140|950.72
1786726305|20260815005145|950.70
1786726315|20260815005155|950.76
1786726320|20260815005200|950.80
1786726325|20260815005205|950.79
1786726330|20260815005210|950.76
1786726335|20260815005215|950.67
1786726340|20260815005220|950.69
1786726345|20260815005225|950.70
1786726355|20260815005235|950.76
1786726360|20260815005240|950.76
1786726365|20260815005245|950.75
1786726370|20260815005250|950.79
1786726375|20260815005255|950.73
1786726380|20260815005300|950.75
1786726390|20260815005310|950.78
1786726395|20260815005315|950.76
1786726400|20260815005320|950.87
1786726405|20260815005325|950.87
1786726415|20260815005335|950.97
1786726420|20260815005340|950.93
1786726430|20260815005350|950.81
1786726440|20260815005400|950.68
1786726445|20260815005405|950.68
1786726450|20260815005410|950.70
1786726455|20260815005415|950.69
1786726465|20260815005425|950.67
1786726500|20260815005500|950.77
1786726505|20260815005505|950.73
1786726510|20260815005510|950.68
1786726515|20260815005515|950.74
1786726520|20260815005520|950.76
1786726525|20260815005525|950.77
1786726535|20260815005535|950.69
1786726540|20260815005540|950.61
1786726545|20260815005545|950.65
1786726555|20260815005555|950.64
1786726560|20260815005600|950.61
1786726565|20260815005605|950.59
1786726575|20260815005615|950.58
1786726580|20260815005620|950.51
1786726585|20260815005625|950.44
1786726595|20260815005635|950.53
1786726600|20260815005640|950.51
1786726605|20260815005645|950.58
1786726610|20260815005650|950.59
1786726615|20260815005655|950.50
1786726620|20260815005700|950.55
1786726625|20260815005705|950.58
1786726635|20260815005715|950.52
1786726640|20260815005720|950.52
1786726645|20260815005725|950.55
1786726655|20260815005735|950.55
1786726660|20260815005740|950.53
1786726665|20260815005745|950.52
1786726670|20260815005750|950.53
1786726680|20260815005800|950.53
1786726685|20260815005805|950.56
1786726690|20260815005810|950.53
1786726695|20260815005815|950.51
1786726700|20260815005820|950.52
1786726705|20260815005825|950.49
1786726715|20260815005835|950.54
1786726725|20260815005845|950.53
1786726730|20260815005850|950.54
1786726745|20260815005905|950.53
1786726750|20260815005910|950.53
1786726755|20260815005915|950.55
1786726760|20260815005920|950.60
1786726765|20260815005925|950.63
1786726800|20260815010000|950.62
1786726805|20260815010005|950.64
1786726810|20260815010010|950.62
1786726815|20260815010015|950.61
1786726820|20260815010020|950.61
1786726825|20260815010025|950.61
1786726835|20260815010035|950.61
1786726840|20260815010040|950.62
1786726855|20260815010055|950.66
1786726865|20260815010105|950.65
1786726870|20260815010110|950.65
1786726875|20260815010115|950.61
1786726880|20260815010120|950.67
1786726885|20260815010125|950.64
1786726895|20260815010135|950.62
1786726900|20260815010140|950.43
1786726905|20260815010145|950.39
1786726915|20260815010155|950.38
1786726920|20260815010200|950.35
1786726925|20260815010205|950.29
1786726930|20260815010210|950.29
1786726940|20260815010220|950.07
1786726945|20260815010225|950.09
1786726955|20260815010235|950.08
1786726960|20260815010240|950.09
1786726970|20260815010250|950.07
1786726975|20260815010255|950.12
1786726980|20260815010300|950.07
1786726985|20260815010305|950.05
1786726990|20260815010310|950.10
1786726995|20260815010315|950.13
1786727000|20260815010320|950.20
1786727005|20260815010325|950.20
1786727020|20260815010340|950.16
1786727040|20260815010400|950.12
1786727045|20260815010405|950.11
1786727050|20260815010410|950.11
1786727055|20260815010415|950.11
1786727060|20260815010420|950.12
1786727100|20260815010500|950.08
1786727105|20260815010505|950.12
1786727110|20260815010510|950.14
1786727120|20260815010520|950.17
1786727125|20260815010525|950.21
1786727135|20260815010535|950.18
1786727140|20260815010540|950.17
1786727145|20260815010545|950.12
1786727150|20260815010550|950.05
1786727155|20260815010555|950.03
1786727160|20260815010600|949.99
1786727165|20260815010605|949.97
1786727195|20260815010635|949.92
1786727205|20260815010645|949.90
1786727210|20260815010650|949.88
1786727215|20260815010655|949.89
1786727225|20260815010705|949.80
1786727230|20260815010710|949.80
1786727235|20260815010715|949.74
1786727240|20260815010720|949.73
1786727245|20260815010725|949.68
1786727255|20260815010735|949.83
1786727260|20260815010740|949.81
1786727265|20260815010745|949.81
1786727270|20260815010750|949.86
1786727275|20260815010755|949.87
1786727280|20260815010800|949.84
1786727285|20260815010805|949.83
1786727295|20260815010815|949.71
1786727300|20260815010820|949.79
1786727305|20260815010825|949.80
1786727315|20260815010835|949.92
1786727325|20260815010845|949.94
1786727330|20260815010850|949.90
1786727340|20260815010900|949.90
1786727345|20260815010905|949.91
1786727350|20260815010910|949.87
1786727355|20260815010915|949.89
1786727360|20260815010920|949.88
1786727365|20260815010925|949.88
1786727405|20260815011005|949.77
1786727415|20260815011015|949.76
1786727420|20260815011020|949.80
1786727435|20260815011035|949.76
1786727455|20260815011055|949.83
1786727465|20260815011105|949.79
1786727470|20260815011110|949.81
1786727475|20260815011115|949.86
1786727480|20260815011120|949.83
1786727485|20260815011125|949.85
1786727495|20260815011135|949.84
1786727500|20260815011140|949.86
1786727505|20260815011145|949.86
1786727510|20260815011150|949.84
1786727515|20260815011155|949.74
1786727520|20260815011200|949.73
1786727525|20260815011205|949.66
1786727530|20260815011210|949.67
1786727535|20260815011215|949.63
1786727540|20260815011220|949.51
1786727545|20260815011225|949.62
1786727555|20260815011235|949.58
1786727560|20260815011240|949.58
1786727565|20260815011245|949.54
1786727570|20260815011250|949.55
1786727575|20260815011255|949.54
1786727590|20260815011310|949.54
1786727595|20260815011315|949.54
1786727600|20260815011320|949.58
1786727620|20260815011340|949.52
1786727625|20260815011345|949.53
1786727630|20260815011350|949.47
1786727635|20260815011355|949.51
1786727640|20260815011400|949.50
1786727645|20260815011405|949.55
1786727650|20260815011410|949.53
1786727655|20260815011415|949.52
1786727660|20260815011420|949.58
1786727700|20260815011500|949.86
1786727705|20260815011505|949.86
1786727710|20260815011510|949.90
1786727715|20260815011515|949.90
1786727720|20260815011520|949.94
1786727725|20260815011525|950.11
1786727740|20260815011540|950.11
1786727745|20260815011545|950.14
1786727750|20260815011550|950.26
1786727755|20260815011555|950.19
1786727765|20260815011605|950.34
1786727770|20260815011610|950.32
1786727780|20260815011620|950.37
1786727795|20260815011635|950.19
1786727800|20260815011640|950.16
1786727805|20260815011645|950.12
1786727810|20260815011650|949.97
1786727815|20260815011655|949.95
1786727825|20260815011705|949.90
1786727830|20260815011710|949.81
1786727840|20260815011720|949.86
1786727845|20260815011725|949.86
1786727855|20260815011735|949.83
1786727860|20260815011740|949.83
1786727865|20260815011745|949.84
1786727875|20260815011755|949.75
1786727885|20260815011805|949.79
1786727890|20260815011810|949.76
1786727895|20260815011815|949.76
1786727900|20260815011820|949.77
1786727905|20260815011825|949.78
1786727915|20260815011835|949.74
1786727920|20260815011840|949.80
1786727925|20260815011845|949.80
1786727930|20260815011850|949.88
1786727935|20260815011855|949.94
1786727940|20260815011900|949.80
1786727945|20260815011905|949.81
1786727950|20260815011910|949.75
1786727955|20260815011915|949.77
1786727960|20260815011920|949.84
1786727965|20260815011925|949.84
1786728005|20260815012005|949.69
1786728010|20260815012010|949.67
1786728015|20260815012015|949.69
1786728020|20260815012020|949.61
1786728025|20260815012025|949.40
1786728035|20260815012035|949.48
1786728040|20260815012040|949.51
1786728045|20260815012045|949.55
1786728050|20260815012050|949.76
1786728055|20260815012055|949.77
1786728060|20260815012100|949.81
1786728065|20260815012105|949.78
1786728070|20260815012110|949.74
1786728075|20260815012115|949.72
1786728080|20260815012120|949.72
1786728085|20260815012125|949.76
1786728095|20260815012135|949.83
1786728100|20260815012140|949.83
1786728105|20260815012145|949.86
1786728110|20260815012150|949.87
1786728125|20260815012205|949.78
1786728130|20260815012210|949.74
1786728135|20260815012215|949.79
1786728145|20260815012225|949.78
1786728155|20260815012235|949.74
1786728170|20260815012250|949.75
1786728175|20260815012255|949.74
1786728185|20260815012305|949.82
1786728190|20260815012310|949.83
1786728200|20260815012320|949.83
1786728205|20260815012325|949.81
1786728215|20260815012335|949.78
1786728220|20260815012340|949.75
1786728225|20260815012345|949.75
1786728230|20260815012350|949.75
1786728245|20260815012405|949.85
1786728250|20260815012410|949.84
1786728260|20260815012420|949.87
1786728265|20260815012425|949.83
1786728300|20260815012500|949.74
1786728305|20260815012505|949.77
1786728310|20260815012510|949.83
1786728315|20260815012515|949.83
1786728320|20260815012520|949.86
1786728325|20260815012525|949.83
1786728335|20260815012535|949.68
1786728340|20260815012540|949.68
1786728345|20260815012545|949.55
1786728350|20260815012550|949.55
1786728360|20260815012600|949.70
1786728370|20260815012610|949.71
1786728375|20260815012615|949.63
1786728385|20260815012625|949.61
1786728395|20260815012635|949.45
1786728400|20260815012640|949.44
1786728405|20260815012645|949.54
1786728410|20260815012650|949.58
1786728415|20260815012655|949.61
1786728420|20260815012700|949.61
1786728425|20260815012705|949.61
1786728430|20260815012710|949.59
1786728440|20260815012720|949.61
1786728445|20260815012725|949.61
1786728455|20260815012735|949.58
1786728460|20260815012740|949.45
1786728465|20260815012745|949.45
1786728470|20260815012750|949.38
1786728485|20260815012805|949.46
1786728490|20260815012810|949.42
1786728495|20260815012815|949.44
1786728500|20260815012820|949.43
1786728515|20260815012835|949.44
1786728520|20260815012840|949.46
1786728535|20260815012855|949.45
1786728545|20260815012905|949.47
1786728550|20260815012910|949.54
1786728555|20260815012915|949.32
1786728560|20260815012920|949.28
1786728565|20260815012925|949.26
1786728580|20260815012940|949.20
1786728595|20260815012955|949.25
1786728605|20260815013005|949.35
1786728610|20260815013010|949.37
1786728620|20260815013020|949.47
1786728625|20260815013025|949.66
1786728635|20260815013035|949.56
1786728640|20260815013040|949.63
1786728655|20260815013055|949.73
1786728660|20260815013100|949.68
1786728665|20260815013105|949.71
1786728670|20260815013110|949.74
1786728675|20260815013115|949.74
1786728680|20260815013120|949.86
1786728695|20260815013135|949.57
1786728700|20260815013140|949.70
1786728710|20260815013150|949.64
1786728715|20260815013155|949.65
1786728720|20260815013200|949.70
1786728730|20260815013210|949.72
1786728735|20260815013215|949.71
1786728740|20260815013220|949.70
1786728745|20260815013225|949.61
1786728755|20260815013235|949.59
1786728760|20260815013240|949.63
1786728765|20260815013245|949.58
1786728770|20260815013250|949.67
1786728775|20260815013255|949.64
1786728780|20260815013300|949.68
1786728785|20260815013305|949.64
1786728790|20260815013310|949.63
1786728795|20260815013315|949.72
1786728800|20260815013320|949.69
1786728825|20260815013345|949.60
1786728830|20260815013350|949.61
1786728835|20260815013355|949.60
1786728840|20260815013400|949.60
1786728845|20260815013405|949.60
1786728855|20260815013415|949.70
1786728860|20260815013420|949.68
1786728865|20260815013425|949.66
1786728900|20260815013500|949.87
1786728905|20260815013505|949.88
1786728910|20260815013510|949.81
1786728920|20260815013520|949.69
1786728925|20260815013525|949.64
1786728940|20260815013540|949.50
1786728945|20260815013545|949.56
1786728950|20260815013550|949.59
1786728955|20260815013555|949.50
1786728960|20260815013600|949.50
1786728965|20260815013605|949.54
1786728970|20260815013610|949.64
1786728975|20260815013615|949.63
1786728980|20260815013620|949.52
1786729000|20260815013640|949.47
1786729005|20260815013645|949.50
1786729015|20260815013655|949.55
1786729020|20260815013700|949.54
1786729025|20260815013705|949.46
1786729030|20260815013710|949.41
1786729035|20260815013715|949.42
1786729055|20260815013735|949.41
1786729070|20260815013750|949.41
1786729075|20260815013755|949.41
1786729080|20260815013800|949.38
1786729085|20260815013805|949.36
1786729090|20260815013810|949.39
1786729095|20260815013815|949.42
1786729100|20260815013820|949.42
1786729105|20260815013825|949.46
1786729120|20260815013840|949.39
1786729125|20260815013845|949.39
1786729130|20260815013850|949.36
1786729135|20260815013855|949.38
1786729140|20260815013900|949.40
1786729145|20260815013905|949.38
1786729150|20260815013910|949.39
1786729155|20260815013915|949.45
1786729160|20260815013920|949.43
1786729165|20260815013925|949.45
1786729200|20260815014000|949.24
1786729205|20260815014005|949.31
1786729210|20260815014010|949.29
1786729220|20260815014020|949.28
1786729225|20260815014025|949.43
1786729235|20260815014035|949.40
1786729240|20260815014040|949.38
1786729245|20260815014045|949.44
1786729250|20260815014050|949.47
1786729255|20260815014055|949.48
1786729260|20260815014100|949.48
1786729270|20260815014110|949.44
1786729275|20260815014115|949.45
1786729280|20260815014120|949.36
1786729285|20260815014125|949.36
1786729295|20260815014135|949.36
1786729300|20260815014140|949.36
1786729305|20260815014145|949.40
1786729310|20260815014150|949.40
1786729315|20260815014155|949.39
1786729325|20260815014205|949.40
1786729335|20260815014215|949.42
1786729340|20260815014220|949.37
1786729355|20260815014235|949.12
1786729365|20260815014245|949.04
1786729370|20260815014250|949.12
1786729375|20260815014255|949.09
1786729390|20260815014310|949.03
1786729395|20260815014315|949.02
1786729400|20260815014320|949.00
1786729405|20260815014325|949.03
1786729415|20260815014335|948.99
1786729420|20260815014340|948.99
1786729425|20260815014345|948.97
1786729430|20260815014350|948.89
1786729435|20260815014355|948.85
1786729440|20260815014400|948.77
1786729450|20260815014410|948.87
1786729455|20260815014415|948.90
1786729460|20260815014420|948.87
1786729465|20260815014425|948.92
1786729500|20260815014500|948.84
1786729510|20260815014510|948.77
1786729515|20260815014515|948.76
1786729520|20260815014520|948.76
1786729535|20260815014535|948.87
1786729540|20260815014540|948.85
1786729545|20260815014545|948.78
1786729550|20260815014550|948.76
1786729555|20260815014555|948.74
1786729560|20260815014600|948.65
1786729565|20260815014605|948.63
1786729570|20260815014610|948.62
1786729575|20260815014615|948.75
1786729580|20260815014620|948.72
1786729585|20260815014625|948.70
1786729605|20260815014645|948.82
1786729610|20260815014650|948.78
1786729620|20260815014700|948.78
1786729625|20260815014705|948.70
1786729630|20260815014710|948.73
1786729635|20260815014715|948.76
1786729640|20260815014720|948.72
1786729645|20260815014725|948.66
1786729655|20260815014735|948.65
1786729660|20260815014740|948.64
1786729665|20260815014745|948.62
1786729670|20260815014750|948.64
1786729675|20260815014755|948.59
1786729685|20260815014805|948.58
1786729690|20260815014810|948.61
1786729700|20260815014820|948.63
1786729705|20260815014825|948.62
1786729715|20260815014835|948.57
1786729720|20260815014840|948.61
1786729725|20260815014845|948.63
1786729730|20260815014850|948.66
1786729735|20260815014855|948.62
1786729755|20260815014915|948.64
1786729765|20260815014925|948.66
1786729800|20260815015000|948.61
1786729805|20260815015005|948.66
1786729810|20260815015010|948.61
1786729815|20260815015015|948.62
1786729820|20260815015020|948.69
1786729825|20260815015025|948.69
1786729835|20260815015035|948.62
1786729840|20260815015040|948.62
1786729845|20260815015045|948.60
1786729855|20260815015055|948.64
1786729865|20260815015105|948.68
1786729870|20260815015110|948.66
1786729875|20260815015115|948.63
1786729880|20260815015120|948.63
1786729885|20260815015125|948.72
1786729895|20260815015135|948.72
1786729900|20260815015140|948.71
1786729905|20260815015145|948.73
1786729910|20260815015150|948.66
1786729915|20260815015155|948.69
1786729925|20260815015205|948.67
1786729930|20260815015210|948.67
1786729935|20260815015215|948.71
1786729945|20260815015225|948.74
1786729955|20260815015235|948.96
1786729960|20260815015240|948.95
1786729965|20260815015245|949.00
1786729970|20260815015250|949.00
1786729975|20260815015255|949.01
1786729985|20260815015305|949.11
1786729990|20260815015310|949.12
1786729995|20260815015315|949.10
1786730000|20260815015320|949.11
1786730005|20260815015325|949.08
1786730015|20260815015335|949.10
1786730020|20260815015340|949.08
1786730025|20260815015345|949.07
1786730030|20260815015350|949.06
1786730035|20260815015355|949.00
1786730045|20260815015405|949.01
1786730050|20260815015410|949.06
1786730055|20260815015415|949.08
1786730060|20260815015420|949.04
1786730065|20260815015425|949.02
1786730105|20260815015505|948.96
1786730110|20260815015510|948.90
1786730115|20260815015515|949.00
1786730120|20260815015520|948.93
1786730125|20260815015525|948.93
1786730135|20260815015535|948.94
1786730140|20260815015540|948.94
1786730145|20260815015545|948.99
1786730150|20260815015550|948.99
1786730155|20260815015555|948.99
1786730165|20260815015605|948.98
1786730170|20260815015610|948.98
1786730175|20260815015615|948.94
1786730180|20260815015620|948.88
1786730195|20260815015635|948.90
1786730200|20260815015640|948.88
1786730205|20260815015645|948.88
1786730210|20260815015650|948.85
1786730215|20260815015655|948.81
1786730225|20260815015705|948.81
1786730230|20260815015710|948.80
1786730235|20260815015715|948.80
1786730240|20260815015720|948.81
1786730245|20260815015725|948.84
1786730255|20260815015735|948.82
1786730260|20260815015740|948.82
1786730265|20260815015745|948.84
1786730270|20260815015750|948.85
1786730275|20260815015755|948.85
1786730285|20260815015805|948.89
1786730290|20260815015810|948.83
1786730295|20260815015815|948.80
1786730300|20260815015820|948.86
1786730305|20260815015825|948.85
1786730315|20260815015835|948.84
1786730320|20260815015840|948.83
1786730325|20260815015845|948.81
1786730330|20260815015850|948.82
1786730335|20260815015855|948.77
1786730340|20260815015900|948.77
1786730345|20260815015905|948.73
1786730350|20260815015910|948.76
1786730355|20260815015915|948.78
1786730360|20260815015920|948.78
1786730365|20260815015925|948.84
1786730400|20260815020000|949.00
1786730425|20260815020025|949.00
1786730440|20260815020040|948.76
1786730445|20260815020045|948.78
1786730450|20260815020050|948.84
1786730455|20260815020055|948.81
1786730465|20260815020105|948.77
1786730475|20260815020115|948.76
1786730480|20260815020120|948.72
1786730485|20260815020125|948.73
1786730495|20260815020135|948.71
1786730500|20260815020140|948.70
1786730505|20260815020145|948.69
1786730515|20260815020155|948.65
1786730525|20260815020205|948.72
1786730530|20260815020210|948.73
1786730535|20260815020215|948.72
1786730540|20260815020220|948.74
1786730545|20260815020225|948.75
1786730555|20260815020235|948.74
1786730560|20260815020240|948.75
1786730565|20260815020245|948.84
1786730570|20260815020250|948.80
1786730575|20260815020255|948.74
1786730585|20260815020305|948.66
1786730590|20260815020310|948.89
1786730595|20260815020315|948.94
1786730600|20260815020320|948.95
1786730605|20260815020325|948.94
1786730615|20260815020335|948.99
1786730620|20260815020340|949.00
1786730625|20260815020345|949.00
1786730630|20260815020350|949.14
1786730635|20260815020355|949.20
1786730645|20260815020405|949.20
1786730650|20260815020410|949.46
1786730655|20260815020415|949.45
1786730660|20260815020420|949.41
1786730665|20260815020425|949.34
1786730705|20260815020505|949.65
1786730715|20260815020515|949.68
1786730720|20260815020520|949.69
1786730725|20260815020525|949.62
1786730735|20260815020535|949.53
1786730740|20260815020540|949.52
1786730750|20260815020550|949.52
1786730765|20260815020605|949.64
1786730780|20260815020620|949.63
1786730795|20260815020635|949.52
1786730800|20260815020640|949.58
1786730805|20260815020645|949.58
1786730810|20260815020650|949.59
1786730815|20260815020655|949.55
1786730825|20260815020705|949.47
1786730830|20260815020710|949.45
1786730835|20260815020715|949.37
1786730840|20260815020720|949.40
1786730855|20260815020735|949.25
1786730865|20260815020745|949.21
1786730885|20260815020805|949.36
1786730895|20260815020815|949.27
1786730905|20260815020825|949.24
1786730915|20260815020835|949.27
1786730920|20260815020840|949.33
1786730925|20260815020845|949.33
1786730930|20260815020850|949.36
1786730935|20260815020855|949.38
1786730945|20260815020905|949.27
1786730950|20260815020910|949.25
1786730955|20260815020915|949.31
1786730960|20260815020920|949.28
1786730965|20260815020925|949.30
1786731000|20260815021000|949.46
1786731005|20260815021005|949.33
1786731010|20260815021010|949.41
1786731015|20260815021015|949.35
1786731020|20260815021020|949.37
1786731025|20260815021025|949.31
1786731035|20260815021035|949.31
1786731040|20260815021040|949.34
1786731045|20260815021045|949.26
1786731050|20260815021050|949.29
1786731055|20260815021055|949.32
1786731065|20260815021105|949.27
1786731070|20260815021110|949.11
1786731080|20260815021120|949.06
1786731085|20260815021125|949.03
1786731100|20260815021140|949.10
1786731105|20260815021145|949.22
1786731110|20260815021150|949.25
1786731125|20260815021205|949.19
1786731130|20260815021210|949.08
1786731135|20260815021215|949.12
1786731140|20260815021220|949.12
1786731145|20260815021225|949.03
1786731155|20260815021235|949.01
1786731160|20260815021240|949.02
1786731165|20260815021245|949.03
1786731170|20260815021250|948.95
1786731175|20260815021255|949.03
1786731185|20260815021305|949.04
1786731190|20260815021310|949.04
1786731195|20260815021315|949.04
1786731200|20260815021320|948.92
1786731205|20260815021325|948.89
1786731215|20260815021335|948.78
1786731220|20260815021340|948.79
1786731225|20260815021345|948.80
1786731230|20260815021350|948.85
1786731235|20260815021355|948.85
1786731245|20260815021405|948.99
1786731250|20260815021410|948.90
1786731255|20260815021415|948.93
1786731260|20260815021420|948.91
1786731265|20260815021425|948.89
1786731275|20260815021435|948.90
1786731305|20260815021505|948.90
1786731310|20260815021510|948.89
1786731315|20260815021515|948.98
1786731320|20260815021520|949.01
1786731325|20260815021525|948.97
1786731335|20260815021535|949.03
1786731340|20260815021540|949.04
1786731345|20260815021545|948.99
1786731350|20260815021550|948.97
1786731355|20260815021555|949.00
1786731365|20260815021605|949.02
1786731370|20260815021610|949.02
1786731375|20260815021615|948.97
1786731385|20260815021625|948.88
1786731395|20260815021635|948.97
1786731400|20260815021640|948.92
1786731405|20260815021645|948.93
1786731410|20260815021650|948.93
1786731415|20260815021655|948.88
1786731425|20260815021705|948.95
1786731430|20260815021710|949.01
1786731435|20260815021715|949.00
1786731440|20260815021720|949.02
1786731445|20260815021725|949.10
1786731455|20260815021735|949.14
1786731460|20260815021740|949.16
1786731465|20260815021745|949.19
1786731470|20260815021750|949.20
1786731475|20260815021755|949.18
1786731485|20260815021805|949.12
1786731490|20260815021810|949.09
1786731495|20260815021815|949.07
1786731500|20260815021820|949.08
1786731515|20260815021835|949.12
1786731520|20260815021840|949.05
1786731525|20260815021845|949.04
1786731530|20260815021850|949.03
1786731535|20260815021855|949.12
1786731545|20260815021905|949.07
1786731550|20260815021910|949.14
1786731555|20260815021915|949.26
1786731560|20260815021920|949.23
1786731565|20260815021925|949.24
1786731590|20260815021950|949.20
1786731600|20260815022000|949.24
1786731605|20260815022005|949.18
1786731615|20260815022015|949.10
1786731620|20260815022020|949.20
1786731625|20260815022025|949.27
1786731635|20260815022035|949.32
1786731640|20260815022040|949.32
1786731645|20260815022045|949.26
1786731650|20260815022050|949.26
1786731655|20260815022055|949.25
1786731660|20260815022100|949.25
1786731665|20260815022105|949.28
1786731670|20260815022110|949.35
1786731675|20260815022115|949.34
1786731680|20260815022120|949.36
1786731685|20260815022125|949.48
1786731695|20260815022135|949.55
1786731700|20260815022140|949.49
1786731715|20260815022155|949.53
1786731725|20260815022205|949.38
1786731730|20260815022210|949.45
1786731735|20260815022215|949.43
1786731740|20260815022220|949.44
1786731755|20260815022235|949.41
1786731760|20260815022240|949.43
1786731765|20260815022245|949.40
1786731770|20260815022250|949.43
1786731775|20260815022255|949.43
1786731785|20260815022305|949.33
1786731790|20260815022310|949.32
1786731795|20260815022315|949.33
1786731800|20260815022320|949.35
1786731805|20260815022325|949.36
1786731815|20260815022335|949.37
1786731820|20260815022340|949.37
1786731825|20260815022345|949.37
1786731835|20260815022355|949.36
1786731845|20260815022405|949.36
1786731850|20260815022410|949.37
1786731865|20260815022425|949.35
1786731880|20260815022440|949.33
1786731905|20260815022505|949.40
1786731910|20260815022510|949.42
1786731915|20260815022515|949.41
1786731920|20260815022520|949.51
1786731925|20260815022525|949.50
1786731935|20260815022535|949.44
1786731940|20260815022540|949.45
1786731945|20260815022545|949.46
1786731950|20260815022550|949.46
1786731965|20260815022605|949.43
1786731970|20260815022610|949.42
1786731975|20260815022615|949.45
1786731980|20260815022620|949.42
1786731985|20260815022625|949.42
1786731995|20260815022635|949.43
1786732000|20260815022640|949.43
1786732005|20260815022645|949.42
1786732010|20260815022650|949.41
1786732015|20260815022655|949.40
1786732025|20260815022705|949.41
1786732030|20260815022710|949.54
1786732035|20260815022715|949.54
1786732040|20260815022720|949.51
1786732055|20260815022735|949.46
1786732060|20260815022740|949.47
1786732065|20260815022745|949.44
1786732070|20260815022750|949.43
1786732075|20260815022755|949.36
1786732080|20260815022800|949.36
1786732085|20260815022805|949.36
1786732090|20260815022810|949.32
1786732095|20260815022815|949.27
1786732100|20260815022820|949.30
1786732115|20260815022835|949.26
1786732120|20260815022840|949.24
1786732125|20260815022845|949.25
1786732130|20260815022850|949.26
1786732140|20260815022900|949.21
1786732145|20260815022905|949.19
1786732155|20260815022915|949.06
1786732160|20260815022920|949.10
1786732165|20260815022925|949.08
1786732205|20260815023005|949.36
1786732210|20260815023010|949.41
1786732215|20260815023015|949.36
1786732220|20260815023020|949.35
1786732225|20260815023025|949.30
1786732235|20260815023035|949.34
1786732240|20260815023040|949.34
1786732245|20260815023045|949.39
1786732250|20260815023050|949.35
1786732255|20260815023055|949.35
1786732265|20260815023105|949.31
1786732270|20260815023110|949.32
1786732275|20260815023115|949.36
1786732280|20260815023120|949.35
1786732285|20260815023125|949.30
1786732295|20260815023135|949.17
1786732305|20260815023145|949.18
1786732310|20260815023150|949.19
1786732315|20260815023155|949.19
1786732320|20260815023200|949.16
1786732325|20260815023205|949.01
1786732330|20260815023210|949.11
1786732335|20260815023215|948.96
1786732340|20260815023220|948.97
1786732345|20260815023225|948.99
1786732355|20260815023235|948.95
1786732360|20260815023240|948.98
1786732365|20260815023245|948.98
1786732370|20260815023250|949.01
1786732375|20260815023255|949.05
1786732380|20260815023300|949.08
1786732385|20260815023305|949.05
1786732400|20260815023320|949.03
1786732405|20260815023325|949.06
1786732415|20260815023335|949.05
1786732420|20260815023340|949.05
1786732425|20260815023345|949.05
1786732430|20260815023350|949.08
1786732440|20260815023400|949.13
1786732445|20260815023405|949.07
1786732450|20260815023410|949.09
1786732455|20260815023415|949.08
1786732460|20260815023420|949.06
1786732465|20260815023425|949.06
1786732500|20260815023500|949.12
1786732505|20260815023505|949.13
1786732510|20260815023510|949.14
1786732515|20260815023515|949.16
1786732520|20260815023520|949.14
1786732525|20260815023525|949.14
1786732535|20260815023535|949.19
1786732560|20260815023600|949.16
1786732570|20260815023610|949.26
1786732575|20260815023615|949.26
1786732580|20260815023620|949.16
1786732585|20260815023625|949.18
1786732595|20260815023635|949.21
1786732600|20260815023640|949.25
1786732605|20260815023645|949.23
1786732610|20260815023650|949.26
1786732615|20260815023655|949.30
1786732620|20260815023700|949.46
1786732625|20260815023705|949.46
1786732630|20260815023710|949.48
1786732635|20260815023715|949.42
1786732640|20260815023720|949.47
1786732645|20260815023725|949.41
1786732655|20260815023735|949.37
1786732660|20260815023740|949.40
1786732665|20260815023745|949.44
1786732670|20260815023750|949.43
1786732680|20260815023800|949.48
1786732685|20260815023805|949.50
1786732690|20260815023810|949.49
1786732695|20260815023815|949.58
1786732700|20260815023820|949.69
1786732705|20260815023825|949.63
1786732715|20260815023835|949.78
1786732725|20260815023845|949.76
1786732735|20260815023855|949.81
1786732745|20260815023905|949.82
1786732750|20260815023910|949.81
1786732755|20260815023915|949.85
1786732760|20260815023920|949.87
1786732810|20260815024010|950.04
1786732815|20260815024015|950.06
1786732820|20260815024020|950.07
1786732825|20260815024025|949.98
1786732835|20260815024035|950.02
1786732845|20260815024045|950.02
1786732855|20260815024055|950.05
1786732860|20260815024100|949.99
1786732865|20260815024105|949.98
1786732875|20260815024115|949.85
1786732880|20260815024120|949.85
1786732895|20260815024135|949.85
1786732900|20260815024140|949.85
1786732905|20260815024145|949.88
1786732925|20260815024205|949.84
1786732935|20260815024215|949.83
1786732955|20260815024235|949.71
1786732960|20260815024240|949.75
1786732965|20260815024245|949.70
1786732970|20260815024250|949.69
1786732980|20260815024300|949.79
1786732985|20260815024305|949.86
1786732990|20260815024310|949.90
1786732995|20260815024315|949.90
1786733000|20260815024320|949.92
1786733005|20260815024325|949.93
1786733020|20260815024340|949.80
1786733025|20260815024345|949.82
1786733030|20260815024350|949.55
1786733045|20260815024405|949.34
1786733050|20260815024410|949.29
1786733060|20260815024420|949.27
1786733065|20260815024425|949.16
1786733100|20260815024500|948.80
1786733105|20260815024505|948.80
1786733110|20260815024510|948.80
1786733120|20260815024520|948.82
1786733125|20260815024525|948.81
1786733135|20260815024535|947.91
1786733140|20260815024540|947.94
1786733145|20260815024545|947.59
1786733155|20260815024555|947.87
1786733165|20260815024605|948.02
1786733170|20260815024610|947.96
1786733175|20260815024615|947.93
1786733185|20260815024625|947.90
1786733195|20260815024635|947.95
1786733200|20260815024640|948.00
1786733205|20260815024645|948.07
1786733210|20260815024650|948.20
1786733215|20260815024655|948.28
1786733225|20260815024705|948.24
1786733230|20260815024710|948.30
1786733235|20260815024715|948.33
1786733240|20260815024720|948.32
1786733245|20260815024725|948.29
1786733265|20260815024745|948.21
1786733270|20260815024750|948.18
1786733285|20260815024805|948.26
1786733290|20260815024810|948.24
1786733295|20260815024815|948.25
1786733305|20260815024825|948.22
1786733325|20260815024845|948.32
1786733330|20260815024850|948.31
1786733335|20260815024855|948.37
1786733345|20260815024905|948.36
1786733355|20260815024915|948.32
1786733360|20260815024920|948.33
1786733365|20260815024925|948.30
1786733400|20260815025000|948.22
1786733405|20260815025005|948.21
1786733410|20260815025010|948.20
1786733415|20260815025015|948.24
1786733425|20260815025025|948.27
1786733435|20260815025035|948.24
1786733440|20260815025040|948.20
1786733445|20260815025045|948.25
1786733450|20260815025050|948.24
1786733455|20260815025055|948.22
1786733465|20260815025105|948.16
1786733470|20260815025110|948.08
1786733475|20260815025115|948.15
1786733480|20260815025120|948.16
1786733485|20260815025125|948.18
1786733500|20260815025140|948.16
1786733505|20260815025145|948.18
1786733510|20260815025150|948.18
1786733515|20260815025155|948.18
1786733525|20260815025205|948.23
1786733530|20260815025210|948.23
1786733535|20260815025215|948.22
1786733540|20260815025220|948.22
1786733545|20260815025225|948.22
1786733555|20260815025235|948.30
1786733560|20260815025240|948.29
1786733570|20260815025250|948.38
1786733575|20260815025255|948.39
1786733585|20260815025305|948.39
1786733590|20260815025310|948.41
1786733595|20260815025315|948.52
1786733600|20260815025320|948.51
1786733605|20260815025325|948.50
1786733620|20260815025340|948.51
1786733625|20260815025345|948.54
1786733630|20260815025350|948.34
1786733635|20260815025355|948.38
1786733645|20260815025405|948.20
1786733650|20260815025410|948.17
1786733655|20260815025415|948.20
1786733660|20260815025420|948.19
1786733665|20260815025425|948.19
1786733705|20260815025505|948.05
1786733710|20260815025510|948.07
1786733715|20260815025515|948.12
1786733720|20260815025520|948.14
1786733725|20260815025525|948.14
1786733735|20260815025535|948.16
1786733740|20260815025540|948.15
1786733745|20260815025545|948.12
1786733750|20260815025550|948.12
1786733755|20260815025555|948.10
1786733765|20260815025605|948.03
1786733770|20260815025610|948.08
1786733780|20260815025620|948.08
1786733785|20260815025625|948.11
1786733795|20260815025635|948.07
1786733800|20260815025640|948.09
1786733805|20260815025645|948.15
1786733810|20260815025650|948.16
1786733825|20260815025705|948.21
1786733830|20260815025710|948.16
1786733835|20260815025715|948.14
1786733840|20260815025720|948.18
1786733845|20260815025725|948.18
1786733855|20260815025735|948.24
1786733860|20260815025740|948.00
1786733865|20260815025745|948.00
1786733870|20260815025750|948.06
1786733875|20260815025755|948.09
1786733885|20260815025805|948.10
1786733890|20260815025810|948.08
1786733895|20260815025815|948.07
1786733900|20260815025820|948.06
1786733905|20260815025825|948.06
1786733915|20260815025835|948.06
1786733920|20260815025840|948.06
1786733925|20260815025845|948.00
1786733930|20260815025850|947.99
1786733935|20260815025855|947.99
1786733945|20260815025905|947.99
1786733950|20260815025910|948.01
1786733955|20260815025915|948.00
1786733960|20260815025920|948.00
1786733965|20260815025925|948.03
1786733990|20260815025950|948.03
1786734000|20260815030000|948.07
1786734005|20260815030005|947.97
1786734010|20260815030010|948.04
1786734015|20260815030015|948.04
1786734020|20260815030020|948.07
1786734025|20260815030025|948.08
1786734035|20260815030035|947.96
1786734040|20260815030040|948.01
1786734045|20260815030045|947.97
1786734050|20260815030050|947.98
1786734055|20260815030055|947.95
1786734065|20260815030105|947.92
1786734070|20260815030110|947.93
1786734075|20260815030115|947.98
1786734080|20260815030120|947.99
1786734085|20260815030125|948.03
1786734095|20260815030135|947.97
1786734100|20260815030140|948.00
1786734105|20260815030145|948.01
1786734110|20260815030150|948.00
1786734115|20260815030155|948.01
1786734125|20260815030205|948.00
1786734130|20260815030210|947.97
1786734135|20260815030215|947.98
1786734140|20260815030220|948.04
1786734145|20260815030225|948.12
1786734155|20260815030235|948.13
1786734160|20260815030240|948.02
1786734165|20260815030245|948.04
1786734170|20260815030250|948.07
1786734175|20260815030255|948.05
1786734185|20260815030305|948.00
1786734190|20260815030310|948.00
1786734195|20260815030315|948.03
1786734200|20260815030320|948.01
1786734205|20260815030325|948.00
1786734215|20260815030335|948.05
1786734220|20260815030340|948.04
1786734230|20260815030350|947.97
1786734235|20260815030355|947.98
1786734240|20260815030400|947.99
1786734245|20260815030405|947.99
1786734250|20260815030410|947.95
1786734255|20260815030415|947.95
1786734260|20260815030420|947.95
1786734265|20260815030425|947.99
1786734295|20260815030455|947.93
1786734305|20260815030505|947.96
1786734310|20260815030510|947.95
1786734315|20260815030515|947.95
1786734320|20260815030520|947.91
1786734325|20260815030525|947.91
1786734335|20260815030535|947.91
1786734340|20260815030540|947.90
1786734345|20260815030545|947.89
1786734350|20260815030550|947.91
1786734355|20260815030555|947.90
1786734370|20260815030610|948.01
1786734375|20260815030615|948.01
1786734380|20260815030620|948.01
1786734385|20260815030625|947.89
1786734395|20260815030635|947.88
1786734400|20260815030640|947.99
1786734405|20260815030645|948.04
1786734410|20260815030650|948.09
1786734415|20260815030655|948.25
1786734425|20260815030705|948.28
1786734430|20260815030710|948.31
1786734435|20260815030715|948.26
1786734440|20260815030720|948.22
1786734445|20260815030725|948.20
1786734455|20260815030735|948.20
1786734460|20260815030740|948.19
1786734465|20260815030745|948.19
1786734470|20260815030750|948.17
1786734475|20260815030755|948.13
1786734480|20260815030800|948.13
1786734485|20260815030805|948.13
1786734490|20260815030810|948.10
1786734495|20260815030815|948.09
1786734500|20260815030820|948.10
1786734505|20260815030825|948.09
1786734515|20260815030835|948.26
1786734520|20260815030840|948.35
1786734525|20260815030845|948.35
1786734535|20260815030855|948.35
1786734545|20260815030905|948.41
1786734555|20260815030915|948.49
1786734560|20260815030920|948.50
1786734565|20260815030925|948.59
1786734605|20260815031005|948.71
1786734610|20260815031010|948.71
1786734615|20260815031015|948.71
1786734620|20260815031020|948.67
1786734625|20260815031025|948.71
1786734635|20260815031035|948.64
1786734640|20260815031040|948.64
1786734655|20260815031055|948.65
1786734665|20260815031105|948.61
1786734675|20260815031115|948.66
1786734680|20260815031120|948.67
1786734685|20260815031125|948.75
1786734695|20260815031135|948.81
1786734700|20260815031140|948.84
1786734710|20260815031150|948.83
1786734715|20260815031155|948.82
1786734730|20260815031210|948.79
1786734740|20260815031220|948.79
1786734745|20260815031225|948.84
1786734760|20260815031240|948.82
1786734765|20260815031245|948.84
1786734770|20260815031250|948.84
1786734780|20260815031300|948.87
1786734785|20260815031305|948.84
1786734790|20260815031310|948.82
1786734805|20260815031325|948.80
1786734825|20260815031345|948.79
1786734835|20260815031355|948.78
1786734840|20260815031400|948.77
1786734845|20260815031405|948.77
1786734850|20260815031410|948.76
1786734855|20260815031415|948.77
1786734860|20260815031420|948.78
1786734865|20260815031425|948.77
1786734880|20260815031440|948.69
1786734900|20260815031500|948.63
1786734905|20260815031505|948.56
1786734915|20260815031515|948.63
1786734920|20260815031520|948.62
1786734935|20260815031535|948.71
1786734940|20260815031540|948.71
1786734950|20260815031550|948.73
1786734955|20260815031555|948.71
1786734960|20260815031600|948.68
1786734965|20260815031605|948.67
1786734975|20260815031615|948.43
1786734980|20260815031620|948.37
1786734985|20260815031625|948.33
1786734995|20260815031635|948.50
1786735005|20260815031645|948.47
1786735010|20260815031650|948.46
1786735025|20260815031705|948.52
1786735035|20260815031715|948.46
1786735040|20260815031720|948.46
1786735055|20260815031735|948.45
1786735065|20260815031745|948.41
1786735075|20260815031755|948.52
1786735085|20260815031805|948.54
1786735090|20260815031810|948.50
1786735095|20260815031815|948.54
1786735100|20260815031820|948.53
1786735120|20260815031840|948.50
1786735125|20260815031845|948.50
1786735130|20260815031850|948.51
1786735150|20260815031910|948.52
1786735155|20260815031915|948.52
1786735160|20260815031920|948.47
1786735165|20260815031925|948.51
1786735205|20260815032005|948.45
1786735210|20260815032010|948.45
1786735215|20260815032015|948.46
1786735220|20260815032020|948.48
1786735225|20260815032025|948.48
1786735240|20260815032040|948.51
1786735245|20260815032045|948.56
1786735255|20260815032055|948.58
1786735260|20260815032100|948.56
1786735265|20260815032105|948.57
1786735275|20260815032115|948.67
1786735280|20260815032120|948.66
1786735285|20260815032125|948.68
1786735295|20260815032135|948.82
1786735300|20260815032140|948.83
1786735305|20260815032145|948.83
1786735310|20260815032150|948.83
1786735315|20260815032155|948.68
1786735325|20260815032205|948.71
1786735330|20260815032210|948.70
1786735335|20260815032215|948.73
1786735340|20260815032220|948.73
1786735345|20260815032225|948.67
1786735360|20260815032240|948.72
1786735365|20260815032245|948.71
1786735425|20260815032345|948.71
