1787068800|20260819000000|946.45
1787068805|20260819000005|946.75
1787068815|20260819000015|946.67
1787068835|20260819000035|946.77
1787068840|20260819000040|946.80
1787068845|20260819000045|946.85
1787068850|20260819000050|946.86
1787068855|20260819000055|946.97
1787068865|20260819000105|946.96
1787068875|20260819000115|946.93
1787068880|20260819000120|946.86
1787068885|20260819000125|946.95
1787068900|20260819000140|947.03
1787068905|20260819000145|947.18
1787068910|20260819000150|947.17
1787068915|20260819000155|947.18
1787068925|20260819000205|946.98
1787068930|20260819000210|947.11
1787068935|20260819000215|947.15
1787068945|20260819000225|947.13
1787068955|20260819000235|947.13
1787068960|20260819000240|947.14
1787068965|20260819000245|947.16
1787068970|20260819000250|947.19
1787068975|20260819000255|947.04
1787068985|20260819000305|947.06
1787068990|20260819000310|947.04
1787068995|20260819000315|947.03
1787069000|20260819000320|947.04
1787069020|20260819000340|947.34
1787069025|20260819000345|947.30
1787069030|20260819000350|947.31
1787069035|20260819000355|947.24
1787069045|20260819000405|947.19
1787069050|20260819000410|947.25
1787069055|20260819000415|947.33
1787069060|20260819000420|947.29
1787069065|20260819000425|947.33
1787069105|20260819000505|947.16
1787069110|20260819000510|947.11
1787069115|20260819000515|947.00
1787069120|20260819000520|947.06
1787069125|20260819000525|947.05
1787069135|20260819000535|947.23
1787069140|20260819000540|947.25
1787069150|20260819000550|947.18
1787069155|20260819000555|947.24
1787069165|20260819000605|947.37
1787069170|20260819000610|947.40
1787069185|20260819000625|947.27
1787069195|20260819000635|947.21
1787069200|20260819000640|947.17
1787069210|20260819000650|947.13
1787069215|20260819000655|947.14
1787069225|20260819000705|947.04
1787069230|20260819000710|947.04
1787069235|20260819000715|946.96
1787069240|20260819000720|946.95
1787069245|20260819000725|947.02
1787069260|20260819000740|947.08
1787069265|20260819000745|947.08
1787069270|20260819000750|946.85
1787069275|20260819000755|947.04
1787069285|20260819000805|947.06
1787069290|20260819000810|947.08
1787069295|20260819000815|947.05
1787069300|20260819000820|947.12
1787069305|20260819000825|947.19
1787069315|20260819000835|947.14
1787069320|20260819000840|947.35
1787069325|20260819000845|947.49
1787069330|20260819000850|947.39
1787069335|20260819000855|947.40
1787069345|20260819000905|947.36
1787069350|20260819000910|947.82
1787069355|20260819000915|947.75
1787069360|20260819000920|947.71
1787069365|20260819000925|947.74
1787069400|20260819001000|947.88
1787069405|20260819001005|947.92
1787069410|20260819001010|947.91
1787069415|20260819001015|947.76
1787069420|20260819001020|947.71
1787069425|20260819001025|947.72
1787069435|20260819001035|947.56
1787069440|20260819001040|947.48
1787069445|20260819001045|947.49
1787069455|20260819001055|947.47
1787069465|20260819001105|947.47
1787069470|20260819001110|947.38
1787069475|20260819001115|947.41
1787069480|20260819001120|947.50
1787069495|20260819001135|947.46
1787069500|20260819001140|947.52
1787069505|20260819001145|947.62
1787069515|20260819001155|947.61
1787069530|20260819001210|947.54
1787069535|20260819001215|947.51
1787069540|20260819001220|947.52
1787069545|20260819001225|947.56
1787069555|20260819001235|947.55
1787069560|20260819001240|947.56
1787069565|20260819001245|947.50
1787069570|20260819001250|947.36
1787069575|20260819001255|947.37
1787069585|20260819001305|947.53
1787069590|20260819001310|947.52
1787069595|20260819001315|947.53
1787069600|20260819001320|947.53
1787069605|20260819001325|947.54
1787069615|20260819001335|947.46
1787069620|20260819001340|947.52
1787069625|20260819001345|947.50
1787069630|20260819001350|947.50
1787069635|20260819001355|947.34
1787069645|20260819001405|947.32
1787069650|20260819001410|947.27
1787069655|20260819001415|947.26
1787069660|20260819001420|947.23
1787069665|20260819001425|947.22
1787069705|20260819001505|947.09
1787069710|20260819001510|947.19
1787069715|20260819001515|947.19
1787069720|20260819001520|947.15
1787069725|20260819001525|947.04
1787069735|20260819001535|947.03
1787069740|20260819001540|946.99
1787069750|20260819001550|947.04
1787069765|20260819001605|946.78
1787069770|20260819001610|946.85
1787069775|20260819001615|946.84
1787069780|20260819001620|946.79
1787069785|20260819001625|946.78
1787069795|20260819001635|946.85
1787069800|20260819001640|946.88
1787069810|20260819001650|946.85
1787069815|20260819001655|946.85
1787069820|20260819001700|946.86
1787069825|20260819001705|946.86
1787069830|20260819001710|946.76
1787069835|20260819001715|946.81
1787069840|20260819001720|946.61
1787069845|20260819001725|946.47
1787069855|20260819001735|946.61
1787069860|20260819001740|946.53
1787069865|20260819001745|946.52
1787069870|20260819001750|946.66
1787069875|20260819001755|946.70
1787069885|20260819001805|946.66
1787069890|20260819001810|946.59
1787069895|20260819001815|946.58
1787069900|20260819001820|946.60
1787069905|20260819001825|946.60
1787069915|20260819001835|946.59
1787069920|20260819001840|946.57
1787069925|20260819001845|946.49
1787069935|20260819001855|946.50
1787069945|20260819001905|946.50
1787069950|20260819001910|946.53
1787069955|20260819001915|946.49
1787069960|20260819001920|946.48
1787069965|20260819001925|946.46
1787070000|20260819002000|946.72
1787070005|20260819002005|947.08
1787070010|20260819002010|947.08
1787070020|20260819002020|947.30
1787070025|20260819002025|947.27
1787070035|20260819002035|947.39
1787070040|20260819002040|947.33
1787070045|20260819002045|947.46
1787070050|20260819002050|947.48
1787070055|20260819002055|947.43
1787070065|20260819002105|947.40
1787070095|20260819002135|947.27
1787070100|20260819002140|947.30
1787070105|20260819002145|947.27
1787070115|20260819002155|947.41
1787070135|20260819002215|947.33
1787070140|20260819002220|947.22
1787070145|20260819002225|947.12
1787070155|20260819002235|947.08
1787070160|20260819002240|947.18
1787070165|20260819002245|947.15
1787070170|20260819002250|947.14
1787070175|20260819002255|947.10
1787070185|20260819002305|947.12
1787070190|20260819002310|947.07
1787070195|20260819002315|947.03
1787070200|20260819002320|947.07
1787070205|20260819002325|946.95
1787070215|20260819002335|946.95
1787070220|20260819002340|946.91
1787070225|20260819002345|947.11
1787070230|20260819002350|947.15
1787070235|20260819002355|947.08
1787070240|20260819002400|947.09
1787070245|20260819002405|947.10
1787070250|20260819002410|947.07
1787070255|20260819002415|947.05
1787070260|20260819002420|947.06
1787070280|20260819002440|947.17
1787070300|20260819002500|947.16
1787070305|20260819002505|947.15
1787070310|20260819002510|947.17
1787070315|20260819002515|947.21
1787070320|20260819002520|947.20
1787070325|20260819002525|947.29
1787070340|20260819002540|947.34
1787070345|20260819002545|947.35
1787070350|20260819002550|947.29
1787070355|20260819002555|947.34
1787070365|20260819002605|947.33
1787070370|20260819002610|947.32
1787070375|20260819002615|947.28
1787070380|20260819002620|947.33
1787070385|20260819002625|947.21
1787070395|20260819002635|947.19
1787070400|20260819002640|947.18
1787070405|20260819002645|947.08
1787070410|20260819002650|947.04
1787070415|20260819002655|946.98
1787070425|20260819002705|946.78
1787070430|20260819002710|946.76
1787070440|20260819002720|946.86
1787070445|20260819002725|946.75
1787070455|20260819002735|946.70
1787070460|20260819002740|946.69
1787070475|20260819002755|946.58
1787070485|20260819002805|946.48
1787070490|20260819002810|946.29
1787070495|20260819002815|946.31
1787070500|20260819002820|946.33
1787070505|20260819002825|946.31
1787070520|20260819002840|946.30
1787070530|20260819002850|946.23
1787070535|20260819002855|946.21
1787070545|20260819002905|946.24
1787070550|20260819002910|946.21
1787070555|20260819002915|946.19
1787070560|20260819002920|946.37
1787070565|20260819002925|946.35
1787070605|20260819003005|946.35
1787070610|20260819003010|946.39
1787070620|20260819003020|946.42
1787070625|20260819003025|946.43
1787070635|20260819003035|946.69
1787070640|20260819003040|946.68
1787070645|20260819003045|946.80
1787070650|20260819003050|946.72
1787070655|20260819003055|946.74
1787070665|20260819003105|946.74
1787070670|20260819003110|946.73
1787070675|20260819003115|946.81
1787070680|20260819003120|946.83
1787070685|20260819003125|946.75
1787070695|20260819003135|946.53
1787070700|20260819003140|946.55
1787070710|20260819003150|946.40
1787070715|20260819003155|946.35
1787070725|20260819003205|946.27
1787070730|20260819003210|946.26
1787070735|20260819003215|946.17
1787070740|20260819003220|946.17
1787070745|20260819003225|946.29
1787070755|20260819003235|946.28
1787070760|20260819003240|946.26
1787070770|20260819003250|946.31
1787070775|20260819003255|946.38
1787070785|20260819003305|946.36
1787070795|20260819003315|946.46
1787070800|20260819003320|946.33
1787070805|20260819003325|946.30
1787070825|20260819003345|946.22
1787070830|20260819003350|946.36
1787070835|20260819003355|946.36
1787070845|20260819003405|946.29
1787070850|20260819003410|946.25
1787070860|20260819003420|946.37
1787070865|20260819003425|946.43
1787070905|20260819003505|946.72
1787070910|20260819003510|946.72
1787070915|20260819003515|946.78
1787070920|20260819003520|946.83
1787070925|20260819003525|946.66
1787070935|20260819003535|946.48
1787070940|20260819003540|946.59
1787070945|20260819003545|946.61
1787070955|20260819003555|946.52
1787070965|20260819003605|946.68
1787070970|20260819003610|946.54
1787070975|20260819003615|946.58
1787070985|20260819003625|946.50
1787070995|20260819003635|946.33
1787071000|20260819003640|946.36
1787071010|20260819003650|946.37
1787071025|20260819003705|946.26
1787071030|20260819003710|946.20
1787071035|20260819003715|946.16
1787071045|20260819003725|946.19
1787071055|20260819003735|946.25
1787071065|20260819003745|946.36
1787071070|20260819003750|946.38
1787071075|20260819003755|946.42
1787071085|20260819003805|946.50
1787071090|20260819003810|946.52
1787071095|20260819003815|946.54
1787071105|20260819003825|946.70
1787071115|20260819003835|946.76
1787071120|20260819003840|946.77
1787071125|20260819003845|946.77
1787071135|20260819003855|946.84
1787071145|20260819003905|946.75
1787071150|20260819003910|946.76
1787071165|20260819003925|946.76
1787071180|20260819003940|946.76
1787071200|20260819004000|946.51
1787071205|20260819004005|946.52
1787071210|20260819004010|946.58
1787071215|20260819004015|946.65
1787071220|20260819004020|946.66
1787071225|20260819004025|946.79
1787071235|20260819004035|946.79
1787071240|20260819004040|946.91
1787071245|20260819004045|946.89
1787071250|20260819004050|946.92
1787071255|20260819004055|946.85
1787071265|20260819004105|946.99
1787071270|20260819004110|947.04
1787071275|20260819004115|946.96
1787071280|20260819004120|946.93
1787071285|20260819004125|947.05
1787071295|20260819004135|947.09
1787071300|20260819004140|947.14
1787071305|20260819004145|947.14
1787071310|20260819004150|947.20
1787071325|20260819004205|947.15
1787071330|20260819004210|947.13
1787071335|20260819004215|947.14
1787071340|20260819004220|947.01
1787071345|20260819004225|947.03
1787071355|20260819004235|947.00
1787071360|20260819004240|947.01
1787071365|20260819004245|946.95
1787071375|20260819004255|946.95
1787071385|20260819004305|947.00
1787071390|20260819004310|946.91
1787071395|20260819004315|946.90
1787071400|20260819004320|946.81
1787071405|20260819004325|946.74
1787071415|20260819004335|946.65
1787071425|20260819004345|946.57
1787071430|20260819004350|946.66
1787071435|20260819004355|946.62
1787071445|20260819004405|946.64
1787071450|20260819004410|946.78
1787071455|20260819004415|946.86
1787071460|20260819004420|946.85
1787071465|20260819004425|946.86
1787071500|20260819004500|946.98
1787071505|20260819004505|947.03
1787071510|20260819004510|947.03
1787071515|20260819004515|947.06
1787071520|20260819004520|947.06
1787071525|20260819004525|947.04
1787071535|20260819004535|946.97
1787071540|20260819004540|946.92
1787071545|20260819004545|946.86
1787071550|20260819004550|946.79
1787071555|20260819004555|946.66
1787071565|20260819004605|946.63
1787071570|20260819004610|946.49
1787071575|20260819004615|946.58
1787071580|20260819004620|946.59
1787071585|20260819004625|946.53
1787071595|20260819004635|946.69
1787071600|20260819004640|946.65
1787071605|20260819004645|946.72
1787071610|20260819004650|946.80
1787071615|20260819004655|946.89
1787071625|20260819004705|946.90
1787071630|20260819004710|946.97
1787071635|20260819004715|946.98
1787071640|20260819004720|946.99
1787071645|20260819004725|946.93
1787071655|20260819004735|946.90
1787071660|20260819004740|946.93
1787071665|20260819004745|946.69
1787071670|20260819004750|946.62
1787071675|20260819004755|946.38
1787071685|20260819004805|946.50
1787071690|20260819004810|946.46
1787071695|20260819004815|946.49
1787071700|20260819004820|946.46
1787071705|20260819004825|946.45
1787071715|20260819004835|946.42
1787071720|20260819004840|946.42
1787071725|20260819004845|946.25
1787071730|20260819004850|946.16
1787071735|20260819004855|946.13
1787071745|20260819004905|946.14
1787071750|20260819004910|946.10
1787071760|20260819004920|946.24
1787071765|20260819004925|946.27
1787071800|20260819005000|946.18
1787071805|20260819005005|946.13
1787071810|20260819005010|946.14
1787071815|20260819005015|946.14
1787071820|20260819005020|946.11
1787071825|20260819005025|946.12
1787071835|20260819005035|946.21
1787071840|20260819005040|946.14
1787071850|20260819005050|946.27
1787071855|20260819005055|946.26
1787071865|20260819005105|946.26
1787071870|20260819005110|946.30
1787071875|20260819005115|946.38
1787071880|20260819005120|946.18
1787071895|20260819005135|946.33
1787071900|20260819005140|946.55
1787071905|20260819005145|946.58
1787071910|20260819005150|946.58
1787071915|20260819005155|946.50
1787071920|20260819005200|946.52
1787071925|20260819005205|946.73
1787071930|20260819005210|946.91
1787071935|20260819005215|946.87
1787071945|20260819005225|946.72
1787071950|20260819005230|946.74
1787071955|20260819005235|946.69
1787071960|20260819005240|946.72
1787071965|20260819005245|946.98
1787071970|20260819005250|946.97
1787071975|20260819005255|947.01
1787071985|20260819005305|946.98
1787071990|20260819005310|946.83
1787071995|20260819005315|946.86
1787072000|20260819005320|946.83
1787072005|20260819005325|946.84
1787072015|20260819005335|946.93
1787072020|20260819005340|946.94
1787072025|20260819005345|946.93
1787072030|20260819005350|946.86
1787072035|20260819005355|946.91
1787072045|20260819005405|946.88
1787072050|20260819005410|946.90
1787072055|20260819005415|946.98
1787072060|20260819005420|947.08
1787072080|20260819005440|947.27
1787072090|20260819005450|947.21
1787072095|20260819005455|947.23
1787072100|20260819005500|947.24
1787072105|20260819005505|947.20
1787072110|20260819005510|947.07
1787072115|20260819005515|947.08
1787072120|20260819005520|947.01
1787072125|20260819005525|947.00
1787072135|20260819005535|946.93
1787072140|20260819005540|946.90
1787072145|20260819005545|946.88
1787072150|20260819005550|946.86
1787072160|20260819005600|946.78
1787072165|20260819005605|946.76
1787072170|20260819005610|946.75
1787072175|20260819005615|946.78
1787072180|20260819005620|946.58
1787072185|20260819005625|946.63
1787072195|20260819005635|946.61
1787072200|20260819005640|946.62
1787072205|20260819005645|946.71
1787072210|20260819005650|946.59
1787072215|20260819005655|946.63
1787072225|20260819005705|946.64
1787072230|20260819005710|946.47
1787072235|20260819005715|946.30
1787072240|20260819005720|946.22
1787072245|20260819005725|946.40
1787072255|20260819005735|946.34
1787072260|20260819005740|946.39
1787072265|20260819005745|946.19
1787072270|20260819005750|946.25
1787072285|20260819005805|946.20
1787072290|20260819005810|946.25
1787072295|20260819005815|946.26
1787072300|20260819005820|946.17
1787072305|20260819005825|946.19
1787072315|20260819005835|946.21
1787072335|20260819005855|946.17
1787072340|20260819005900|946.19
1787072345|20260819005905|946.28
1787072350|20260819005910|946.37
1787072355|20260819005915|946.36
1787072360|20260819005920|946.34
1787072365|20260819005925|946.43
1787072395|20260819005955|946.39
1787072405|20260819010005|946.22
1787072415|20260819010015|946.22
1787072420|20260819010020|946.26
1787072425|20260819010025|946.40
1787072440|20260819010040|946.43
1787072445|20260819010045|946.42
1787072450|20260819010050|946.43
1787072465|20260819010105|946.49
1787072470|20260819010110|946.41
1787072475|20260819010115|946.46
1787072480|20260819010120|946.51
1787072485|20260819010125|946.39
1787072495|20260819010135|946.47
1787072500|20260819010140|946.49
1787072505|20260819010145|946.59
1787072510|20260819010150|946.53
1787072515|20260819010155|946.32
1787072520|20260819010200|946.37
1787072525|20260819010205|946.29
1787072530|20260819010210|946.27
1787072535|20260819010215|946.49
1787072540|20260819010220|946.59
1787072545|20260819010225|946.57
1787072555|20260819010235|946.47
1787072560|20260819010240|946.49
1787072565|20260819010245|946.45
1787072570|20260819010250|946.48
1787072575|20260819010255|946.42
1787072585|20260819010305|946.43
1787072590|20260819010310|946.33
1787072595|20260819010315|946.39
1787072600|20260819010320|946.31
1787072605|20260819010325|946.40
1787072615|20260819010335|946.26
1787072625|20260819010345|946.23
1787072630|20260819010350|946.23
1787072635|20260819010355|946.27
1787072645|20260819010405|946.25
1787072650|20260819010410|946.27
1787072660|20260819010420|946.24
1787072695|20260819010455|946.38
1787072705|20260819010505|946.37
1787072710|20260819010510|946.40
1787072715|20260819010515|946.60
1787072720|20260819010520|946.58
1787072740|20260819010540|946.68
1787072745|20260819010545|946.58
1787072755|20260819010555|946.55
1787072765|20260819010605|946.67
1787072770|20260819010610|946.64
1787072775|20260819010615|946.70
1787072780|20260819010620|946.68
1787072785|20260819010625|946.61
1787072795|20260819010635|946.53
1787072805|20260819010645|946.71
1787072810|20260819010650|946.62
1787072815|20260819010655|946.62
1787072820|20260819010700|946.64
1787072825|20260819010705|946.62
1787072830|20260819010710|946.62
1787072840|20260819010720|946.64
1787072845|20260819010725|946.56
1787072855|20260819010735|946.50
1787072860|20260819010740|946.61
1787072865|20260819010745|946.67
1787072875|20260819010755|946.60
1787072880|20260819010800|946.60
1787072890|20260819010810|946.62
1787072895|20260819010815|946.64
1787072900|20260819010820|946.69
1787072905|20260819010825|946.62
1787072915|20260819010835|946.62
1787072920|20260819010840|946.62
1787072925|20260819010845|946.61
1787072930|20260819010850|946.63
1787072935|20260819010855|946.72
1787072945|20260819010905|946.67
1787072950|20260819010910|946.69
1787072960|20260819010920|946.64
1787072965|20260819010925|946.68
1787072990|20260819010950|946.65
1787072995|20260819010955|946.63
1787073000|20260819011000|946.65
1787073005|20260819011005|946.68
1787073010|20260819011010|946.65
1787073015|20260819011015|946.68
1787073020|20260819011020|946.68
1787073025|20260819011025|946.73
1787073035|20260819011035|946.66
1787073040|20260819011040|946.68
1787073045|20260819011045|946.62
1787073050|20260819011050|946.65
1787073055|20260819011055|946.63
1787073060|20260819011100|946.64
1787073065|20260819011105|946.65
1787073075|20260819011115|946.73
1787073080|20260819011120|946.71
1787073095|20260819011135|946.74
1787073100|20260819011140|946.73
1787073105|20260819011145|946.73
1787073110|20260819011150|946.69
1787073115|20260819011155|946.67
1787073120|20260819011200|946.53
1787073125|20260819011205|946.49
1787073130|20260819011210|946.52
1787073135|20260819011215|946.74
1787073140|20260819011220|946.67
1787073145|20260819011225|946.73
1787073155|20260819011235|946.72
1787073160|20260819011240|946.70
1787073165|20260819011245|946.71
1787073170|20260819011250|946.66
1787073185|20260819011305|946.68
1787073190|20260819011310|946.67
1787073200|20260819011320|946.68
1787073205|20260819011325|946.66
1787073215|20260819011335|946.63
1787073220|20260819011340|946.66
1787073225|20260819011345|946.73
1787073230|20260819011350|946.53
1787073235|20260819011355|946.46
1787073245|20260819011405|946.83
1787073250|20260819011410|946.82
1787073260|20260819011420|946.83
1787073265|20260819011425|946.85
1787073300|20260819011500|946.86
1787073305|20260819011505|946.90
1787073310|20260819011510|947.03
1787073315|20260819011515|947.03
1787073320|20260819011520|947.04
1787073325|20260819011525|947.11
1787073335|20260819011535|947.10
1787073340|20260819011540|947.15
1787073345|20260819011545|947.17
1787073355|20260819011555|947.11
1787073365|20260819011605|947.07
1787073375|20260819011615|946.87
1787073385|20260819011625|946.87
1787073395|20260819011635|946.92
1787073400|20260819011640|946.97
1787073405|20260819011645|946.81
1787073410|20260819011650|946.89
1787073415|20260819011655|946.96
1787073425|20260819011705|946.89
1787073430|20260819011710|946.88
1787073435|20260819011715|946.86
1787073440|20260819011720|946.85
1787073455|20260819011735|946.81
1787073460|20260819011740|946.82
1787073465|20260819011745|946.76
1787073470|20260819011750|946.57
1787073475|20260819011755|946.56
1787073485|20260819011805|946.62
1787073490|20260819011810|946.62
1787073495|20260819011815|946.61
1787073500|20260819011820|946.68
1787073515|20260819011835|946.56
1787073525|20260819011845|946.59
1787073530|20260819011850|946.45
1787073545|20260819011905|946.40
1787073550|20260819011910|946.64
1787073555|20260819011915|946.59
1787073560|20260819011920|946.55
1787073565|20260819011925|946.55
1787073600|20260819012000|946.24
1787073620|20260819012020|946.61
1787073625|20260819012025|946.65
1787073635|20260819012035|946.61
1787073645|20260819012045|946.53
1787073650|20260819012050|946.58
1787073655|20260819012055|946.53
1787073665|20260819012105|946.50
1787073670|20260819012110|946.50
1787073675|20260819012115|946.44
1787073680|20260819012120|946.42
1787073685|20260819012125|946.47
1787073695|20260819012135|946.51
1787073700|20260819012140|946.51
1787073705|20260819012145|946.52
1787073710|20260819012150|946.61
1787073715|20260819012155|946.61
1787073725|20260819012205|946.69
1787073730|20260819012210|946.80
1787073740|20260819012220|946.78
1787073745|20260819012225|946.81
1787073755|20260819012235|946.79
1787073760|20260819012240|946.82
1787073765|20260819012245|946.82
1787073775|20260819012255|946.96
1787073785|20260819012305|946.89
1787073790|20260819012310|946.92
1787073795|20260819012315|946.91
1787073800|20260819012320|946.92
1787073805|20260819012325|946.89
1787073815|20260819012335|946.79
1787073820|20260819012340|946.72
1787073830|20260819012350|946.76
1787073850|20260819012410|946.83
1787073855|20260819012415|946.73
1787073860|20260819012420|946.65
1787073865|20260819012425|946.74
1787073905|20260819012505|946.96
1787073910|20260819012510|946.86
1787073915|20260819012515|946.88
1787073920|20260819012520|946.87
1787073925|20260819012525|946.84
1787073935|20260819012535|946.52
1787073945|20260819012545|946.43
1787073955|20260819012555|946.62
1787073965|20260819012605|946.66
1787073970|20260819012610|946.66
1787073975|20260819012615|946.61
1787073980|20260819012620|946.62
1787073985|20260819012625|946.58
1787073995|20260819012635|946.59
1787074000|20260819012640|946.58
1787074005|20260819012645|946.62
1787074010|20260819012650|946.61
1787074015|20260819012655|946.62
1787074025|20260819012705|946.65
1787074030|20260819012710|946.72
1787074040|20260819012720|946.70
1787074045|20260819012725|946.70
1787074055|20260819012735|946.68
1787074065|20260819012745|946.66
1787074070|20260819012750|946.67
1787074075|20260819012755|946.68
1787074090|20260819012810|946.70
1787074095|20260819012815|946.56
1787074100|20260819012820|946.47
1787074105|20260819012825|946.49
1787074115|20260819012835|946.43
1787074120|20260819012840|946.49
1787074125|20260819012845|946.53
1787074130|20260819012850|946.51
1787074135|20260819012855|946.58
1787074145|20260819012905|946.74
1787074150|20260819012910|946.46
1787074155|20260819012915|946.47
1787074165|20260819012925|946.57
1787074180|20260819012940|946.60
1787074200|20260819013000|946.62
1787074205|20260819013005|946.42
1787074210|20260819013010|946.54
1787074215|20260819013015|946.43
1787074220|20260819013020|946.24
1787074225|20260819013025|946.30
1787074235|20260819013035|946.19
1787074240|20260819013040|946.19
1787074245|20260819013045|946.23
1787074250|20260819013050|946.05
1787074255|20260819013055|945.99
1787074265|20260819013105|945.75
1787074275|20260819013115|946.08
1787074280|20260819013120|946.14
1787074285|20260819013125|946.10
1787074295|20260819013135|946.04
1787074300|20260819013140|946.20
1787074305|20260819013145|946.21
1787074310|20260819013150|946.18
1787074315|20260819013155|946.25
1787074330|20260819013210|946.21
1787074335|20260819013215|946.18
1787074340|20260819013220|946.17
1787074345|20260819013225|946.16
1787074355|20260819013235|946.08
1787074360|20260819013240|946.19
1787074365|20260819013245|946.25
1787074370|20260819013250|946.27
1787074375|20260819013255|946.25
1787074385|20260819013305|946.53
1787074390|20260819013310|946.53
1787074395|20260819013315|946.59
1787074400|20260819013320|946.56
1787074405|20260819013325|946.59
1787074415|20260819013335|946.61
1787074420|20260819013340|946.62
1787074425|20260819013345|946.68
1787074430|20260819013350|946.67
1787074435|20260819013355|946.60
1787074445|20260819013405|946.60
1787074450|20260819013410|946.61
1787074455|20260819013415|946.62
1787074460|20260819013420|946.46
1787074465|20260819013425|946.50
1787074500|20260819013500|946.37
1787074505|20260819013505|946.37
1787074510|20260819013510|946.44
1787074515|20260819013515|946.45
1787074525|20260819013525|946.44
1787074535|20260819013535|946.40
1787074540|20260819013540|946.46
1787074545|20260819013545|946.53
1787074550|20260819013550|946.52
1787074555|20260819013555|946.46
1787074565|20260819013605|946.45
1787074570|20260819013610|946.45
1787074580|20260819013620|946.40
1787074585|20260819013625|946.38
1787074595|20260819013635|946.29
1787074600|20260819013640|946.31
1787074605|20260819013645|946.22
1787074615|20260819013655|946.39
1787074625|20260819013705|946.40
1787074630|20260819013710|946.36
1787074635|20260819013715|946.35
1787074640|20260819013720|946.37
1787074645|20260819013725|946.25
1787074655|20260819013735|946.08
1787074660|20260819013740|946.10
1787074665|20260819013745|946.16
1787074670|20260819013750|945.90
1787074675|20260819013755|945.79
1787074685|20260819013805|945.82
1787074690|20260819013810|945.69
1787074695|20260819013815|945.77
1787074700|20260819013820|945.93
1787074705|20260819013825|945.93
1787074715|20260819013835|945.98
1787074720|20260819013840|946.00
1787074725|20260819013845|946.04
1787074730|20260819013850|945.98
1787074735|20260819013855|946.02
1787074745|20260819013905|945.98
1787074750|20260819013910|946.00
1787074755|20260819013915|946.04
1787074760|20260819013920|945.99
1787074765|20260819013925|945.99
1787074800|20260819014000|945.95
1787074815|20260819014015|946.17
1787074820|20260819014020|946.31
1787074825|20260819014025|946.46
1787074835|20260819014035|946.45
1787074840|20260819014040|946.36
1787074845|20260819014045|946.38
1787074850|20260819014050|946.48
1787074855|20260819014055|946.48
1787074865|20260819014105|946.45
1787074870|20260819014110|946.44
1787074875|20260819014115|946.18
1787074880|20260819014120|946.18
1787074885|20260819014125|946.11
1787074895|20260819014135|946.08
1787074900|20260819014140|946.09
1787074925|20260819014205|946.13
1787074930|20260819014210|946.13
1787074935|20260819014215|946.11
1787074940|20260819014220|946.09
1787074955|20260819014235|946.05
1787074965|20260819014245|945.98
1787074970|20260819014250|945.94
1787074975|20260819014255|945.81
1787074985|20260819014305|945.69
1787074990|20260819014310|945.68
1787074995|20260819014315|945.63
1787075005|20260819014325|945.62
1787075015|20260819014335|945.65
1787075020|20260819014340|945.68
1787075025|20260819014345|945.69
1787075030|20260819014350|945.67
1787075035|20260819014355|945.68
1787075045|20260819014405|945.57
1787075050|20260819014410|945.58
1787075055|20260819014415|945.57
1787075100|20260819014500|945.20
1787075105|20260819014505|945.30
1787075110|20260819014510|945.10
1787075115|20260819014515|945.21
1787075135|20260819014535|945.31
1787075140|20260819014540|945.29
1787075145|20260819014545|945.27
1787075150|20260819014550|945.44
1787075155|20260819014555|945.45
1787075165|20260819014605|945.44
1787075175|20260819014615|945.46
1787075180|20260819014620|945.46
1787075185|20260819014625|945.45
1787075195|20260819014635|945.39
1787075205|20260819014645|945.31
1787075210|20260819014650|945.32
1787075215|20260819014655|945.30
1787075230|20260819014710|945.22
1787075235|20260819014715|945.24
1787075240|20260819014720|945.23
1787075245|20260819014725|945.23
1787075255|20260819014735|945.12
1787075260|20260819014740|945.16
1787075265|20260819014745|945.18
1787075270|20260819014750|945.17
1787075275|20260819014755|945.20
1787075285|20260819014805|945.11
1787075290|20260819014810|945.10
1787075295|20260819014815|945.01
1787075300|20260819014820|945.01
1787075305|20260819014825|945.01
1787075315|20260819014835|945.00
1787075320|20260819014840|944.95
1787075325|20260819014845|944.92
1787075335|20260819014855|944.83
1787075345|20260819014905|944.87
1787075350|20260819014910|944.80
1787075355|20260819014915|944.77
1787075365|20260819014925|944.83
1787075400|20260819015000|944.96
1787075405|20260819015005|944.96
1787075410|20260819015010|944.94
1787075415|20260819015015|944.96
1787075420|20260819015020|945.01
1787075425|20260819015025|945.04
1787075435|20260819015035|945.08
1787075440|20260819015040|945.13
1787075445|20260819015045|945.26
1787075450|20260819015050|945.25
1787075455|20260819015055|945.26
1787075465|20260819015105|945.32
1787075470|20260819015110|945.25
1787075475|20260819015115|945.31
1787075480|20260819015120|945.25
1787075485|20260819015125|945.26
1787075495|20260819015135|945.21
1787075500|20260819015140|945.14
1787075505|20260819015145|945.18
1787075510|20260819015150|945.16
1787075515|20260819015155|945.17
1787075525|20260819015205|945.15
1787075530|20260819015210|945.14
1787075535|20260819015215|945.21
1787075540|20260819015220|945.17
1787075545|20260819015225|945.15
1787075560|20260819015240|945.16
1787075565|20260819015245|945.21
1787075570|20260819015250|945.20
1787075575|20260819015255|945.18
1787075585|20260819015305|945.15
1787075590|20260819015310|945.16
1787075595|20260819015315|945.07
1787075600|20260819015320|945.03
1787075605|20260819015325|945.08
1787075615|20260819015335|945.06
1787075620|20260819015340|945.09
1787075625|20260819015345|945.13
1787075630|20260819015350|945.15
1787075635|20260819015355|945.18
1787075645|20260819015405|945.12
1787075650|20260819015410|945.12
1787075655|20260819015415|945.11
1787075660|20260819015420|945.14
1787075665|20260819015425|945.09
1787075675|20260819015435|945.12
1787075680|20260819015440|945.08
1787075700|20260819015500|945.09
1787075705|20260819015505|945.08
1787075710|20260819015510|945.02
1787075715|20260819015515|945.04
1787075720|20260819015520|945.17
1787075735|20260819015535|945.14
1787075740|20260819015540|945.07
1787075745|20260819015545|945.08
1787075750|20260819015550|945.04
1787075755|20260819015555|945.06
1787075760|20260819015600|945.06
1787075765|20260819015605|944.96
1787075770|20260819015610|944.84
1787075775|20260819015615|944.94
1787075780|20260819015620|944.92
1787075785|20260819015625|944.92
1787075795|20260819015635|944.95
1787075800|20260819015640|944.83
1787075805|20260819015645|944.86
1787075810|20260819015650|944.86
1787075825|20260819015705|944.92
1787075835|20260819015715|945.01
1787075840|20260819015720|944.97
1787075845|20260819015725|944.96
1787075855|20260819015735|944.97
1787075860|20260819015740|944.94
1787075865|20260819015745|944.93
1787075870|20260819015750|944.93
1787075885|20260819015805|944.89
1787075890|20260819015810|944.91
1787075900|20260819015820|944.84
1787075905|20260819015825|944.86
1787075915|20260819015835|944.73
1787075920|20260819015840|944.70
1787075925|20260819015845|944.73
1787075930|20260819015850|944.78
1787075945|20260819015905|944.94
1787075950|20260819015910|944.93
1787075955|20260819015915|944.90
1787075960|20260819015920|944.87
1787075965|20260819015925|944.92
1787076015|20260819020015|944.77
1787076020|20260819020020|944.52
1787076040|20260819020040|944.59
1787076045|20260819020045|944.57
1787076065|20260819020105|944.65
1787076070|20260819020110|944.69
1787076080|20260819020120|944.69
1787076085|20260819020125|944.66
1787076100|20260819020140|944.66
1787076105|20260819020145|944.73
1787076110|20260819020150|944.73
1787076125|20260819020205|944.68
1787076130|20260819020210|944.77
1787076135|20260819020215|944.77
1787076140|20260819020220|944.76
1787076145|20260819020225|944.76
1787076155|20260819020235|944.65
1787076160|20260819020240|944.67
1787076165|20260819020245|944.60
1787076170|20260819020250|944.61
1787076175|20260819020255|944.54
1787076185|20260819020305|944.47
1787076190|20260819020310|944.42
1787076195|20260819020315|944.33
1787076205|20260819020325|944.34
1787076225|20260819020345|944.27
1787076230|20260819020350|944.22
1787076235|20260819020355|944.19
1787076245|20260819020405|944.15
1787076250|20260819020410|944.02
1787076255|20260819020415|944.11
1787076260|20260819020420|944.03
1787076265|20260819020425|943.88
1787076305|20260819020505|943.96
1787076310|20260819020510|944.00
1787076315|20260819020515|944.00
1787076320|20260819020520|944.09
1787076325|20260819020525|943.99
1787076340|20260819020540|944.09
1787076345|20260819020545|944.16
1787076350|20260819020550|944.14
1787076355|20260819020555|944.13
1787076360|20260819020600|944.14
1787076370|20260819020610|943.97
1787076375|20260819020615|944.00
1787076380|20260819020620|943.99
1787076400|20260819020640|944.04
1787076405|20260819020645|944.01
1787076410|20260819020650|944.00
1787076425|20260819020705|944.18
1787076430|20260819020710|944.15
1787076435|20260819020715|944.17
1787076440|20260819020720|944.14
1787076455|20260819020735|944.15
1787076465|20260819020745|944.33
1787076470|20260819020750|944.41
1787076475|20260819020755|944.41
1787076485|20260819020805|944.33
1787076490|20260819020810|944.30
1787076500|20260819020820|944.08
1787076505|20260819020825|944.19
1787076515|20260819020835|944.17
1787076525|20260819020845|944.24
1787076535|20260819020855|944.23
1787076545|20260819020905|944.16
1787076555|20260819020915|944.14
1787076560|20260819020920|944.12
1787076595|20260819020955|944.32
1787076600|20260819021000|944.38
1787076605|20260819021005|944.50
1787076610|20260819021010|944.52
1787076615|20260819021015|944.52
1787076625|20260819021025|944.46
1787076640|20260819021040|944.33
1787076645|20260819021045|944.44
1787076650|20260819021050|944.42
1787076655|20260819021055|944.41
1787076670|20260819021110|944.33
1787076680|20260819021120|944.25
1787076685|20260819021125|944.19
1787076695|20260819021135|944.24
1787076700|20260819021140|944.21
1787076705|20260819021145|944.09
1787076710|20260819021150|944.13
1787076715|20260819021155|944.08
1787076725|20260819021205|944.03
1787076730|20260819021210|944.06
1787076735|20260819021215|943.90
1787076740|20260819021220|943.97
1787076755|20260819021235|944.03
1787076765|20260819021245|943.96
1787076770|20260819021250|943.96
1787076775|20260819021255|944.06
1787076785|20260819021305|944.06
1787076790|20260819021310|944.15
1787076795|20260819021315|944.24
1787076800|20260819021320|944.46
1787076805|20260819021325|944.66
1787076820|20260819021340|944.71
1787076830|20260819021350|944.79
1787076835|20260819021355|944.87
1787076845|20260819021405|944.79
1787076850|20260819021410|944.81
1787076855|20260819021415|944.85
1787076860|20260819021420|944.81
1787076900|20260819021500|944.97
1787076905|20260819021505|944.93
1787076910|20260819021510|944.98
1787076915|20260819021515|944.96
1787076925|20260819021525|944.94
1787076940|20260819021540|945.01
1787076945|20260819021545|945.01
1787076950|20260819021550|944.93
1787076955|20260819021555|944.89
1787076965|20260819021605|944.93
1787076970|20260819021610|944.89
1787076975|20260819021615|944.94
1787076980|20260819021620|944.96
1787076985|20260819021625|944.98
1787076995|20260819021635|945.02
1787077000|20260819021640|944.94
1787077005|20260819021645|944.94
1787077010|20260819021650|944.95
1787077015|20260819021655|944.90
1787077020|20260819021700|944.88
1787077025|20260819021705|944.80
1787077030|20260819021710|944.77
1787077035|20260819021715|944.80
1787077040|20260819021720|944.81
1787077045|20260819021725|944.98
1787077060|20260819021740|944.91
1787077065|20260819021745|944.92
1787077070|20260819021750|944.90
1787077075|20260819021755|944.93
1787077080|20260819021800|944.93
1787077085|20260819021805|944.95
1787077095|20260819021815|945.05
1787077100|20260819021820|945.05
1787077105|20260819021825|945.10
1787077115|20260819021835|945.12
1787077120|20260819021840|945.11
1787077125|20260819021845|945.10
1787077130|20260819021850|945.10
1787077135|20260819021855|945.11
1787077140|20260819021900|945.10
1787077145|20260819021905|945.09
1787077150|20260819021910|945.10
1787077160|20260819021920|945.13
1787077165|20260819021925|945.12
1787077200|20260819022000|945.18
1787077205|20260819022005|945.19
1787077210|20260819022010|945.26
1787077215|20260819022015|945.26
1787077220|20260819022020|945.22
1787077225|20260819022025|945.16
1787077235|20260819022035|945.20
1787077240|20260819022040|945.17
1787077245|20260819022045|945.13
1787077250|20260819022050|945.13
1787077255|20260819022055|945.13
1787077265|20260819022105|945.16
1787077270|20260819022110|945.25
1787077275|20260819022115|945.21
1787077280|20260819022120|945.17
1787077285|20260819022125|945.16
1787077295|20260819022135|945.16
1787077300|20260819022140|945.17
1787077305|20260819022145|945.12
1787077310|20260819022150|945.16
1787077315|20260819022155|945.13
1787077320|20260819022200|945.19
1787077325|20260819022205|945.17
1787077330|20260819022210|945.13
1787077335|20260819022215|945.15
1787077340|20260819022220|945.11
1787077355|20260819022235|945.03
1787077360|20260819022240|944.94
1787077370|20260819022250|944.84
1787077375|20260819022255|944.74
1787077385|20260819022305|944.68
1787077390|20260819022310|944.73
1787077400|20260819022320|944.63
1787077405|20260819022325|944.63
1787077415|20260819022335|944.52
1787077420|20260819022340|944.55
1787077425|20260819022345|944.59
1787077430|20260819022350|944.60
1787077435|20260819022355|944.61
1787077440|20260819022400|944.57
1787077445|20260819022405|944.83
1787077455|20260819022415|944.85
1787077460|20260819022420|944.79
1787077465|20260819022425|944.70
1787077500|20260819022500|944.73
1787077505|20260819022505|944.73
1787077510|20260819022510|944.80
1787077515|20260819022515|944.89
1787077520|20260819022520|944.75
1787077525|20260819022525|944.75
1787077535|20260819022535|944.71
1787077540|20260819022540|944.72
1787077545|20260819022545|944.76
1787077550|20260819022550|944.82
1787077555|20260819022555|944.82
1787077565|20260819022605|944.93
1787077570|20260819022610|944.98
1787077575|20260819022615|944.97
1787077580|20260819022620|944.99
1787077585|20260819022625|944.98
1787077600|20260819022640|944.98
1787077605|20260819022645|945.03
1787077615|20260819022655|944.96
1787077625|20260819022705|945.00
1787077645|20260819022725|944.98
1787077655|20260819022735|944.96
1787077660|20260819022740|944.91
1787077665|20260819022745|944.91
1787077670|20260819022750|944.94
1787077675|20260819022755|945.02
1787077685|20260819022805|945.01
1787077690|20260819022810|945.24
1787077695|20260819022815|945.31
1787077705|20260819022825|945.44
1787077715|20260819022835|945.56
1787077720|20260819022840|945.58
1787077725|20260819022845|945.55
1787077735|20260819022855|945.57
1787077745|20260819022905|945.55
1787077750|20260819022910|945.57
1787077755|20260819022915|945.57
1787077760|20260819022920|945.53
1787077765|20260819022925|945.52
1787077795|20260819022955|945.49
1787077800|20260819023000|945.47
1787077805|20260819023005|945.48
1787077810|20260819023010|945.45
1787077815|20260819023015|945.48
1787077820|20260819023020|945.46
1787077825|20260819023025|945.47
1787077835|20260819023035|945.49
1787077840|20260819023040|945.53
1787077845|20260819023045|945.53
1787077850|20260819023050|945.51
1787077855|20260819023055|945.45
1787077860|20260819023100|945.46
1787077865|20260819023105|945.31
1787077870|20260819023110|945.28
1787077875|20260819023115|945.32
1787077880|20260819023120|945.29
1787077885|20260819023125|945.19
1787077895|20260819023135|945.26
1787077900|20260819023140|945.30
1787077905|20260819023145|945.37
1787077925|20260819023205|945.37
1787077930|20260819023210|945.38
1787077935|20260819023215|945.33
1787077940|20260819023220|945.25
1787077955|20260819023235|945.32
1787077960|20260819023240|945.27
1787077965|20260819023245|945.21
1787077975|20260819023255|945.24
1787077980|20260819023300|945.21
1787077985|20260819023305|945.23
1787077990|20260819023310|945.27
1787077995|20260819023315|945.27
1787078000|20260819023320|945.28
1787078005|20260819023325|945.13
1787078015|20260819023335|945.10
1787078020|20260819023340|945.09
1787078035|20260819023355|944.97
1787078045|20260819023405|945.01
1787078055|20260819023415|945.01
1787078060|20260819023420|945.01
1787078065|20260819023425|945.10
1787078105|20260819023505|945.33
1787078110|20260819023510|945.30
1787078115|20260819023515|945.27
1787078120|20260819023520|945.24
1787078125|20260819023525|945.24
1787078135|20260819023535|945.43
1787078140|20260819023540|945.35
1787078145|20260819023545|945.33
1787078150|20260819023550|945.32
1787078155|20260819023555|945.31
1787078165|20260819023605|945.42
1787078170|20260819023610|945.33
1787078175|20260819023615|945.30
1787078180|20260819023620|945.31
1787078195|20260819023635|945.21
1787078200|20260819023640|945.13
1787078205|20260819023645|945.13
1787078210|20260819023650|945.13
1787078215|20260819023655|945.19
1787078225|20260819023705|945.20
1787078230|20260819023710|945.18
1787078235|20260819023715|945.15
1787078255|20260819023735|945.20
1787078260|20260819023740|945.16
1787078265|20260819023745|945.29
1787078275|20260819023755|945.22
1787078280|20260819023800|945.17
1787078285|20260819023805|945.19
1787078295|20260819023815|945.11
1787078300|20260819023820|945.11
1787078315|20260819023835|945.11
1787078320|20260819023840|945.28
1787078325|20260819023845|945.23
1787078335|20260819023855|945.27
1787078340|20260819023900|945.30
1787078350|20260819023910|945.22
1787078355|20260819023915|945.24
1787078360|20260819023920|945.23
1787078365|20260819023925|945.17
1787078400|20260819024000|945.38
1787078405|20260819024005|945.34
1787078410|20260819024010|945.25
1787078415|20260819024015|945.24
1787078420|20260819024020|945.12
1787078425|20260819024025|945.11
1787078440|20260819024040|944.98
1787078445|20260819024045|944.91
1787078455|20260819024055|944.90
1787078460|20260819024100|944.86
1787078470|20260819024110|944.76
1787078475|20260819024115|944.78
1787078480|20260819024120|944.82
1787078485|20260819024125|944.76
1787078495|20260819024135|944.76
1787078500|20260819024140|944.74
1787078505|20260819024145|944.68
1787078510|20260819024150|944.65
1787078515|20260819024155|944.64
1787078520|20260819024200|944.62
1787078530|20260819024210|944.57
1787078535|20260819024215|944.65
1787078555|20260819024235|944.58
1787078560|20260819024240|944.59
1787078565|20260819024245|944.54
1787078570|20260819024250|944.52
1787078585|20260819024305|944.52
1787078590|20260819024310|944.47
1787078595|20260819024315|944.49
1787078600|20260819024320|944.51
1787078605|20260819024325|944.58
1787078615|20260819024335|944.56
1787078620|20260819024340|944.57
1787078625|20260819024345|944.49
1787078630|20260819024350|944.47
1787078635|20260819024355|944.47
1787078645|20260819024405|944.37
1787078650|20260819024410|944.28
1787078655|20260819024415|944.28
1787078660|20260819024420|944.29
1787078665|20260819024425|944.12
1787078690|20260819024450|944.00
1787078705|20260819024505|944.15
1787078710|20260819024510|944.14
1787078715|20260819024515|944.17
1787078720|20260819024520|944.28
1787078725|20260819024525|944.28
1787078735|20260819024535|944.25
1787078740|20260819024540|944.28
1787078745|20260819024545|944.29
1787078750|20260819024550|944.30
1787078755|20260819024555|944.28
1787078760|20260819024600|944.28
1787078765|20260819024605|944.28
1787078770|20260819024610|944.20
1787078775|20260819024615|944.21
1787078780|20260819024620|944.24
1787078785|20260819024625|944.19
1787078795|20260819024635|944.29
1787078800|20260819024640|944.28
1787078810|20260819024650|944.20
1787078815|20260819024655|944.21
1787078825|20260819024705|944.25
1787078830|20260819024710|944.35
1787078835|20260819024715|944.26
1787078840|20260819024720|944.26
1787078845|20260819024725|944.27
1787078855|20260819024735|944.37
1787078860|20260819024740|944.35
1787078865|20260819024745|944.33
1787078870|20260819024750|944.32
1787078875|20260819024755|944.31
1787078885|20260819024805|944.30
1787078890|20260819024810|944.30
1787078900|20260819024820|944.26
1787078905|20260819024825|944.16
1787078915|20260819024835|943.97
1787078930|20260819024850|944.05
1787078935|20260819024855|944.07
1787078945|20260819024905|944.05
1787078950|20260819024910|944.03
1787078955|20260819024915|944.03
1787078960|20260819024920|944.03
1787079000|20260819025000|944.10
1787079005|20260819025005|944.08
1787079010|20260819025010|944.17
1787079015|20260819025015|944.19
1787079020|20260819025020|944.18
1787079025|20260819025025|944.19
1787079035|20260819025035|944.16
1787079040|20260819025040|944.18
1787079050|20260819025050|944.17
1787079065|20260819025105|944.25
1787079080|20260819025120|944.23
1787079085|20260819025125|944.13
1787079095|20260819025135|944.16
1787079100|20260819025140|944.23
1787079105|20260819025145|944.26
1787079110|20260819025150|944.23
1787079125|20260819025205|944.20
1787079130|20260819025210|944.20
1787079135|20260819025215|944.20
1787079140|20260819025220|944.16
1787079145|20260819025225|944.24
1787079160|20260819025240|944.20
1787079165|20260819025245|944.17
1787079170|20260819025250|944.17
1787079175|20260819025255|944.17
1787079185|20260819025305|944.22
1787079190|20260819025310|944.21
1787079195|20260819025315|944.19
1787079200|20260819025320|944.22
1787079205|20260819025325|944.25
1787079215|20260819025335|944.33
1787079220|20260819025340|944.35
1787079225|20260819025345|944.31
1787079230|20260819025350|944.24
1787079235|20260819025355|944.24
1787079240|20260819025400|944.24
1787079260|20260819025420|944.23
1787079265|20260819025425|944.29
1787079305|20260819025505|944.24
1787079315|20260819025515|944.23
1787079325|20260819025525|944.30
1787079335|20260819025535|944.36
1787079340|20260819025540|944.37
1787079350|20260819025550|944.46
1787079355|20260819025555|944.48
1787079365|20260819025605|944.34
1787079370|20260819025610|944.36
1787079375|20260819025615|944.39
1787079380|20260819025620|944.35
1787079385|20260819025625|944.35
1787079395|20260819025635|944.29
1787079400|20260819025640|944.29
1787079405|20260819025645|944.25
1787079415|20260819025655|944.14
1787079425|20260819025705|944.15
1787079435|20260819025715|944.13
1787079440|20260819025720|944.21
1787079445|20260819025725|944.23
1787079455|20260819025735|944.24
1787079460|20260819025740|944.30
1787079475|20260819025755|944.27
1787079485|20260819025805|944.16
1787079495|20260819025815|944.14
1787079500|20260819025820|944.20
1787079505|20260819025825|944.19
1787079515|20260819025835|944.25
1787079520|20260819025840|944.17
1787079525|20260819025845|944.16
1787079530|20260819025850|944.16
1787079535|20260819025855|944.16
1787079555|20260819025915|944.19
1787079560|20260819025920|944.17
1787079565|20260819025925|944.23
1787079600|20260819030000|944.22
1787079605|20260819030005|944.17
1787079610|20260819030010|944.24
1787079615|20260819030015|944.40
1787079620|20260819030020|944.33
1787079625|20260819030025|944.15
1787079635|20260819030035|944.24
1787079640|20260819030040|944.47
1787079645|20260819030045|944.45
1787079650|20260819030050|944.40
1787079655|20260819030055|944.38
1787079665|20260819030105|944.29
1787079670|20260819030110|944.23
1787079675|20260819030115|944.45
1787079680|20260819030120|944.44
1787079685|20260819030125|944.49
1787079695|20260819030135|944.46
1787079700|20260819030140|944.43
1787079705|20260819030145|944.59
1787079710|20260819030150|944.59
1787079715|20260819030155|944.62
1787079725|20260819030205|944.68
1787079730|20260819030210|944.67
1787079735|20260819030215|944.53
1787079745|20260819030225|944.53
1787079755|20260819030235|944.74
1787079760|20260819030240|944.94
1787079765|20260819030245|944.93
1787079770|20260819030250|944.93
1787079775|20260819030255|944.84
1787079785|20260819030305|944.90
1787079790|20260819030310|944.80
1787079795|20260819030315|944.83
1787079800|20260819030320|944.82
1787079805|20260819030325|944.81
1787079815|20260819030335|944.86
1787079820|20260819030340|944.90
1787079825|20260819030345|944.90
1787079830|20260819030350|944.88
1787079835|20260819030355|944.92
1787079845|20260819030405|944.87
1787079850|20260819030410|944.85
1787079855|20260819030415|944.82
1787079860|20260819030420|944.84
1787079865|20260819030425|944.72
1787079900|20260819030500|944.26
1787079910|20260819030510|944.52
1787079915|20260819030515|944.41
1787079920|20260819030520|944.46
1787079925|20260819030525|944.47
1787079935|20260819030535|944.58
1787079945|20260819030545|944.60
1787079950|20260819030550|944.59
1787079955|20260819030555|944.56
1787079960|20260819030600|944.58
1787079965|20260819030605|944.62
1787079970|20260819030610|944.60
1787079975|20260819030615|944.54
1787079980|20260819030620|944.56
1787079985|20260819030625|944.56
1787079995|20260819030635|944.44
1787080000|20260819030640|944.49
1787080005|20260819030645|944.55
1787080010|20260819030650|944.50
1787080015|20260819030655|944.51
1787080025|20260819030705|944.49
1787080030|20260819030710|944.51
1787080035|20260819030715|944.52
1787080040|20260819030720|944.53
1787080045|20260819030725|944.52
1787080055|20260819030735|944.63
1787080060|20260819030740|944.56
1787080065|20260819030745|944.57
1787080070|20260819030750|944.57
1787080075|20260819030755|944.55
1787080085|20260819030805|944.55
1787080090|20260819030810|944.47
1787080095|20260819030815|944.48
1787080100|20260819030820|944.52
1787080105|20260819030825|944.52
1787080115|20260819030835|944.58
1787080120|20260819030840|944.58
1787080125|20260819030845|944.70
1787080130|20260819030850|944.70
1787080135|20260819030855|944.69
1787080145|20260819030905|944.72
1787080150|20260819030910|944.69
1787080155|20260819030915|944.69
1787080160|20260819030920|944.69
1787080165|20260819030925|944.70
1787080200|20260819031000|944.40
1787080205|20260819031005|944.38
1787080210|20260819031010|944.32
1787080215|20260819031015|944.32
1787080220|20260819031020|944.30
1787080235|20260819031035|944.30
1787080245|20260819031045|944.32
1787080250|20260819031050|944.38
1787080255|20260819031055|944.35
1787080270|20260819031110|944.45
1787080275|20260819031115|944.46
1787080280|20260819031120|944.43
1787080285|20260819031125|944.44
1787080295|20260819031135|944.41
1787080300|20260819031140|944.41
1787080305|20260819031145|944.38
1787080310|20260819031150|944.33
1787080315|20260819031155|944.33
1787080335|20260819031215|944.61
1787080345|20260819031225|944.50
1787080355|20260819031235|944.56
1787080360|20260819031240|944.59
1787080365|20260819031245|944.54
1787080370|20260819031250|944.57
1787080375|20260819031255|944.42
1787080380|20260819031300|944.52
1787080385|20260819031305|944.56
1787080390|20260819031310|944.56
1787080400|20260819031320|944.58
1787080405|20260819031325|944.52
1787080415|20260819031335|944.51
1787080420|20260819031340|944.54
1787080425|20260819031345|944.63
1787080435|20260819031355|944.64
1787080445|20260819031405|944.81
1787080455|20260819031415|944.75
1787080460|20260819031420|944.73
1787080465|20260819031425|944.80
1787080500|20260819031500|944.79
1787080505|20260819031505|944.78
1787080510|20260819031510|944.80
1787080515|20260819031515|944.82
1787080520|20260819031520|944.86
1787080525|20260819031525|944.90
1787080535|20260819031535|944.96
1787080540|20260819031540|944.97
1787080545|20260819031545|945.01
1787080555|20260819031555|945.01
1787080565|20260819031605|945.00
1787080570|20260819031610|945.09
1787080575|20260819031615|945.07
1787080580|20260819031620|945.09
1787080585|20260819031625|944.91
1787080595|20260819031635|944.81
1787080600|20260819031640|944.77
1787080605|20260819031645|944.85
1787080610|20260819031650|944.92
1787080615|20260819031655|944.89
1787080625|20260819031705|944.82
1787080630|20260819031710|944.80
1787080635|20260819031715|944.76
1787080640|20260819031720|944.88
1787080645|20260819031725|944.84
1787080655|20260819031735|944.84
1787080660|20260819031740|944.95
1787080665|20260819031745|945.02
1787080670|20260819031750|945.02
1787080675|20260819031755|945.02
1787080685|20260819031805|944.76
1787080690|20260819031810|944.68
1787080695|20260819031815|944.69
1787080700|20260819031820|944.68
1787080715|20260819031835|944.59
1787080720|20260819031840|944.60
1787080725|20260819031845|944.60
1787080730|20260819031850|944.60
1787080735|20260819031855|944.53
1787080745|20260819031905|944.54
1787080750|20260819031910|944.58
1787080760|20260819031920|944.51
1787080765|20260819031925|944.52
1787080800|20260819032000|944.20
1787080805|20260819032005|944.20
1787080810|20260819032010|944.13
1787080815|20260819032015|944.15
1787080820|20260819032020|944.18
1787080825|20260819032025|944.13
1787080835|20260819032035|944.20
1787080840|20260819032040|944.16
1787080845|20260819032045|944.14
1787080850|20260819032050|944.19
1787080855|20260819032055|944.18
1787080865|20260819032105|944.08
1787080870|20260819032110|944.06
1787080875|20260819032115|944.05
1787080880|20260819032120|944.09
1787080885|20260819032125|943.96
1787080895|20260819032135|944.05
1787080910|20260819032150|944.14
1787080935|20260819032215|944.28
1787080940|20260819032220|944.30
1787080945|20260819032225|944.31
1787080960|20260819032240|944.51
1787080965|20260819032245|944.61
1787080975|20260819032255|944.56
1787080985|20260819032305|944.53
1787080990|20260819032310|944.53
1787080995|20260819032315|944.47
1787081000|20260819032320|944.44
1787081005|20260819032325|944.33
1787081015|20260819032335|944.15
1787081020|20260819032340|944.13
1787081025|20260819032345|944.14
1787081030|20260819032350|944.20
1787081035|20260819032355|944.17
1787081045|20260819032405|944.08
1787081050|20260819032410|944.03
1787081055|20260819032415|943.90
1787081060|20260819032420|943.95
1787081105|20260819032505|943.90
1787081115|20260819032515|943.88
1787081120|20260819032520|943.85
1787081125|20260819032525|943.85
1787081135|20260819032535|943.90
1787081145|20260819032545|943.89
1787081150|20260819032550|943.83
1787081165|20260819032605|943.88
1787081170|20260819032610|943.93
1787081175|20260819032615|944.09
1787081185|20260819032625|944.13
1787081195|20260819032635|944.08
1787081200|20260819032640|944.00
1787081205|20260819032645|944.07
1787081210|20260819032650|944.08
1787081215|20260819032655|944.10
1787081225|20260819032705|944.12
1787081235|20260819032715|944.09
1787081240|20260819032720|944.12
1787081255|20260819032735|944.13
1787081260|20260819032740|944.14
1787081270|20260819032750|944.13
1787081275|20260819032755|944.13
1787081290|20260819032810|944.19
1787081295|20260819032815|944.22
1787081300|20260819032820|944.25
1787081315|20260819032835|944.35
1787081320|20260819032840|944.44
1787081325|20260819032845|944.45
1787081330|20260819032850|944.40
1787081335|20260819032855|944.40
1787081345|20260819032905|944.48
1787081350|20260819032910|944.50
1787081355|20260819032915|944.44
1787081360|20260819032920|944.29
1787081365|20260819032925|944.32
1787081395|20260819032955|944.33
1787081400|20260819033000|944.33
1787081405|20260819033005|944.22
1787081410|20260819033010|944.19
1787081415|20260819033015|944.19
1787081425|20260819033025|944.12
1787081435|20260819033035|944.29
1787081445|20260819033045|944.31
1787081450|20260819033050|944.26
1787081455|20260819033055|944.35
1787081465|20260819033105|944.38
1787081470|20260819033110|944.30
1787081475|20260819033115|944.32
1787081480|20260819033120|944.35
1787081495|20260819033135|944.54
1787081500|20260819033140|944.44
1787081505|20260819033145|944.48
1787081510|20260819033150|944.48
1787081515|20260819033155|944.48
1787081525|20260819033205|944.42
1787081530|20260819033210|944.45
1787081535|20260819033215|944.47
1787081565|20260819033245|944.67
1787081570|20260819033250|944.69
1787081575|20260819033255|944.66
1787081580|20260819033300|944.57
1787081585|20260819033305|944.53
1787081590|20260819033310|944.62
1787081595|20260819033315|944.60
1787081600|20260819033320|944.52
1787081605|20260819033325|944.40
1787081615|20260819033335|944.46
1787081620|20260819033340|944.41
1787081630|20260819033350|944.40
1787081635|20260819033355|944.39
1787081645|20260819033405|944.35
1787081650|20260819033410|944.40
1787081655|20260819033415|944.30
1787081660|20260819033420|944.30
1787081700|20260819033500|944.06
1787081705|20260819033505|944.18
1787081715|20260819033515|944.19
1787081720|20260819033520|944.18
1787081725|20260819033525|944.21
1787081735|20260819033535|944.12
1787081740|20260819033540|944.10
1787081745|20260819033545|944.09
1787081750|20260819033550|944.16
1787081755|20260819033555|944.13
1787081765|20260819033605|944.10
1787081770|20260819033610|944.11
1787081775|20260819033615|944.22
1787081780|20260819033620|944.21
1787081785|20260819033625|944.24
1787081795|20260819033635|944.19
1787081800|20260819033640|944.29
1787081805|20260819033645|944.37
1787081810|20260819033650|944.17
1787081815|20260819033655|944.12
1787081825|20260819033705|944.03
1787081830|20260819033710|944.01
1787081835|20260819033715|944.04
1787081840|20260819033720|944.09
1787081845|20260819033725|944.09
1787081855|20260819033735|944.10
1787081860|20260819033740|944.09
1787081865|20260819033745|944.07
1787081870|20260819033750|944.21
1787081880|20260819033800|944.25
1787081885|20260819033805|944.19
1787081890|20260819033810|944.22
1787081895|20260819033815|944.21
1787081905|20260819033825|944.18
1787081915|20260819033835|944.17
1787081920|20260819033840|944.13
1787081925|20260819033845|944.19
1787081930|20260819033850|944.28
1787081935|20260819033855|944.26
1787081945|20260819033905|944.34
1787081950|20260819033910|944.35
1787081955|20260819033915|944.35
1787081960|20260819033920|944.35
1787081965|20260819033925|944.33
1787082000|20260819034000|944.31
1787082005|20260819034005|944.32
1787082010|20260819034010|944.31
1787082020|20260819034020|944.45
1787082025|20260819034025|944.40
1787082050|20260819034050|944.53
1787082065|20260819034105|944.55
1787082070|20260819034110|944.54
1787082075|20260819034115|944.62
1787082080|20260819034120|944.62
1787082085|20260819034125|944.62
1787082095|20260819034135|944.79
1787082100|20260819034140|944.79
1787082105|20260819034145|944.79
1787082130|20260819034210|944.87
1787082135|20260819034215|944.84
1787082140|20260819034220|944.85
1787082145|20260819034225|944.86
1787082155|20260819034235|944.83
1787082160|20260819034240|944.84
1787082165|20260819034245|944.88
1787082170|20260819034250|944.88
1787082175|20260819034255|944.85
1787082185|20260819034305|944.81
1787082190|20260819034310|944.88
1787082195|20260819034315|944.87
1787082205|20260819034325|944.83
1787082215|20260819034335|944.82
1787082220|20260819034340|944.75
1787082225|20260819034345|944.76
1787082230|20260819034350|944.70
1787082235|20260819034355|944.70
1787082240|20260819034400|944.37
1787082245|20260819034405|944.24
1787082250|20260819034410|944.26
1787082255|20260819034415|944.01
1787082260|20260819034420|943.99
1787082265|20260819034425|943.94
1787082300|20260819034500|943.29
1787082305|20260819034505|943.06
1787082315|20260819034515|943.06
1787082320|20260819034520|943.20
1787082325|20260819034525|943.13
1787082335|20260819034535|943.35
1787082340|20260819034540|943.67
1787082345|20260819034545|943.66
1787082350|20260819034550|943.58
1787082355|20260819034555|943.63
1787082360|20260819034600|943.73
1787082365|20260819034605|943.84
1787082370|20260819034610|943.79
1787082375|20260819034615|943.84
1787082380|20260819034620|943.86
1787082385|20260819034625|943.73
1787082395|20260819034635|943.72
1787082400|20260819034640|943.80
1787082405|20260819034645|943.83
1787082410|20260819034650|943.91
1787082415|20260819034655|943.80
1787082425|20260819034705|943.69
1787082430|20260819034710|943.68
1787082435|20260819034715|943.50
1787082440|20260819034720|943.54
1787082445|20260819034725|943.57
1787082455|20260819034735|943.50
1787082460|20260819034740|943.52
1787082465|20260819034745|943.48
1787082470|20260819034750|943.52
1787082475|20260819034755|943.53
1787082480|20260819034800|943.48
1787082485|20260819034805|943.36
1787082515|20260819034835|942.67
1787082520|20260819034840|942.61
1787082525|20260819034845|942.73
1787082530|20260819034850|942.72
1787082535|20260819034855|942.63
1787082545|20260819034905|942.52
1787082550|20260819034910|942.50
1787082555|20260819034915|942.31
1787082560|20260819034920|942.27
1787082565|20260819034925|942.40
1787082600|20260819035000|942.33
1787082605|20260819035005|942.36
1787082610|20260819035010|941.96
1787082620|20260819035020|942.01
1787082625|20260819035025|942.17
1787082635|20260819035035|942.25
1787082640|20260819035040|942.30
1787082645|20260819035045|942.35
1787082650|20260819035050|942.46
1787082655|20260819035055|942.32
1787082665|20260819035105|942.29
1787082675|20260819035115|942.18
1787082680|20260819035120|941.96
1787082685|20260819035125|941.87
1787082695|20260819035135|941.96
1787082705|20260819035145|941.98
1787082710|20260819035150|941.96
1787082715|20260819035155|941.93
1787082725|20260819035205|941.66
1787082730|20260819035210|941.77
1787082735|20260819035215|941.68
1787082745|20260819035225|941.80
1787082755|20260819035235|941.90
1787082760|20260819035240|941.93
1787082765|20260819035245|941.76
1787082770|20260819035250|941.80
1787082775|20260819035255|941.86
1787082785|20260819035305|942.06
1787082795|20260819035315|942.08
1787082800|20260819035320|942.01
1787082815|20260819035335|942.20
1787082820|20260819035340|942.21
1787082830|20260819035350|942.07
1787082835|20260819035355|942.01
1787082855|20260819035415|941.86
1787082860|20260819035420|941.85
1787082865|20260819035425|941.75
1787082900|20260819035500|942.24
1787082915|20260819035515|942.00
1787082925|20260819035525|942.41
1787082935|20260819035535|942.32
1787082945|20260819035545|942.30
1787082965|20260819035605|942.16
1787082975|20260819035615|942.04
1787082980|20260819035620|941.87
1787083000|20260819035640|941.85
1787083005|20260819035645|941.86
1787083010|20260819035650|941.67
1787083035|20260819035715|941.57
1787083040|20260819035720|941.03
1787083065|20260819035745|941.15
1787083070|20260819035750|941.20
1787083075|20260819035755|941.36
1787083090|20260819035810|941.05
1787083095|20260819035815|941.18
1787083100|20260819035820|941.22
1787083105|20260819035825|941.39
1787083115|20260819035835|941.56
1787083120|20260819035840|941.61
1787083135|20260819035855|941.54
1787083145|20260819035905|942.05
1787083150|20260819035910|942.16
1787083155|20260819035915|942.16
1787083160|20260819035920|942.29
1787083165|20260819035925|942.30
1787083200|20260819040000|942.20
1787083205|20260819040005|942.27
1787083210|20260819040010|942.19
1787083215|20260819040015|942.26
1787083225|20260819040025|942.12
1787083240|20260819040040|942.01
1787083245|20260819040045|941.94
1787083275|20260819040115|941.81
1787083280|20260819040120|941.90
1787083285|20260819040125|941.86
1787083295|20260819040135|941.92
1787083300|20260819040140|941.90
1787083310|20260819040150|942.03
1787083330|20260819040210|942.35
1787083335|20260819040215|942.19
1787083340|20260819040220|942.23
1787083355|20260819040235|942.23
1787083360|20260819040240|942.20
1787083365|20260819040245|942.18
1787083370|20260819040250|942.22
1787083375|20260819040255|942.44
1787083385|20260819040305|942.34
1787083390|20260819040310|942.33
1787083400|20260819040320|942.20
1787083415|20260819040335|942.17
1787083420|20260819040340|942.19
1787083425|20260819040345|942.20
1787083435|20260819040355|941.91
1787083445|20260819040405|941.77
1787083450|20260819040410|941.83
1787083455|20260819040415|941.86
1787083460|20260819040420|941.82
1787083465|20260819040425|941.78
1787083480|20260819040440|941.89
1787083500|20260819040500|941.92
1787083505|20260819040505|942.01
1787083510|20260819040510|942.01
1787083515|20260819040515|941.97
1787083520|20260819040520|941.95
1787083525|20260819040525|941.98
1787083535|20260819040535|941.94
1787083540|20260819040540|941.90
1787083545|20260819040545|941.90
1787083550|20260819040550|941.90
1787083555|20260819040555|941.93
1787083560|20260819040600|941.91
1787083565|20260819040605|941.91
1787083570|20260819040610|941.87
1787083575|20260819040615|941.88
1787083580|20260819040620|941.87
1787083585|20260819040625|941.92
1787083600|20260819040640|942.01
1787083605|20260819040645|941.94
1787083610|20260819040650|941.94
1787083615|20260819040655|941.90
1787083625|20260819040705|941.96
1787083630|20260819040710|941.97
1787083635|20260819040715|941.96
1787083640|20260819040720|941.97
1787083645|20260819040725|941.95
1787083655|20260819040735|941.81
1787083660|20260819040740|941.86
1787083665|20260819040745|941.81
1787083670|20260819040750|941.82
1787083675|20260819040755|941.74
1787083680|20260819040800|941.74
1787083685|20260819040805|941.72
1787083695|20260819040815|941.66
1787083700|20260819040820|941.64
1787083705|20260819040825|941.66
1787083715|20260819040835|941.68
1787083720|20260819040840|941.72
1787083725|20260819040845|941.79
1787083730|20260819040850|941.76
1787083735|20260819040855|941.72
1787083745|20260819040905|941.67
1787083750|20260819040910|941.66
1787083755|20260819040915|941.70
1787083760|20260819040920|941.67
1787083765|20260819040925|941.73
1787083805|20260819041005|941.74
1787083815|20260819041015|941.81
1787083820|20260819041020|941.75
1787083825|20260819041025|941.75
1787083835|20260819041035|941.73
1787083845|20260819041045|941.84
1787083870|20260819041110|941.57
1787083875|20260819041115|941.58
1787083880|20260819041120|941.55
1787083885|20260819041125|941.57
1787083895|20260819041135|941.54
1787083900|20260819041140|941.54
1787083910|20260819041150|941.63
1787083915|20260819041155|941.63
1787083925|20260819041205|941.59
1787083930|20260819041210|941.59
1787083935|20260819041215|941.57
1787083940|20260819041220|941.65
1787083945|20260819041225|941.59
1787083965|20260819041245|941.62
1787083970|20260819041250|941.61
1787083975|20260819041255|941.64
1787083985|20260819041305|941.66
1787083990|20260819041310|941.81
1787083995|20260819041315|941.81
1787084000|20260819041320|941.42
1787084005|20260819041325|941.40
1787084015|20260819041335|941.38
1787084030|20260819041350|941.32
1787084035|20260819041355|941.31
1787084055|20260819041415|941.35
1787084105|20260819041505|941.51
1787084110|20260819041510|941.60
1787084115|20260819041515|941.60
1787084125|20260819041525|941.37
1787084140|20260819041540|941.13
1787084150|20260819041550|941.10
1787084170|20260819041610|941.23
1787084175|20260819041615|941.36
1787084185|20260819041625|941.29
1787084195|20260819041635|941.38
1787084200|20260819041640|941.34
1787084205|20260819041645|941.35
1787084210|20260819041650|941.39
1787084215|20260819041655|941.41
1787084230|20260819041710|941.45
1787084235|20260819041715|941.45
1787084240|20260819041720|941.41
1787084245|20260819041725|941.40
1787084255|20260819041735|941.43
1787084260|20260819041740|941.43
1787084265|20260819041745|941.49
1787084270|20260819041750|941.49
1787084275|20260819041755|941.52
1787084300|20260819041820|941.43
1787084315|20260819041835|941.38
1787084325|20260819041845|941.44
1787084330|20260819041850|941.49
1787084335|20260819041855|941.47
1787084345|20260819041905|941.46
1787084355|20260819041915|941.53
1787084360|20260819041920|941.52
1787084400|20260819042000|941.47
1787084405|20260819042005|941.47
1787084410|20260819042010|941.39
1787084420|20260819042020|941.30
1787084425|20260819042025|941.36
1787084435|20260819042035|941.11
1787084440|20260819042040|941.11
1787084445|20260819042045|941.04
1787084450|20260819042050|940.91
1787084455|20260819042055|940.86
1787084465|20260819042105|940.80
1787084470|20260819042110|940.75
1787084475|20260819042115|940.76
1787084480|20260819042120|940.29
1787084485|20260819042125|940.23
1787084495|20260819042135|940.04
1787084500|20260819042140|940.00
1787084505|20260819042145|940.13
1787084510|20260819042150|940.06
1787084520|20260819042200|940.33
1787084525|20260819042205|940.30
1787084530|20260819042210|940.32
1787084535|20260819042215|940.23
1787084540|20260819042220|940.42
1787084545|20260819042225|940.34
1787084555|20260819042235|940.46
1787084560|20260819042240|940.51
1787084565|20260819042245|940.52
1787084570|20260819042250|940.64
1787084575|20260819042255|940.66
1787084585|20260819042305|940.69
1787084595|20260819042315|940.73
1787084600|20260819042320|940.69
1787084605|20260819042325|940.70
1787084615|20260819042335|940.76
1787084620|20260819042340|940.72
1787084630|20260819042350|940.75
1787084635|20260819042355|940.70
1787084645|20260819042405|940.64
1787084650|20260819042410|940.74
1787084655|20260819042415|940.78
1787084660|20260819042420|940.71
1787084665|20260819042425|940.70
1787084710|20260819042510|940.64
1787084715|20260819042515|940.62
1787084720|20260819042520|940.62
1787084725|20260819042525|940.61
1787084735|20260819042535|940.58
1787084740|20260819042540|940.49
1787084745|20260819042545|940.57
1787084750|20260819042550|940.56
1787084755|20260819042555|940.55
1787084765|20260819042605|940.53
1787084770|20260819042610|940.58
1787084775|20260819042615|940.62
1787084785|20260819042625|940.59
1787084795|20260819042635|940.53
1787084800|20260819042640|940.57
1787084805|20260819042645|940.57
1787084810|20260819042650|940.58
1787084815|20260819042655|940.47
1787084825|20260819042705|940.47
1787084835|20260819042715|940.37
1787084840|20260819042720|940.37
1787084845|20260819042725|940.37
1787084860|20260819042740|940.37
1787084865|20260819042745|940.38
1787084870|20260819042750|940.48
1787084875|20260819042755|940.48
1787084880|20260819042800|940.52
1787084885|20260819042805|940.50
1787084890|20260819042810|940.50
1787084895|20260819042815|940.48
1787084905|20260819042825|940.45
1787084920|20260819042840|940.52
1787084925|20260819042845|940.57
1787084935|20260819042855|940.54
1787084945|20260819042905|940.64
1787084950|20260819042910|940.67
1787084955|20260819042915|940.63
1787084960|20260819042920|940.65
1787084965|20260819042925|940.55
1787085000|20260819043000|940.61
1787085005|20260819043005|940.64
1787085020|20260819043020|940.47
1787085025|20260819043025|940.40
1787085035|20260819043035|940.36
1787085040|20260819043040|940.43
1787085045|20260819043045|940.39
1787085050|20260819043050|940.38
1787085055|20260819043055|940.36
1787085065|20260819043105|940.46
1787085070|20260819043110|940.34
1787085075|20260819043115|940.34
1787085085|20260819043125|940.36
1787085100|20260819043140|940.38
1787085105|20260819043145|940.43
1787085125|20260819043205|940.39
1787085130|20260819043210|940.40
1787085135|20260819043215|940.42
1787085140|20260819043220|940.49
1787085145|20260819043225|940.52
1787085155|20260819043235|940.72
1787085160|20260819043240|940.73
1787085165|20260819043245|940.80
1787085170|20260819043250|940.76
1787085175|20260819043255|940.79
1787085185|20260819043305|940.80
1787085190|20260819043310|940.85
1787085205|20260819043325|940.83
1787085215|20260819043335|940.84
1787085220|20260819043340|940.83
1787085225|20260819043345|940.84
1787085230|20260819043350|940.85
1787085235|20260819043355|940.87
1787085245|20260819043405|940.86
1787085250|20260819043410|940.84
1787085255|20260819043415|940.83
1787085260|20260819043420|940.86
1787085265|20260819043425|940.84
1787085300|20260819043500|940.91
1787085305|20260819043505|940.91
1787085310|20260819043510|940.95
1787085315|20260819043515|940.96
1787085320|20260819043520|940.91
1787085335|20260819043535|940.87
1787085340|20260819043540|940.87
1787085345|20260819043545|940.90
1787085355|20260819043555|940.88
1787085360|20260819043600|940.87
1787085365|20260819043605|940.80
1787085370|20260819043610|940.81
1787085375|20260819043615|940.81
1787085380|20260819043620|940.67
1787085385|20260819043625|940.58
1787085395|20260819043635|940.63
1787085400|20260819043640|940.60
1787085415|20260819043655|940.64
1787085425|20260819043705|940.73
1787085430|20260819043710|940.79
1787085435|20260819043715|940.79
1787085440|20260819043720|940.70
1787085445|20260819043725|940.68
1787085455|20260819043735|940.66
1787085460|20260819043740|940.67
1787085470|20260819043750|940.62
1787085475|20260819043755|940.60
1787085485|20260819043805|940.53
1787085495|20260819043815|940.57
1787085500|20260819043820|940.72
1787085505|20260819043825|940.65
1787085515|20260819043835|940.72
1787085520|20260819043840|940.71
1787085530|20260819043850|940.83
1787085535|20260819043855|940.80
1787085540|20260819043900|940.73
1787085545|20260819043905|940.78
1787085550|20260819043910|940.74
1787085555|20260819043915|940.76
1787085560|20260819043920|940.73
1787085565|20260819043925|940.71
1787085600|20260819044000|940.61
1787085605|20260819044005|940.59
1787085610|20260819044010|940.58
1787085615|20260819044015|940.54
1787085620|20260819044020|940.52
1787085625|20260819044025|940.58
1787085640|20260819044040|940.74
1787085645|20260819044045|940.70
1787085650|20260819044050|940.68
1787085665|20260819044105|940.67
1787085680|20260819044120|940.66
1787085685|20260819044125|940.71
1787085695|20260819044135|940.68
1787085700|20260819044140|940.67
1787085705|20260819044145|940.69
1787085710|20260819044150|940.68
1787085715|20260819044155|940.34
1787085720|20260819044200|940.34
1787085725|20260819044205|940.38
1787085730|20260819044210|940.39
1787085735|20260819044215|940.37
1787085740|20260819044220|940.39
1787085760|20260819044240|940.08
1787085765|20260819044245|940.11
1787085770|20260819044250|940.08
1787085775|20260819044255|940.08
1787085785|20260819044305|940.23
1787085790|20260819044310|939.81
1787085795|20260819044315|939.70
1787085800|20260819044320|939.69
1787085805|20260819044325|939.70
1787085815|20260819044335|939.82
1787085830|20260819044350|939.88
1787085845|20260819044405|939.48
1787085850|20260819044410|939.40
1787085855|20260819044415|939.32
1787085860|20260819044420|939.39
1787085865|20260819044425|939.40
1787085900|20260819044500|939.37
1787085905|20260819044505|939.60
1787085910|20260819044510|939.57
1787085915|20260819044515|939.46
1787085920|20260819044520|939.42
1787085925|20260819044525|939.46
1787085935|20260819044535|939.37
1787085940|20260819044540|939.49
1787085945|20260819044545|939.50
1787085950|20260819044550|939.51
1787085955|20260819044555|939.50
1787085965|20260819044605|939.45
1787085980|20260819044620|939.36
1787085985|20260819044625|939.32
1787085995|20260819044635|939.28
1787086000|20260819044640|939.33
1787086005|20260819044645|939.22
1787086010|20260819044650|939.35
1787086015|20260819044655|939.33
1787086035|20260819044715|939.25
1787086040|20260819044720|939.23
1787086045|20260819044725|939.21
1787086055|20260819044735|939.22
1787086060|20260819044740|939.29
1787086065|20260819044745|939.26
1787086070|20260819044750|939.25
1787086075|20260819044755|939.17
1787086090|20260819044810|938.92
1787086100|20260819044820|938.89
1787086115|20260819044835|939.14
1787086120|20260819044840|939.13
1787086125|20260819044845|939.36
1787086130|20260819044850|939.38
1787086135|20260819044855|939.43
1787086140|20260819044900|939.45
1787086145|20260819044905|939.44
1787086150|20260819044910|939.45
1787086155|20260819044915|939.33
1787086160|20260819044920|939.30
1787086165|20260819044925|939.40
1787086200|20260819045000|939.50
1787086205|20260819045005|939.44
1787086210|20260819045010|939.39
1787086215|20260819045015|939.26
1787086220|20260819045020|939.41
1787086235|20260819045035|939.28
1787086240|20260819045040|939.26
1787086245|20260819045045|939.29
1787086250|20260819045050|939.29
1787086265|20260819045105|939.30
1787086270|20260819045110|939.37
1787086275|20260819045115|939.01
1787086285|20260819045125|938.94
1787086295|20260819045135|939.15
1787086300|20260819045140|939.16
1787086305|20260819045145|939.13
1787086315|20260819045155|939.08
1787086325|20260819045205|939.10
1787086330|20260819045210|939.12
1787086335|20260819045215|939.13
1787086340|20260819045220|939.05
1787086345|20260819045225|939.11
1787086365|20260819045245|939.32
1787086370|20260819045250|939.37
1787086390|20260819045310|939.45
1787086395|20260819045315|939.57
1787086400|20260819045320|939.55
1787086405|20260819045325|939.56
1787086420|20260819045340|939.40
1787086430|20260819045350|939.49
1787086445|20260819045405|939.55
1787086450|20260819045410|939.66
1787086455|20260819045415|939.60
1787086460|20260819045420|939.71
1787086505|20260819045505|939.89
1787086510|20260819045510|939.68
1787086515|20260819045515|939.87
1787086520|20260819045520|939.85
1787086535|20260819045535|939.86
1787086545|20260819045545|939.90
1787086550|20260819045550|939.87
1787086565|20260819045605|939.81
1787086575|20260819045615|939.76
1787086580|20260819045620|939.75
1787086585|20260819045625|939.61
1787086595|20260819045635|939.45
1787086600|20260819045640|939.46
1787086605|20260819045645|939.59
1787086610|20260819045650|939.60
1787086615|20260819045655|939.62
1787086625|20260819045705|939.68
1787086630|20260819045710|939.74
1787086635|20260819045715|939.73
1787086640|20260819045720|939.87
1787086645|20260819045725|939.80
1787086655|20260819045735|939.85
1787086660|20260819045740|939.87
1787086670|20260819045750|940.00
1787086675|20260819045755|940.04
1787086685|20260819045805|940.02
1787086690|20260819045810|940.05
1787086695|20260819045815|940.07
1787086700|20260819045820|940.03
1787086705|20260819045825|940.04
1787086715|20260819045835|939.93
1787086720|20260819045840|940.04
1787086735|20260819045855|939.90
1787086745|20260819045905|939.81
1787086750|20260819045910|939.82
1787086755|20260819045915|939.87
1787086765|20260819045925|939.73
1787086781|20260819045941|939.85
