1791216005|20261006000005|892.42
1791216020|20261006000020|892.28
1791216025|20261006000025|892.24
1791216035|20261006000035|892.16
1791216040|20261006000040|892.15
1791216045|20261006000045|892.29
1791216065|20261006000105|892.07
1791216070|20261006000110|892.03
1791216075|20261006000115|891.95
1791216080|20261006000120|891.97
1791216085|20261006000125|891.99
1791216095|20261006000135|891.86
1791216100|20261006000140|891.87
1791216105|20261006000145|891.93
1791216115|20261006000155|891.92
1791216125|20261006000205|891.79
1791216130|20261006000210|891.88
1791216135|20261006000215|891.85
1791216140|20261006000220|891.84
1791216145|20261006000225|891.84
1791216155|20261006000235|891.91
1791216165|20261006000245|891.84
1791216175|20261006000255|891.89
1791216185|20261006000305|891.79
1791216190|20261006000310|891.83
1791216195|20261006000315|891.66
1791216205|20261006000325|891.72
1791216215|20261006000335|891.61
1791216220|20261006000340|891.62
1791216225|20261006000345|891.61
1791216235|20261006000355|891.46
1791216245|20261006000405|891.44
1791216250|20261006000410|891.51
1791216260|20261006000420|891.55
1791216265|20261006000425|891.56
1791216305|20261006000505|891.56
1791216315|20261006000515|891.56
1791216320|20261006000520|891.53
1791216325|20261006000525|891.52
1791216335|20261006000535|891.50
1791216345|20261006000545|891.49
1791216365|20261006000605|891.41
1791216370|20261006000610|891.41
1791216375|20261006000615|891.33
1791216380|20261006000620|891.37
1791216385|20261006000625|891.44
1791216395|20261006000635|891.45
1791216400|20261006000640|891.38
1791216415|20261006000655|891.50
1791216425|20261006000705|891.35
1791216430|20261006000710|891.41
1791216435|20261006000715|891.34
1791216440|20261006000720|891.34
1791216445|20261006000725|891.30
1791216455|20261006000735|891.34
1791216465|20261006000745|891.53
1791216475|20261006000755|891.54
1791216485|20261006000805|891.52
1791216490|20261006000810|891.45
1791216495|20261006000815|891.45
1791216500|20261006000820|891.47
1791216505|20261006000825|891.45
1791216520|20261006000840|891.46
1791216525|20261006000845|891.51
1791216530|20261006000850|891.53
1791216535|20261006000855|891.58
1791216545|20261006000905|891.54
1791216550|20261006000910|891.56
1791216555|20261006000915|891.55
1791216560|20261006000920|891.57
1791216565|20261006000925|891.60
1791216605|20261006001005|891.76
1791216610|20261006001010|891.67
1791216615|20261006001015|891.66
1791216620|20261006001020|891.77
1791216625|20261006001025|891.72
1791216635|20261006001035|891.72
1791216640|20261006001040|891.79
1791216645|20261006001045|891.71
1791216650|20261006001050|891.73
1791216710|20261006001150|891.38
