1790870464|20261002000104|900.00
1790870669|20261002000429|901.00
1790870762|20261002000602|900.50
1790870914|20261002000834|901.85
1790871016|20261002001016|901.75
1790871296|20261002001456|900.34
1790871515|20261002001835|900.88
1790871558|20261002001918|900.01
1790871806|20261002002326|899.60
1790871894|20261002002454|900.45
1790871984|20261002002624|900.45
1790872117|20261002002837|899.22
1790872230|20261002003030|900.58
1790872340|20261002003220|899.78
1790872506|20261002003506|900.46
1790872726|20261002003846|899.14
1790872817|20261002004017|899.63
1790872925|20261002004205|898.84
1790873293|20261002004813|899.86
1790873390|20261002004950|899.10
1790873419|20261002005019|899.33
1790873561|20261002005241|898.38
1790873809|20261002005649|898.23
1790873992|20261002005952|898.89
1790874082|20261002010122|898.68
1790874299|20261002010459|900.02
1790874302|20261002010502|900.03
1790874531|20261002010851|900.98
1790874730|20261002011210|901.14
1790874849|20261002011409|900.59
1790875009|20261002011649|901.28
1790875095|20261002011815|900.44
1790875205|20261002012005|900.78
1790875496|20261002012456|901.93
1790875508|20261002012508|901.94
1790875748|20261002012908|900.60
1790875801|20261002013001|900.96
1790875844|20261002013044|903.83
1790876164|20261002013604|901.18
1790876248|20261002013728|902.40
1790876550|20261002014230|901.43
1790876674|20261002014434|902.24
1790876846|20261002014726|902.57
1790876909|20261002014829|901.81
1790877003|20261002015003|902.07
1790877297|20261002015457|900.57
1790877381|20261002015621|901.22
1790877437|20261002015717|899.73
1790877750|20261002020230|901.08
1790877895|20261002020455|899.45
1790877959|20261002020559|898.99
1790878195|20261002020955|900.08
1790878251|20261002021051|899.90
1790878386|20261002021306|901.35
1790878560|20261002021600|900.42
1790878710|20261002021830|901.36
1790878846|20261002022046|900.53
1790879051|20261002022411|902.61
1790879100|20261002022500|902.02
1790879336|20261002022856|900.89
1790879518|20261002023158|900.76
1790879699|20261002023459|902.91
1790879755|20261002023555|902.99
1790879958|20261002023918|901.87
1790880031|20261002024031|901.89
1790880115|20261002024155|902.37
1790880346|20261002024546|902.36
1790880563|20261002024923|901.94
1790880646|20261002025046|902.09
1790880683|20261002025123|901.64
1790880933|20261002025533|901.54
1790881179|20261002025939|902.02
1790881236|20261002030036|902.04
1790881403|20261002030323|901.37
1790881651|20261002030731|901.14
1790881753|20261002030913|901.77
1790881937|20261002031217|901.49
1790882069|20261002031429|901.94
1790882171|20261002031611|902.28
1790882280|20261002031800|901.66
1790882534|20261002032214|902.57
1790882698|20261002032458|902.06
1790882706|20261002032506|902.10
1790882836|20261002032716|901.58
1790883098|20261002033138|902.40
1790883284|20261002033444|901.73
1790883335|20261002033535|901.97
1790883520|20261002033840|901.47
1790883631|20261002034031|901.27
1790883882|20261002034442|901.99
1790883943|20261002034543|901.83
1790884146|20261002034906|901.31
1790884201|20261002035001|901.43
1790884270|20261002035110|902.52
1790884720|20261002035840|901.52
1790884790|20261002035950|901.89
1790884810|20261002040010|901.80
1790884964|20261002040244|902.64
1790885148|20261002040548|902.10
1790885235|20261002040715|901.74
1790885432|20261002041032|901.84
1790885628|20261002041348|902.16
1790885758|20261002041558|901.97
1790885833|20261002041713|902.46
1790886030|20261002042030|902.31
1790886152|20261002042232|902.08
1790886308|20261002042508|902.17
1790886450|20261002042730|901.48
1790886808|20261002043328|901.74
1790886892|20261002043452|901.37
1790886907|20261002043507|901.45
1790887088|20261002043808|901.18
1790887334|20261002044214|901.44
1790887423|20261002044343|901.12
1790887509|20261002044509|901.28
1790887705|20261002044825|901.97
1790887880|20261002045120|902.33
1790887912|20261002045152|901.77
1790888128|20261002045528|902.08
1790888185|20261002045625|901.77
1790892171|20261002060251|902.09
1790892249|20261002060409|901.30
1790892315|20261002060515|901.86
1790892587|20261002060947|901.36
1790892702|20261002061142|901.52
1790892813|20261002061333|900.99
1790892902|20261002061502|901.18
1790893016|20261002061656|900.83
1790893336|20261002062216|901.03
1790893408|20261002062328|900.82
1790893576|20261002062616|901.13
1790893731|20261002062851|900.81
1790893822|20261002063022|900.79
1790893982|20261002063302|901.61
1790894174|20261002063614|901.47
1790894385|20261002063945|901.74
1790894475|20261002064115|901.57
1790894545|20261002064225|901.78
1790894761|20261002064601|901.84
1790894979|20261002064939|901.63
1790895035|20261002065035|901.60
1790895297|20261002065457|901.85
1790895342|20261002065542|901.80
1790895515|20261002065835|902.35
1790895738|20261002070218|902.18
1790895897|20261002070457|902.44
1790895902|20261002070502|902.38
1790895935|20261002070535|902.08
1790896201|20261002071001|902.26
1790896487|20261002071447|902.71
1790896687|20261002071807|902.46
1790896799|20261002071959|903.07
1790896861|20261002072101|903.22
1790897071|20261002072431|902.61
1790897245|20261002072725|902.47
1790897345|20261002072905|902.84
1790897512|20261002073152|902.67
1790897671|20261002073431|903.10
1790897722|20261002073522|903.19
1790897999|20261002073959|902.34
1790898171|20261002074251|901.97
1790898283|20261002074443|902.43
1790898362|20261002074602|902.16
1790898592|20261002074952|902.98
1790898605|20261002075005|902.97
1790898738|20261002075218|903.37
1790898984|20261002075624|903.29
1790899174|20261002075934|902.96
1790899263|20261002080103|903.15
1790899486|20261002080446|902.09
1790899501|20261002080501|902.09
1790899730|20261002080850|901.53
1790899855|20261002081055|901.73
1790900004|20261002081324|900.34
1790900145|20261002081545|900.75
1790900373|20261002081933|900.00
1790900435|20261002082035|900.52
1790900696|20261002082456|899.61
1790900703|20261002082503|899.79
1790900860|20261002082740|899.17
1790901157|20261002083237|898.29
1790901198|20261002083318|899.73
1790901341|20261002083541|899.10
1790901525|20261002083845|898.24
1790901632|20261002084032|898.63
1790901679|20261002084119|898.07
1790901994|20261002084634|897.74
1790902097|20261002084817|898.62
1790902331|20261002085211|897.78
1790902407|20261002085327|898.39
1790902506|20261002085506|898.25
1790902780|20261002085940|896.74
1790902886|20261002090126|897.12
1790903048|20261002090408|895.70
1790903114|20261002090514|895.89
1790903371|20261002090931|893.61
1790903446|20261002091046|892.59
1790903650|20261002091410|894.12
1790903793|20261002091633|893.81
1790903930|20261002091850|895.03
1790904146|20261002092226|894.51
1790904295|20261002092455|895.58
1790904487|20261002092807|895.10
1790904598|20261002092958|896.13
1790904600|20261002093000|896.15
1790904727|20261002093207|895.18
1790905021|20261002093701|895.36
1790905145|20261002093905|896.27
1790905237|20261002094037|896.51
1790905446|20261002094406|895.43
1790905650|20261002094730|895.29
1790905774|20261002094934|896.19
1790905941|20261002095221|896.06
1790906006|20261002095326|895.20
1790906125|20261002095525|895.12
1790906363|20261002095923|896.58
1790906469|20261002100109|895.52
1790906698|20261002100458|897.14
1790906878|20261002100758|896.75
1790906930|20261002100850|897.70
1790907028|20261002101028|897.64
1790907183|20261002101303|896.72
1790907313|20261002101513|896.86
1790907560|20261002101920|898.34
1790907600|20261002102000|898.04
1790907854|20261002102414|897.25
1790907911|20261002102511|897.44
1790908182|20261002102942|898.74
1790908304|20261002103144|898.69
1790908495|20261002103455|897.45
1790908500|20261002103500|897.39
1790908532|20261002103532|897.95
1790908818|20261002104018|897.83
1790909041|20261002104401|897.32
1790909138|20261002104538|897.40
1790909334|20261002104854|898.75
1790909508|20261002105148|898.31
1790909566|20261002105246|898.98
1790909768|20261002105608|898.11
1790909977|20261002105937|899.65
1790910004|20261002110004|899.40
1790910271|20261002110431|901.11
1790910301|20261002110501|901.06
1790910558|20261002110918|900.01
1790910612|20261002111012|900.17
1790910796|20261002111316|900.83
1790911025|20261002111705|900.94
1790911114|20261002111834|900.44
1790911201|20261002112001|900.68
1790911381|20261002112301|901.22
1790911528|20261002112528|901.57
1790911770|20261002112930|900.90
1790911837|20261002113037|900.91
1790911890|20261002113130|902.02
1790912118|20261002113518|901.68
1790912232|20261002113712|901.05
1790912431|20261002114031|901.14
1790912570|20261002114250|901.52
1790912721|20261002114521|901.37
1790912893|20261002114813|900.78
1790913075|20261002115115|900.84
1790913284|20261002115444|901.43
1790913302|20261002115502|901.33
1790913590|20261002115950|902.40
1790913613|20261002120013|902.04
1790913827|20261002120347|903.64
1790913936|20261002120536|902.95
1790914069|20261002120749|903.77
1790914217|20261002121017|903.19
1790914437|20261002121357|904.38
1790914532|20261002121532|903.43
1790914588|20261002121628|904.05
1790914806|20261002122006|903.42
1790915079|20261002122439|904.37
1790915147|20261002122547|904.49
1790915241|20261002122721|903.95
1790915543|20261002123223|904.91
1790915695|20261002123455|903.89
1790915713|20261002123513|904.13
1790915997|20261002123957|903.03
1790916001|20261002124001|902.99
1790916105|20261002124145|903.22
1790916401|20261002124641|902.98
1790916595|20261002124955|903.37
1790916600|20261002125000|903.31
1790916720|20261002125200|902.92
1790917007|20261002125647|902.86
1790917199|20261002125959|903.69
1790917432|20261002130352|903.46
1790917494|20261002130454|903.84
1790917516|20261002130516|903.54
1790917694|20261002130814|904.42
1790917800|20261002131000|904.05
1790917930|20261002131210|905.18
1790918170|20261002131610|904.00
1790918399|20261002131959|904.65
1790918401|20261002132001|904.66
1790918516|20261002132156|904.13
1790918808|20261002132648|904.36
1790918898|20261002132818|903.92
1790919049|20261002133049|903.82
1790919144|20261002133224|904.38
1790919305|20261002133505|904.07
1790919400|20261002133640|904.76
1790919655|20261002134055|904.14
1790919821|20261002134341|904.85
1790919933|20261002134533|904.28
1790920092|20261002134812|903.45
1790920353|20261002135233|903.77
1790920443|20261002135403|903.24
1790920557|20261002135557|903.48
1790920780|20261002135940|904.22
1790920804|20261002140004|903.94
1790921056|20261002140416|905.84
1790921110|20261002140510|906.18
1790921205|20261002140645|905.03
1790921439|20261002141039|905.20
1790921616|20261002141336|905.91
1790921703|20261002141503|905.22
1790921897|20261002141817|904.10
1790922003|20261002142003|904.24
1790922153|20261002142233|905.16
1790922320|20261002142520|904.42
1790922480|20261002142800|905.17
1790922622|20261002143022|904.86
1790922897|20261002143457|903.66
1790922943|20261002143543|904.27
1790923137|20261002143857|903.08
1790923201|20261002144001|903.42
1790923491|20261002144451|902.53
1790923660|20261002144740|902.76
1790923698|20261002144818|902.42
1790923943|20261002145223|902.14
1790924087|20261002145447|902.69
1790924165|20261002145605|903.21
1790924309|20261002145829|902.03
1790924430|20261002150030|903.00
1790924557|20261002150237|902.52
1790924792|20261002150632|902.09
1790924829|20261002150709|903.03
1790925004|20261002151004|902.70
1790925297|20261002151457|904.22
1790925309|20261002151509|904.57
1790925596|20261002151956|903.35
1790925600|20261002152000|903.42
1790925760|20261002152240|904.22
1790925952|20261002152552|904.48
1790926150|20261002152910|903.48
1790926261|20261002153101|903.59
1790926435|20261002153355|904.15
1790926513|20261002153513|903.99
1790926657|20261002153737|902.97
1790926880|20261002154120|903.44
1790927005|20261002154325|902.91
1790927150|20261002154550|902.73
1790927399|20261002154959|903.28
1790927418|20261002155018|903.21
1790927535|20261002155215|903.73
1790927723|20261002155523|903.49
1790927875|20261002155755|905.17
1790928117|20261002160157|903.49
1790928247|20261002160407|904.68
1790928304|20261002160504|904.18
1790928491|20261002160811|906.13
1790928602|20261002161002|905.63
1790928781|20261002161301|904.24
1790929053|20261002161733|904.63
1790929171|20261002161931|903.37
1790929278|20261002162118|904.66
1790929476|20261002162436|903.33
1790929693|20261002162813|903.70
1790929760|20261002162920|903.11
1790929839|20261002163039|903.90
1790930082|20261002163442|902.82
1790930104|20261002163504|903.00
1790930204|20261002163644|903.65
1790930416|20261002164016|903.73
1790930683|20261002164443|902.70
1790930726|20261002164526|902.92
1790930878|20261002164758|902.41
1790931002|20261002165002|902.88
1790931034|20261002165034|903.41
1790931321|20261002165521|903.25
1790931439|20261002165719|903.99
1790931607|20261002170007|903.59
1790931811|20261002170331|902.79
1790931972|20261002170612|902.95
1790932195|20261002170955|903.34
1790932204|20261002171004|903.28
1790932419|20261002171339|904.40
1790932638|20261002171718|904.14
1790932758|20261002171918|903.53
1790932830|20261002172030|904.02
1790932911|20261002172151|903.41
1790933102|20261002172502|903.67
1790933206|20261002172646|904.20
1790933455|20261002173055|904.40
1790933699|20261002173459|903.61
1790933778|20261002173618|903.76
1790933890|20261002173810|902.94
1790934002|20261002174002|903.31
1790934191|20261002174311|903.77
1790934458|20261002174738|902.47
1790934581|20261002174941|903.73
1790934600|20261002175000|903.11
1790934842|20261002175402|904.22
1790934978|20261002175618|904.09
1790935195|20261002175955|903.46
1790935230|20261002180030|903.84
1790935400|20261002180320|902.96
1790935502|20261002180502|903.43
1790935794|20261002180954|902.20
1790935803|20261002181003|902.22
1790936023|20261002181343|900.43
1790936302|20261002181822|901.09
1790936381|20261002181941|900.44
1790936417|20261002182017|900.60
1790936664|20261002182424|899.62
1790936702|20261002182502|900.02
1790936993|20261002182953|901.35
1790937022|20261002183022|901.12
1790937286|20261002183446|902.10
1790937434|20261002183714|902.43
1790937535|20261002183855|901.94
1790937617|20261002184017|902.10
1790937890|20261002184450|903.18
1790937970|20261002184610|902.51
1790938098|20261002184818|903.20
1790938289|20261002185129|903.03
1790938464|20261002185424|902.47
1790938511|20261002185511|902.57
1790938595|20261002185635|903.17
1790939021|20261002190341|903.00
1790939052|20261002190412|903.67
1790939142|20261002190542|903.40
1790939396|20261002190956|904.37
1790939402|20261002191002|904.25
1790939525|20261002191205|903.39
1790939758|20261002191558|904.36
1790939861|20261002191741|903.35
1790940006|20261002192006|904.04
1790940138|20261002192218|903.35
1790940314|20261002192514|903.80
1790940583|20261002192943|902.72
1790940775|20261002193255|903.42
1790940878|20261002193438|902.37
1790940907|20261002193507|902.53
1790941031|20261002193711|903.04
1790941209|20261002194009|903.08
1790941333|20261002194213|902.25
1790941502|20261002194502|902.60
1790941550|20261002194550|902.16
1790941874|20261002195114|901.90
1790942096|20261002195456|903.05
1790942125|20261002195525|902.75
1790942236|20261002195716|903.70
1790942446|20261002200046|902.94
1790942635|20261002200355|902.14
1790942700|20261002200500|902.19
1790942942|20261002200902|903.02
1790943012|20261002201012|902.54
1790943235|20261002201355|901.44
1790943323|20261002201523|901.72
1790943560|20261002201920|903.11
1790943748|20261002202228|903.21
1790943894|20261002202454|902.08
1790943933|20261002202533|901.59
1790944198|20261002202958|903.87
1790944206|20261002203006|903.86
1790944350|20261002203230|912.28
1790944553|20261002203553|912.30
1790944642|20261002203722|910.29
1790944801|20261002204001|911.33
1790944972|20261002204252|908.27
1790945141|20261002204541|908.56
1790945246|20261002204726|910.00
