1788537605|20260905000005|957.30
1788537615|20260905000015|957.41
1788537620|20260905000020|957.45
1788537625|20260905000025|957.41
1788537635|20260905000035|957.67
1788537640|20260905000040|957.88
1788537645|20260905000045|957.81
1788537650|20260905000050|957.88
1788537655|20260905000055|957.99
1788537665|20260905000105|958.02
1788537675|20260905000115|957.88
1788537680|20260905000120|957.83
1788537690|20260905000130|957.69
1788537695|20260905000135|957.59
1788537700|20260905000140|957.52
1788537705|20260905000145|957.51
1788537715|20260905000155|957.89
1788537720|20260905000200|957.67
1788537725|20260905000205|957.70
1788537730|20260905000210|957.69
1788537735|20260905000215|957.71
1788537740|20260905000220|957.74
1788537760|20260905000240|957.64
1788537765|20260905000245|957.68
1788537770|20260905000250|957.63
1788537775|20260905000255|957.62
1788537785|20260905000305|957.75
1788537790|20260905000310|957.79
1788537795|20260905000315|957.61
1788537800|20260905000320|957.65
1788537805|20260905000325|957.84
1788537820|20260905000340|957.57
1788537830|20260905000350|957.60
1788537835|20260905000355|957.68
1788537840|20260905000400|957.74
1788537860|20260905000420|957.71
1788537865|20260905000425|957.80
1788537895|20260905000455|957.93
1788537900|20260905000500|957.93
1788537905|20260905000505|957.99
1788537915|20260905000515|958.03
1788537920|20260905000520|957.97
1788537930|20260905000530|958.07
1788537935|20260905000535|958.09
1788537940|20260905000540|958.02
1788537945|20260905000545|957.77
1788537950|20260905000550|957.79
1788537955|20260905000555|957.85
1788537960|20260905000600|957.98
1788537975|20260905000615|957.88
1788538000|20260905000640|957.20
1788538005|20260905000645|957.21
1788538030|20260905000710|957.14
1788538035|20260905000715|957.10
1788538040|20260905000720|957.07
1788538055|20260905000735|957.28
1788538060|20260905000740|957.31
1788538065|20260905000745|957.22
1788538070|20260905000750|957.25
1788538075|20260905000755|957.18
1788538080|20260905000800|956.97
1788538090|20260905000810|957.19
1788538095|20260905000815|957.28
1788538105|20260905000825|957.14
1788538115|20260905000835|957.22
1788538120|20260905000840|957.26
1788538125|20260905000845|957.22
1788538135|20260905000855|957.17
1788538150|20260905000910|957.12
1788538160|20260905000920|957.15
1788538205|20260905001005|956.76
1788538215|20260905001015|956.62
1788538220|20260905001020|956.62
1788538235|20260905001035|956.88
1788538240|20260905001040|957.00
1788538245|20260905001045|957.03
1788538250|20260905001050|956.94
1788538255|20260905001055|956.96
1788538260|20260905001100|957.00
1788538275|20260905001115|957.02
1788538295|20260905001135|957.02
1788538300|20260905001140|957.05
1788538310|20260905001150|956.90
1788538315|20260905001155|956.78
1788538320|20260905001200|956.90
1788538325|20260905001205|956.77
1788538335|20260905001215|956.62
1788538340|20260905001220|956.63
1788538345|20260905001225|956.66
1788538355|20260905001235|956.51
1788538360|20260905001240|956.53
1788538365|20260905001245|956.52
1788538370|20260905001250|956.45
1788538375|20260905001255|956.66
1788538385|20260905001305|956.54
1788538390|20260905001310|956.85
1788538395|20260905001315|956.80
1788538400|20260905001320|956.93
1788538405|20260905001325|956.95
1788538415|20260905001335|957.25
1788538420|20260905001340|957.29
1788538425|20260905001345|957.27
1788538430|20260905001350|957.37
1788538435|20260905001355|957.42
1788538440|20260905001400|957.51
1788538445|20260905001405|957.60
1788538455|20260905001415|957.80
1788538500|20260905001500|957.75
1788538535|20260905001535|957.79
1788538545|20260905001545|957.80
1788538555|20260905001555|957.80
1788538575|20260905001615|957.77
1788538600|20260905001640|957.57
1788538605|20260905001645|957.53
1788538610|20260905001650|957.66
1788538615|20260905001655|957.71
1788538620|20260905001700|957.69
1788538625|20260905001705|957.76
1788538630|20260905001710|957.71
1788538640|20260905001720|957.72
1788538645|20260905001725|957.69
1788538660|20260905001740|958.21
1788538665|20260905001745|958.16
1788538670|20260905001750|957.91
1788538675|20260905001755|958.05
1788538695|20260905001815|958.33
1788538715|20260905001835|958.68
1788538720|20260905001840|958.70
1788538725|20260905001845|958.48
1788538730|20260905001850|958.45
1788538735|20260905001855|958.32
1788538740|20260905001900|958.29
1788538745|20260905001905|958.30
1788538755|20260905001915|958.25
1788538760|20260905001920|958.23
1788538765|20260905001925|958.24
1788538770|20260905001930|958.44
1788538775|20260905001935|958.44
1788538780|20260905001940|958.42
1788538790|20260905001950|958.53
1788538805|20260905002005|958.40
1788538810|20260905002010|958.50
1788538815|20260905002015|958.53
1788538820|20260905002020|958.42
1788538825|20260905002025|958.48
1788538840|20260905002040|958.34
1788538845|20260905002045|958.40
1788538850|20260905002050|958.42
1788538855|20260905002055|958.38
1788538860|20260905002100|958.23
1788538865|20260905002105|958.29
1788538875|20260905002115|958.30
1788538900|20260905002140|958.32
1788538905|20260905002145|958.24
1788538910|20260905002150|957.92
1788538915|20260905002155|957.89
1788538920|20260905002200|957.82
1788538925|20260905002205|957.73
1788538955|20260905002235|957.61
1788538960|20260905002240|957.57
1788538965|20260905002245|957.54
1788538970|20260905002250|957.47
1788538975|20260905002255|957.53
1788538980|20260905002300|957.57
1788538995|20260905002315|957.26
1788539020|20260905002340|957.43
1788539025|20260905002345|957.37
1788539035|20260905002355|957.33
1788539040|20260905002400|957.39
1788539045|20260905002405|957.33
1788539055|20260905002415|957.17
1788539065|20260905002425|957.30
1788539070|20260905002430|957.36
1788539080|20260905002440|957.45
1788539095|20260905002455|957.61
1788539100|20260905002500|957.64
1788539105|20260905002505|957.67
1788539110|20260905002510|957.70
1788539115|20260905002515|957.70
1788539120|20260905002520|957.68
1788539140|20260905002540|957.07
1788539145|20260905002545|957.09
1788539155|20260905002555|957.21
1788539160|20260905002600|957.18
1788539165|20260905002605|957.07
1788539175|20260905002615|956.82
1788539180|20260905002620|956.88
1788539185|20260905002625|956.88
1788539195|20260905002635|956.86
1788539200|20260905002640|956.89
1788539205|20260905002645|956.88
1788539210|20260905002650|956.86
1788539215|20260905002655|957.03
1788539220|20260905002700|957.00
1788539260|20260905002740|956.87
1788539265|20260905002745|956.89
1788539270|20260905002750|956.81
1788539275|20260905002755|956.88
1788539280|20260905002800|956.99
1788539285|20260905002805|956.97
1788539320|20260905002840|956.88
1788539325|20260905002845|956.89
1788539335|20260905002855|956.82
1788539340|20260905002900|956.78
1788539345|20260905002905|956.76
1788539355|20260905002915|956.61
1788539360|20260905002920|956.62
1788539365|20260905002925|956.65
1788539405|20260905003005|956.67
1788539410|20260905003010|956.70
1788539415|20260905003015|956.65
1788539420|20260905003020|956.80
1788539425|20260905003025|957.02
1788539435|20260905003035|956.91
1788539440|20260905003040|956.98
1788539445|20260905003045|956.99
1788539455|20260905003055|957.10
1788539460|20260905003100|957.05
1788539465|20260905003105|956.97
1788539495|20260905003135|957.12
1788539505|20260905003145|957.03
1788539515|20260905003155|957.01
1788539520|20260905003200|957.02
1788539545|20260905003225|957.15
1788539555|20260905003235|957.29
1788539560|20260905003240|957.31
1788539565|20260905003245|957.39
1788539570|20260905003250|957.40
1788539575|20260905003255|957.29
1788539580|20260905003300|957.28
1788539585|20260905003305|957.38
1788539590|20260905003310|957.22
1788539595|20260905003315|957.31
1788539605|20260905003325|957.30
1788539615|20260905003335|957.28
1788539620|20260905003340|957.29
1788539630|20260905003350|957.56
1788539635|20260905003355|957.69
1788539640|20260905003400|957.57
1788539645|20260905003405|957.58
1788539655|20260905003415|957.50
1788539700|20260905003500|957.46
1788539705|20260905003505|957.47
1788539710|20260905003510|957.51
1788539715|20260905003515|957.56
1788539720|20260905003520|957.63
1788539735|20260905003535|957.57
1788539740|20260905003540|957.58
1788539745|20260905003545|957.52
1788539750|20260905003550|957.44
1788539755|20260905003555|957.43
1788539760|20260905003600|957.53
1788539765|20260905003605|957.50
1788539775|20260905003615|957.34
1788539780|20260905003620|957.27
1788539795|20260905003635|957.44
1788539800|20260905003640|957.39
1788539810|20260905003650|957.34
1788539830|20260905003710|957.42
1788539835|20260905003715|957.41
1788539840|20260905003720|957.35
1788539855|20260905003735|957.36
1788539865|20260905003745|957.45
1788539870|20260905003750|957.45
1788539875|20260905003755|957.42
1788539895|20260905003815|957.35
1788539905|20260905003825|957.34
1788539915|20260905003835|957.40
1788539920|20260905003840|957.36
1788539925|20260905003845|957.40
1788539930|20260905003850|957.50
1788539935|20260905003855|957.42
1788539940|20260905003900|957.34
1788539945|20260905003905|957.63
1788539955|20260905003915|957.60
1788539960|20260905003920|957.46
1788539980|20260905003940|957.45
1788540000|20260905004000|957.50
1788540005|20260905004005|957.37
1788540015|20260905004015|957.36
1788540020|20260905004020|957.29
1788540025|20260905004025|957.35
1788540035|20260905004035|957.49
1788540040|20260905004040|957.51
1788540045|20260905004045|957.50
1788540050|20260905004050|957.38
1788540065|20260905004105|957.48
1788540070|20260905004110|957.37
1788540075|20260905004115|957.38
1788540080|20260905004120|957.43
1788540085|20260905004125|957.52
1788540100|20260905004140|957.57
1788540105|20260905004145|957.57
1788540110|20260905004150|957.55
1788540115|20260905004155|957.54
1788540125|20260905004205|957.53
1788540135|20260905004215|957.19
1788540140|20260905004220|957.31
1788540155|20260905004235|957.16
1788540160|20260905004240|957.15
1788540165|20260905004245|957.27
1788540170|20260905004250|957.24
1788540185|20260905004305|957.21
1788540190|20260905004310|957.26
1788540195|20260905004315|957.33
1788540200|20260905004320|957.27
1788540205|20260905004325|957.32
1788540215|20260905004335|957.31
1788540220|20260905004340|957.35
1788540225|20260905004345|957.43
1788540235|20260905004355|957.64
1788540245|20260905004405|957.66
1788540255|20260905004415|957.86
1788540260|20260905004420|957.88
1788540305|20260905004505|957.62
1788540315|20260905004515|957.91
1788540320|20260905004520|957.77
1788540340|20260905004540|957.92
1788540345|20260905004545|957.92
1788540355|20260905004555|957.81
1788540360|20260905004600|957.79
1788540365|20260905004605|957.87
1788540375|20260905004615|957.64
1788540395|20260905004635|957.62
1788540400|20260905004640|957.57
1788540410|20260905004650|957.65
1788540415|20260905004655|957.73
1788540425|20260905004705|957.58
1788540430|20260905004710|957.55
1788540440|20260905004720|957.93
1788540445|20260905004725|957.94
1788540455|20260905004735|957.88
1788540460|20260905004740|957.85
1788540465|20260905004745|957.79
1788540470|20260905004750|957.73
1788540475|20260905004755|957.76
1788540480|20260905004800|957.81
1788540485|20260905004805|957.79
1788540490|20260905004810|957.75
1788540495|20260905004815|957.66
1788540500|20260905004820|957.70
1788540505|20260905004825|957.59
1788540520|20260905004840|957.74
1788540525|20260905004845|957.69
1788540530|20260905004850|957.79
1788540535|20260905004855|957.81
1788540540|20260905004900|957.90
1788540545|20260905004905|958.05
1788540550|20260905004910|958.12
1788540555|20260905004915|958.12
1788540560|20260905004920|958.08
1788540565|20260905004925|958.04
1788540595|20260905004955|958.00
1788540605|20260905005005|958.07
1788540610|20260905005010|958.07
1788540615|20260905005015|958.03
1788540635|20260905005035|957.98
1788540640|20260905005040|957.97
1788540645|20260905005045|958.00
1788540650|20260905005050|957.95
1788540655|20260905005055|957.95
1788540660|20260905005100|957.89
1788540665|20260905005105|957.83
1788540670|20260905005110|957.80
1788540675|20260905005115|957.67
1788540685|20260905005125|957.72
1788540695|20260905005135|957.53
1788540700|20260905005140|957.49
1788540705|20260905005145|957.54
1788540710|20260905005150|957.49
1788540725|20260905005205|957.52
1788540730|20260905005210|957.48
1788540760|20260905005240|957.38
1788540765|20260905005245|957.42
1788540775|20260905005255|957.39
1788540780|20260905005300|957.45
1788540795|20260905005315|957.38
1788540820|20260905005340|957.39
1788540825|20260905005345|957.40
1788540830|20260905005350|957.39
1788540835|20260905005355|957.41
1788540840|20260905005400|957.31
1788540845|20260905005405|957.30
1788540860|20260905005420|957.28
1788540865|20260905005425|957.52
1788540880|20260905005440|957.33
1788540890|20260905005450|957.28
1788540895|20260905005455|957.22
1788540900|20260905005500|957.16
1788540905|20260905005505|957.08
1788540910|20260905005510|957.10
1788540915|20260905005515|957.20
1788540920|20260905005520|957.23
1788540925|20260905005525|957.23
1788540935|20260905005535|957.28
1788540940|20260905005540|957.28
1788540945|20260905005545|957.26
1788540950|20260905005550|957.35
1788540955|20260905005555|957.29
1788540960|20260905005600|957.29
1788540965|20260905005605|957.28
1788540970|20260905005610|957.18
1788540980|20260905005620|957.37
1788541000|20260905005640|957.10
1788541010|20260905005650|957.11
1788541025|20260905005705|957.38
1788541035|20260905005715|957.37
1788541040|20260905005720|957.34
1788541045|20260905005725|957.36
1788541055|20260905005735|957.52
1788541060|20260905005740|957.49
1788541065|20260905005745|957.48
1788541070|20260905005750|957.54
1788541075|20260905005755|957.51
1788541085|20260905005805|957.37
1788541090|20260905005810|957.31
1788541095|20260905005815|957.32
1788541100|20260905005820|957.32
1788541105|20260905005825|957.33
1788541110|20260905005830|957.31
1788541120|20260905005840|957.23
1788541125|20260905005845|957.30
1788541130|20260905005850|957.29
1788541135|20260905005855|957.28
1788541140|20260905005900|957.16
1788541145|20260905005905|957.15
1788541150|20260905005910|957.20
1788541155|20260905005915|957.18
1788541200|20260905010000|957.10
1788541205|20260905010005|957.14
1788541225|20260905010025|956.73
1788541235|20260905010035|956.84
1788541240|20260905010040|956.66
1788541245|20260905010045|956.63
1788541250|20260905010050|956.68
1788541255|20260905010055|956.71
1788541260|20260905010100|956.84
1788541265|20260905010105|956.59
1788541280|20260905010120|956.33
1788541300|20260905010140|956.60
1788541305|20260905010145|956.55
1788541315|20260905010155|956.49
1788541325|20260905010205|956.55
1788541330|20260905010210|956.61
1788541340|20260905010220|956.39
1788541355|20260905010235|956.29
1788541360|20260905010240|956.27
1788541365|20260905010245|956.04
1788541370|20260905010250|956.00
1788541375|20260905010255|956.03
1788541380|20260905010300|956.14
1788541385|20260905010305|956.08
1788541390|20260905010310|956.06
1788541395|20260905010315|956.00
1788541405|20260905010325|956.03
1788541415|20260905010335|956.03
1788541420|20260905010340|956.00
1788541425|20260905010345|956.09
1788541435|20260905010355|956.10
1788541440|20260905010400|956.07
1788541445|20260905010405|956.08
1788541500|20260905010500|956.17
1788541505|20260905010505|956.00
1788541520|20260905010520|956.29
1788541525|20260905010525|956.31
1788541535|20260905010535|955.97
1788541540|20260905010540|956.10
1788541545|20260905010545|955.95
1788541555|20260905010555|956.29
1788541575|20260905010615|956.25
1788541580|20260905010620|956.24
1788541585|20260905010625|956.13
1788541595|20260905010635|956.16
1788541600|20260905010640|956.13
1788541605|20260905010645|956.21
1788541610|20260905010650|956.13
1788541615|20260905010655|956.19
1788541625|20260905010705|956.12
1788541630|20260905010710|956.18
1788541635|20260905010715|956.17
1788541640|20260905010720|956.22
1788541645|20260905010725|956.33
1788541655|20260905010735|956.26
1788541660|20260905010740|956.30
1788541665|20260905010745|956.28
1788541670|20260905010750|956.34
1788541675|20260905010755|956.51
1788541695|20260905010815|956.60
1788541700|20260905010820|956.44
1788541705|20260905010825|956.42
1788541715|20260905010835|956.36
1788541720|20260905010840|956.35
1788541725|20260905010845|956.33
1788541730|20260905010850|956.37
1788541735|20260905010855|956.30
1788541740|20260905010900|956.35
1788541755|20260905010915|956.45
1788541795|20260905010955|956.32
1788541805|20260905011005|956.39
1788541820|20260905011020|956.32
1788541825|20260905011025|956.40
1788541840|20260905011040|956.40
1788541845|20260905011045|956.35
1788541850|20260905011050|956.41
1788541855|20260905011055|956.42
1788541860|20260905011100|956.40
1788541865|20260905011105|956.44
1788541870|20260905011110|956.40
1788541875|20260905011115|956.37
1788541880|20260905011120|956.37
1788541895|20260905011135|956.51
1788541900|20260905011140|956.49
1788541905|20260905011145|956.53
1788541910|20260905011150|956.44
1788541915|20260905011155|956.44
1788541920|20260905011200|956.47
1788541925|20260905011205|956.41
1788541930|20260905011210|956.41
1788541955|20260905011235|956.48
1788541965|20260905011245|956.51
1788541975|20260905011255|956.56
1788541985|20260905011305|956.59
1788541990|20260905011310|956.58
1788541995|20260905011315|956.60
1788542015|20260905011335|956.45
1788542025|20260905011345|956.58
1788542040|20260905011400|956.52
1788542050|20260905011410|956.51
1788542055|20260905011415|956.67
1788542060|20260905011420|956.68
1788542100|20260905011500|956.84
1788542105|20260905011505|956.76
1788542110|20260905011510|956.74
1788542115|20260905011515|956.74
1788542125|20260905011525|956.69
1788542135|20260905011535|956.87
1788542140|20260905011540|956.78
1788542145|20260905011545|956.76
1788542150|20260905011550|956.71
1788542155|20260905011555|956.71
1788542165|20260905011605|956.74
1788542170|20260905011610|956.80
1788542175|20260905011615|956.70
1788542180|20260905011620|956.59
1788542185|20260905011625|956.69
1788542195|20260905011635|956.62
1788542200|20260905011640|956.60
1788542205|20260905011645|956.64
1788542210|20260905011650|956.63
1788542215|20260905011655|956.67
1788542220|20260905011700|956.67
1788542225|20260905011705|956.80
1788542230|20260905011710|956.90
1788542235|20260905011715|956.98
1788542240|20260905011720|956.84
1788542255|20260905011735|956.89
1788542260|20260905011740|956.94
1788542265|20260905011745|957.01
1788542270|20260905011750|956.99
1788542275|20260905011755|957.00
1788542280|20260905011800|957.06
1788542285|20260905011805|957.08
1788542290|20260905011810|957.06
1788542295|20260905011815|957.12
1788542300|20260905011820|957.04
1788542305|20260905011825|957.13
1788542315|20260905011835|957.61
1788542320|20260905011840|957.63
1788542325|20260905011845|957.71
1788542330|20260905011850|957.66
1788542340|20260905011900|957.73
1788542345|20260905011905|957.76
1788542350|20260905011910|957.75
1788542355|20260905011915|957.65
1788542360|20260905011920|957.67
1788542365|20260905011925|957.65
1788542405|20260905012005|957.81
1788542410|20260905012010|958.06
1788542415|20260905012015|957.98
1788542420|20260905012020|957.87
1788542425|20260905012025|957.95
1788542435|20260905012035|958.03
1788542440|20260905012040|957.90
1788542445|20260905012045|957.99
1788542450|20260905012050|957.92
1788542455|20260905012055|957.82
1788542460|20260905012100|957.86
1788542465|20260905012105|957.99
1788542470|20260905012110|958.01
1788542475|20260905012115|957.85
1788542480|20260905012120|957.86
1788542485|20260905012125|957.78
1788542495|20260905012135|957.68
1788542500|20260905012140|957.67
1788542505|20260905012145|957.61
1788542510|20260905012150|957.34
1788542515|20260905012155|957.23
1788542525|20260905012205|957.11
1788542535|20260905012215|957.20
1788542540|20260905012220|957.09
1788542545|20260905012225|957.14
1788542555|20260905012235|957.10
1788542560|20260905012240|957.07
1788542565|20260905012245|957.07
1788542570|20260905012250|957.06
1788542575|20260905012255|957.17
1788542580|20260905012300|957.18
1788542585|20260905012305|957.16
1788542595|20260905012315|957.07
1788542600|20260905012320|956.95
1788542615|20260905012335|956.86
1788542625|20260905012345|956.84
1788542635|20260905012355|956.75
1788542640|20260905012400|956.59
1788542645|20260905012405|956.66
1788542650|20260905012410|956.63
1788542655|20260905012415|956.39
1788542660|20260905012420|956.33
1788542665|20260905012425|956.24
1788542700|20260905012500|956.58
1788542705|20260905012505|956.62
1788542710|20260905012510|956.46
1788542715|20260905012515|956.52
1788542720|20260905012520|956.38
1788542725|20260905012525|956.30
1788542740|20260905012540|956.28
1788542745|20260905012545|956.14
1788542755|20260905012555|956.16
1788542765|20260905012605|956.08
1788542770|20260905012610|955.96
1788542775|20260905012615|956.02
1788542780|20260905012620|955.90
1788542785|20260905012625|955.89
1788542795|20260905012635|956.08
1788542800|20260905012640|956.02
1788542805|20260905012645|955.96
1788542810|20260905012650|956.00
1788542815|20260905012655|956.00
1788542820|20260905012700|955.88
1788542825|20260905012705|955.84
1788542835|20260905012715|955.96
1788542845|20260905012725|956.00
1788542855|20260905012735|955.79
1788542860|20260905012740|955.88
1788542865|20260905012745|955.97
1788542870|20260905012750|956.04
1788542875|20260905012755|956.08
1788542885|20260905012805|956.05
1788542900|20260905012820|956.17
1788542905|20260905012825|956.29
1788542925|20260905012845|956.12
1788542930|20260905012850|956.14
1788542945|20260905012905|955.49
1788542950|20260905012910|955.68
1788542955|20260905012915|955.70
1788542960|20260905012920|955.82
1788542965|20260905012925|955.72
1788543005|20260905013005|955.61
1788543010|20260905013010|955.61
1788543015|20260905013015|955.76
1788543020|20260905013020|955.75
1788543025|20260905013025|955.76
1788543035|20260905013035|955.51
1788543040|20260905013040|955.37
1788543045|20260905013045|955.45
1788543050|20260905013050|955.43
1788543055|20260905013055|955.45
1788543065|20260905013105|955.41
1788543075|20260905013115|955.41
1788543080|20260905013120|955.50
1788543085|20260905013125|955.52
1788543095|20260905013135|955.57
1788543100|20260905013140|955.62
1788543105|20260905013145|955.68
1788543110|20260905013150|955.67
1788543115|20260905013155|955.69
1788543125|20260905013205|955.73
1788543130|20260905013210|955.45
1788543135|20260905013215|955.39
1788543140|20260905013220|955.47
1788543145|20260905013225|955.18
1788543165|20260905013245|955.02
1788543170|20260905013250|954.89
1788543190|20260905013310|954.83
1788543195|20260905013315|954.88
1788543200|20260905013320|954.85
1788543205|20260905013325|954.91
1788543220|20260905013340|954.78
1788543230|20260905013350|954.61
1788543235|20260905013355|954.48
1788543250|20260905013410|954.61
1788543255|20260905013415|954.60
1788543260|20260905013420|954.61
1788543265|20260905013425|954.56
1788543300|20260905013500|954.61
1788543310|20260905013510|954.55
1788543315|20260905013515|954.38
1788543325|20260905013525|954.50
1788543335|20260905013535|954.47
1788543340|20260905013540|954.51
1788543345|20260905013545|954.52
1788543355|20260905013555|954.83
1788543360|20260905013600|954.87
1788543370|20260905013610|954.63
1788543375|20260905013615|954.63
1788543380|20260905013620|954.62
1788543385|20260905013625|954.59
1788543395|20260905013635|954.63
1788543400|20260905013640|954.61
1788543410|20260905013650|954.54
1788543415|20260905013655|954.53
1788543425|20260905013705|954.50
1788543430|20260905013710|954.55
1788543435|20260905013715|954.55
1788543445|20260905013725|954.52
1788543455|20260905013735|954.43
1788543460|20260905013740|954.43
1788543465|20260905013745|954.45
1788543475|20260905013755|954.63
1788543480|20260905013800|954.77
1788543485|20260905013805|954.71
1788543490|20260905013810|954.75
1788543495|20260905013815|954.74
1788543500|20260905013820|954.76
1788543520|20260905013840|954.67
1788543525|20260905013845|954.71
1788543530|20260905013850|954.77
1788543535|20260905013855|954.75
1788543545|20260905013905|954.70
1788543550|20260905013910|954.58
1788543565|20260905013925|954.37
1788543595|20260905013955|954.18
1788543605|20260905014005|954.23
1788543625|20260905014025|953.98
1788543645|20260905014045|953.97
1788543665|20260905014105|954.02
1788543670|20260905014110|953.74
1788543685|20260905014125|953.72
1788543695|20260905014135|953.76
1788543700|20260905014140|953.76
1788543705|20260905014145|953.73
1788543710|20260905014150|953.69
1788543715|20260905014155|953.72
1788543720|20260905014200|953.69
1788543725|20260905014205|953.66
1788543730|20260905014210|953.59
1788543735|20260905014215|953.61
1788543740|20260905014220|953.60
1788543745|20260905014225|953.58
1788543755|20260905014235|953.50
1788543760|20260905014240|953.56
1788543765|20260905014245|953.48
1788543770|20260905014250|953.47
1788543775|20260905014255|953.34
1788543780|20260905014300|953.38
1788543785|20260905014305|953.46
1788543790|20260905014310|953.36
1788543795|20260905014315|953.37
1788543805|20260905014325|953.42
1788543815|20260905014335|953.36
1788543820|20260905014340|953.41
1788543825|20260905014345|953.58
1788543830|20260905014350|953.59
1788543835|20260905014355|953.59
1788543845|20260905014405|953.48
1788543850|20260905014410|953.55
1788543855|20260905014415|953.58
1788543860|20260905014420|953.57
1788543865|20260905014425|953.56
1788543895|20260905014455|953.38
1788543900|20260905014500|953.11
1788543905|20260905014505|952.99
1788543910|20260905014510|952.94
1788543915|20260905014515|952.87
1788543920|20260905014520|952.95
1788543925|20260905014525|952.95
1788543940|20260905014540|953.10
1788543955|20260905014555|953.28
1788543960|20260905014600|953.29
1788543965|20260905014605|953.30
1788543970|20260905014610|953.43
1788543975|20260905014615|953.51
1788543980|20260905014620|953.64
1788543985|20260905014625|953.56
1788543995|20260905014635|953.61
1788544000|20260905014640|953.67
1788544010|20260905014650|953.66
1788544020|20260905014700|953.43
1788544025|20260905014705|953.40
1788544030|20260905014710|953.40
1788544035|20260905014715|953.17
1788544045|20260905014725|953.33
1788544055|20260905014735|953.51
1788544060|20260905014740|953.46
1788544065|20260905014745|953.45
1788544070|20260905014750|953.59
1788544085|20260905014805|953.49
1788544095|20260905014815|953.69
1788544105|20260905014825|953.64
1788544115|20260905014835|953.56
1788544125|20260905014845|953.57
1788544130|20260905014850|953.45
1788544135|20260905014855|953.53
1788544145|20260905014905|953.62
1788544150|20260905014910|953.71
1788544155|20260905014915|953.69
1788544160|20260905014920|953.67
1788544175|20260905014935|953.60
1788544205|20260905015005|953.58
1788544210|20260905015010|953.72
1788544215|20260905015015|953.70
1788544220|20260905015020|953.68
1788544225|20260905015025|953.72
1788544235|20260905015035|953.73
1788544240|20260905015040|953.80
1788544245|20260905015045|953.88
1788544250|20260905015050|953.78
1788544255|20260905015055|953.79
1788544265|20260905015105|953.79
1788544270|20260905015110|953.63
1788544275|20260905015115|953.67
1788544280|20260905015120|953.67
1788544285|20260905015125|953.63
1788544295|20260905015135|953.70
1788544300|20260905015140|953.71
1788544305|20260905015145|953.66
1788544310|20260905015150|953.75
1788544315|20260905015155|953.67
1788544325|20260905015205|953.71
1788544330|20260905015210|953.74
1788544340|20260905015220|953.88
1788544345|20260905015225|953.86
1788544355|20260905015235|953.96
1788544360|20260905015240|953.89
1788544365|20260905015245|953.87
1788544370|20260905015250|953.85
1788544375|20260905015255|953.80
1788544380|20260905015300|953.80
1788544385|20260905015305|953.75
1788544390|20260905015310|953.79
1788544395|20260905015315|953.94
1788544415|20260905015335|953.82
1788544420|20260905015340|953.89
1788544425|20260905015345|953.93
1788544440|20260905015400|953.79
1788544445|20260905015405|953.77
1788544450|20260905015410|953.68
1788544455|20260905015415|953.72
1788544460|20260905015420|953.63
1788544465|20260905015425|953.59
1788544500|20260905015500|953.54
1788544505|20260905015505|953.61
1788544515|20260905015515|953.58
1788544520|20260905015520|953.28
1788544525|20260905015525|953.32
1788544545|20260905015545|953.35
1788544555|20260905015555|953.39
1788544560|20260905015600|953.37
1788544565|20260905015605|953.39
1788544570|20260905015610|953.34
1788544580|20260905015620|953.33
1788544585|20260905015625|953.38
1788544595|20260905015635|953.30
1788544600|20260905015640|953.35
1788544605|20260905015645|953.23
1788544620|20260905015700|953.11
1788544625|20260905015705|953.18
1788544630|20260905015710|953.04
1788544635|20260905015715|952.85
1788544640|20260905015720|953.00
1788544645|20260905015725|953.07
1788544655|20260905015735|953.14
1788544660|20260905015740|953.13
1788544665|20260905015745|953.10
1788544670|20260905015750|953.10
1788544675|20260905015755|953.09
1788544680|20260905015800|953.07
1788544690|20260905015810|953.08
1788544695|20260905015815|953.04
1788544700|20260905015820|953.09
1788544705|20260905015825|953.06
1788544715|20260905015835|953.09
1788544720|20260905015840|953.11
1788544725|20260905015845|953.14
1788544730|20260905015850|953.14
1788544735|20260905015855|953.17
1788544740|20260905015900|953.20
1788544745|20260905015905|953.21
1788544750|20260905015910|953.14
1788544755|20260905015915|953.20
1788544760|20260905015920|953.28
1788544765|20260905015925|953.25
1788544770|20260905015930|953.21
1788544790|20260905015950|953.03
1788544800|20260905020000|952.99
1788544810|20260905020010|953.01
1788544815|20260905020015|953.06
1788544820|20260905020020|953.01
1788544825|20260905020025|952.91
1788544835|20260905020035|953.04
1788544840|20260905020040|953.03
1788544845|20260905020045|953.04
1788544855|20260905020055|953.08
1788544860|20260905020100|953.08
1788544865|20260905020105|953.11
1788544870|20260905020110|952.96
1788544875|20260905020115|952.89
1788544880|20260905020120|952.56
1788544895|20260905020135|952.46
1788544900|20260905020140|952.46
1788544905|20260905020145|952.45
1788544910|20260905020150|952.42
1788544915|20260905020155|952.36
1788544925|20260905020205|952.12
1788544930|20260905020210|952.27
1788544935|20260905020215|952.31
1788544940|20260905020220|952.15
1788544945|20260905020225|952.44
1788544960|20260905020240|952.49
1788544965|20260905020245|952.37
1788544975|20260905020255|952.39
1788544985|20260905020305|952.38
1788544990|20260905020310|952.37
1788545000|20260905020320|952.27
1788545005|20260905020325|952.17
1788545015|20260905020335|952.38
1788545020|20260905020340|952.38
1788545025|20260905020345|952.40
1788545030|20260905020350|952.40
1788545045|20260905020405|952.15
1788545050|20260905020410|952.06
1788545055|20260905020415|952.13
1788545065|20260905020425|952.31
1788545080|20260905020440|952.10
1788545100|20260905020500|952.10
1788545105|20260905020505|952.07
1788545110|20260905020510|952.01
1788545115|20260905020515|952.26
1788545120|20260905020520|952.27
1788545125|20260905020525|952.37
1788545135|20260905020535|952.46
1788545140|20260905020540|952.38
1788545145|20260905020545|952.38
1788545150|20260905020550|952.38
1788545155|20260905020555|952.26
1788545165|20260905020605|952.41
1788545170|20260905020610|952.39
1788545175|20260905020615|952.53
1788545180|20260905020620|952.64
1788545195|20260905020635|952.45
1788545200|20260905020640|952.32
1788545205|20260905020645|952.45
1788545210|20260905020650|952.63
1788545215|20260905020655|952.74
1788545225|20260905020705|952.45
1788545230|20260905020710|952.50
1788545235|20260905020715|952.50
1788545240|20260905020720|952.44
1788545245|20260905020725|952.46
1788545255|20260905020735|952.50
1788545260|20260905020740|952.66
1788545265|20260905020745|952.51
1788545270|20260905020750|952.55
1788545285|20260905020805|952.58
1788545295|20260905020815|952.56
1788545305|20260905020825|952.50
1788545320|20260905020840|952.71
1788545325|20260905020845|952.69
1788545330|20260905020850|952.74
1788545335|20260905020855|952.76
1788545345|20260905020905|952.84
1788545350|20260905020910|952.99
1788545355|20260905020915|952.93
1788545360|20260905020920|952.99
1788545365|20260905020925|952.99
1788545380|20260905020940|953.26
1788545395|20260905020955|953.17
1788545400|20260905021000|953.26
1788545405|20260905021005|953.20
1788545410|20260905021010|953.15
1788545415|20260905021015|953.40
1788545420|20260905021020|953.41
1788545425|20260905021025|953.39
1788545435|20260905021035|953.17
1788545440|20260905021040|953.16
1788545445|20260905021045|953.27
1788545450|20260905021050|953.33
1788545455|20260905021055|953.29
1788545465|20260905021105|953.31
1788545470|20260905021110|953.25
1788545480|20260905021120|953.32
1788545485|20260905021125|953.41
1788545495|20260905021135|952.99
1788545500|20260905021140|953.01
1788545505|20260905021145|953.03
1788545515|20260905021155|953.04
1788545525|20260905021205|953.03
1788545535|20260905021215|953.03
1788545540|20260905021220|953.00
1788545545|20260905021225|953.03
1788545555|20260905021235|953.02
1788545565|20260905021245|953.15
1788545570|20260905021250|953.18
1788545585|20260905021305|953.09
1788545615|20260905021335|953.06
1788545620|20260905021340|953.17
1788545625|20260905021345|953.24
1788545630|20260905021350|953.16
1788545635|20260905021355|953.09
1788545645|20260905021405|953.22
1788545650|20260905021410|953.19
1788545705|20260905021505|953.69
1788545710|20260905021510|953.78
1788545715|20260905021515|953.90
1788545720|20260905021520|953.79
1788545740|20260905021540|953.81
1788545745|20260905021545|953.91
1788545750|20260905021550|953.86
1788545765|20260905021605|953.88
1788545785|20260905021625|954.11
1788545800|20260905021640|954.17
1788545830|20260905021710|954.07
1788545840|20260905021720|954.04
1788545845|20260905021725|954.04
1788545855|20260905021735|954.06
1788545860|20260905021740|953.98
1788545865|20260905021745|954.03
1788545870|20260905021750|954.01
1788545875|20260905021755|953.92
1788545900|20260905021820|953.86
1788545905|20260905021825|953.89
1788545925|20260905021845|953.88
1788545930|20260905021850|953.88
1788545935|20260905021855|953.89
1788545945|20260905021905|953.78
1788545950|20260905021910|953.78
1788545955|20260905021915|953.76
1788545960|20260905021920|953.75
1788545965|20260905021925|953.68
1788545980|20260905021940|953.64
1788546005|20260905022005|953.66
1788546010|20260905022010|953.65
1788546015|20260905022015|953.69
1788546020|20260905022020|953.66
1788546025|20260905022025|953.68
1788546035|20260905022035|953.63
1788546040|20260905022040|953.59
1788546045|20260905022045|953.61
1788546055|20260905022055|953.68
1788546070|20260905022110|953.64
1788546075|20260905022115|953.71
1788546080|20260905022120|953.68
1788546095|20260905022135|953.88
1788546100|20260905022140|954.06
1788546105|20260905022145|954.13
1788546110|20260905022150|954.18
1788546115|20260905022155|954.38
1788546130|20260905022210|954.63
1788546140|20260905022220|954.48
1788546145|20260905022225|954.49
1788546155|20260905022235|954.49
1788546160|20260905022240|954.59
1788546175|20260905022255|954.62
1788546185|20260905022305|954.66
1788546190|20260905022310|954.67
1788546195|20260905022315|954.65
1788546200|20260905022320|954.70
1788546205|20260905022325|954.65
1788546215|20260905022335|954.68
1788546220|20260905022340|954.62
1788546225|20260905022345|954.57
1788546230|20260905022350|954.57
1788546235|20260905022355|954.58
1788546245|20260905022405|954.54
1788546250|20260905022410|954.54
1788546255|20260905022415|954.59
1788546260|20260905022420|954.62
1788546265|20260905022425|954.61
1788546305|20260905022505|954.79
1788546310|20260905022510|954.80
1788546315|20260905022515|954.87
1788546320|20260905022520|954.88
1788546335|20260905022535|954.90
1788546340|20260905022540|954.88
1788546345|20260905022545|955.07
1788546355|20260905022555|955.06
1788546360|20260905022600|955.05
1788546365|20260905022605|955.12
1788546370|20260905022610|955.16
1788546375|20260905022615|955.11
1788546380|20260905022620|955.11
1788546385|20260905022625|955.11
1788546395|20260905022635|954.99
1788546400|20260905022640|954.91
1788546405|20260905022645|954.93
1788546410|20260905022650|954.94
1788546415|20260905022655|954.92
1788546420|20260905022700|954.93
1788546425|20260905022705|955.04
1788546440|20260905022720|955.00
1788546445|20260905022725|955.03
1788546460|20260905022740|955.06
1788546465|20260905022745|955.08
1788546470|20260905022750|955.08
1788546475|20260905022755|955.06
1788546485|20260905022805|955.03
1788546490|20260905022810|954.88
1788546495|20260905022815|954.73
1788546500|20260905022820|954.71
1788546505|20260905022825|954.79
1788546515|20260905022835|954.76
1788546520|20260905022840|954.81
1788546525|20260905022845|954.78
1788546530|20260905022850|954.73
1788546535|20260905022855|954.70
1788546545|20260905022905|954.58
1788546550|20260905022910|954.55
1788546555|20260905022915|954.58
1788546560|20260905022920|954.57
1788546605|20260905023005|954.58
1788546615|20260905023015|954.70
1788546620|20260905023020|954.50
1788546625|20260905023025|954.50
1788546635|20260905023035|954.59
1788546640|20260905023040|954.43
1788546645|20260905023045|954.49
1788546650|20260905023050|954.46
1788546655|20260905023055|954.53
1788546660|20260905023100|954.50
1788546665|20260905023105|954.50
1788546685|20260905023125|954.53
1788546700|20260905023140|954.49
1788546705|20260905023145|954.46
1788546715|20260905023155|954.46
1788546725|20260905023205|954.51
1788546730|20260905023210|954.51
1788546735|20260905023215|954.48
1788546740|20260905023220|954.42
1788546745|20260905023225|954.47
1788546755|20260905023235|954.42
1788546760|20260905023240|954.40
1788546765|20260905023245|954.40
1788546770|20260905023250|954.39
1788546780|20260905023300|954.40
1788546795|20260905023315|954.54
1788546805|20260905023325|954.55
1788546815|20260905023335|954.59
1788546820|20260905023340|954.62
1788546825|20260905023345|954.56
1788546835|20260905023355|954.62
1788546845|20260905023405|954.65
1788546850|20260905023410|954.68
1788546855|20260905023415|954.76
1788546860|20260905023420|954.79
1788546865|20260905023425|954.77
1788546880|20260905023440|954.79
1788546900|20260905023500|954.80
1788546905|20260905023505|954.77
1788546910|20260905023510|954.77
1788546915|20260905023515|954.71
1788546920|20260905023520|954.74
1788546925|20260905023525|954.73
1788546935|20260905023535|954.76
1788546940|20260905023540|954.76
1788546945|20260905023545|954.73
1788546950|20260905023550|954.54
1788546955|20260905023555|954.52
1788546960|20260905023600|954.53
1788546965|20260905023605|954.37
1788546975|20260905023615|954.49
1788546980|20260905023620|954.46
1788546985|20260905023625|954.36
1788547005|20260905023645|954.31
1788547010|20260905023650|954.39
1788547015|20260905023655|954.34
1788547025|20260905023705|954.24
1788547030|20260905023710|954.28
1788547035|20260905023715|954.26
1788547040|20260905023720|954.28
1788547045|20260905023725|954.24
1788547055|20260905023735|954.28
1788547060|20260905023740|954.26
1788547065|20260905023745|954.14
1788547070|20260905023750|954.16
1788547080|20260905023800|954.23
1788547085|20260905023805|954.19
1788547090|20260905023810|954.32
1788547095|20260905023815|954.40
1788547100|20260905023820|954.40
1788547105|20260905023825|954.38
1788547115|20260905023835|954.29
1788547120|20260905023840|954.41
1788547125|20260905023845|954.40
1788547130|20260905023850|954.31
1788547135|20260905023855|954.31
1788547140|20260905023900|954.30
1788547145|20260905023905|954.22
1788547150|20260905023910|954.27
1788547160|20260905023920|954.28
1788547165|20260905023925|954.21
1788547205|20260905024005|954.23
1788547210|20260905024010|954.40
1788547215|20260905024015|954.39
1788547220|20260905024020|954.42
1788547225|20260905024025|954.91
1788547235|20260905024035|954.50
1788547240|20260905024040|954.39
1788547245|20260905024045|954.35
1788547250|20260905024050|954.39
1788547255|20260905024055|954.31
1788547260|20260905024100|954.42
1788547265|20260905024105|954.31
1788547275|20260905024115|954.48
1788547280|20260905024120|954.58
1788547285|20260905024125|954.53
1788547295|20260905024135|954.46
1788547300|20260905024140|954.37
1788547305|20260905024145|954.38
1788547310|20260905024150|954.31
1788547315|20260905024155|954.28
1788547320|20260905024200|954.17
1788547325|20260905024205|954.27
1788547330|20260905024210|954.23
1788547335|20260905024215|954.40
1788547340|20260905024220|954.36
1788547345|20260905024225|954.36
1788547355|20260905024235|954.28
1788547360|20260905024240|954.31
1788547380|20260905024300|954.27
1788547385|20260905024305|954.26
1788547400|20260905024320|954.41
1788547405|20260905024325|954.41
1788547415|20260905024335|954.35
1788547420|20260905024340|954.37
1788547425|20260905024345|954.34
1788547430|20260905024350|954.34
1788547445|20260905024405|954.20
1788547450|20260905024410|954.25
1788547465|20260905024425|954.25
1788547500|20260905024500|954.35
1788547505|20260905024505|954.34
1788547510|20260905024510|954.33
1788547515|20260905024515|954.37
1788547535|20260905024535|954.29
1788547540|20260905024540|954.27
1788547545|20260905024545|954.26
1788547550|20260905024550|954.19
1788547555|20260905024555|954.33
1788547565|20260905024605|954.24
1788547570|20260905024610|954.15
1788547580|20260905024620|954.26
1788547585|20260905024625|954.36
1788547595|20260905024635|954.60
1788547600|20260905024640|954.62
1788547605|20260905024645|954.61
1788547610|20260905024650|954.66
1788547625|20260905024705|954.60
1788547630|20260905024710|954.62
1788547635|20260905024715|954.63
1788547640|20260905024720|954.54
1788547645|20260905024725|954.56
1788547660|20260905024740|954.59
1788547665|20260905024745|954.63
1788547670|20260905024750|954.62
1788547675|20260905024755|954.61
1788547685|20260905024805|954.60
1788547690|20260905024810|954.54
1788547700|20260905024820|954.61
1788547705|20260905024825|954.58
1788547715|20260905024835|954.53
1788547720|20260905024840|954.57
1788547725|20260905024845|954.54
1788547735|20260905024855|954.52
1788547745|20260905024905|954.61
1788547750|20260905024910|954.60
1788547765|20260905024925|954.56
1788547780|20260905024940|954.54
1788547810|20260905025010|954.52
1788547820|20260905025020|954.50
1788547825|20260905025025|954.49
1788547835|20260905025035|954.59
1788547840|20260905025040|954.59
1788547845|20260905025045|954.66
1788547850|20260905025050|954.65
1788547855|20260905025055|954.65
1788547865|20260905025105|954.74
1788547870|20260905025110|954.69
1788547875|20260905025115|954.68
1788547880|20260905025120|954.62
1788547885|20260905025125|954.67
1788547895|20260905025135|954.65
1788547900|20260905025140|954.59
1788547905|20260905025145|954.57
1788547910|20260905025150|954.74
1788547915|20260905025155|954.74
1788547925|20260905025205|954.74
1788547930|20260905025210|954.72
1788547935|20260905025215|954.73
1788547940|20260905025220|954.72
1788547945|20260905025225|954.69
1788547955|20260905025235|954.77
1788547960|20260905025240|954.86
1788547965|20260905025245|954.83
1788547970|20260905025250|954.83
1788547975|20260905025255|954.83
1788547980|20260905025300|954.79
1788547985|20260905025305|954.84
1788547990|20260905025310|954.83
1788548000|20260905025320|954.71
1788548015|20260905025335|954.76
1788548020|20260905025340|954.76
1788548025|20260905025345|954.86
1788548030|20260905025350|954.86
1788548035|20260905025355|954.84
1788548050|20260905025410|954.82
1788548060|20260905025420|954.85
1788548065|20260905025425|954.83
1788548105|20260905025505|954.80
1788548110|20260905025510|954.75
1788548115|20260905025515|954.78
1788548120|20260905025520|954.83
1788548125|20260905025525|954.83
1788548135|20260905025535|954.78
1788548140|20260905025540|954.86
1788548145|20260905025545|954.96
1788548150|20260905025550|954.83
1788548155|20260905025555|954.79
1788548165|20260905025605|954.77
1788548170|20260905025610|954.79
1788548175|20260905025615|954.76
1788548180|20260905025620|954.65
1788548195|20260905025635|954.66
1788548200|20260905025640|954.62
1788548210|20260905025650|954.60
1788548225|20260905025705|954.59
1788548230|20260905025710|954.59
1788548235|20260905025715|954.68
1788548240|20260905025720|954.71
1788548245|20260905025725|954.62
1788548255|20260905025735|954.61
1788548260|20260905025740|954.59
1788548265|20260905025745|954.61
1788548270|20260905025750|954.62
1788548275|20260905025755|954.66
1788548285|20260905025805|954.66
1788548290|20260905025810|954.60
1788548295|20260905025815|954.59
1788548300|20260905025820|954.61
1788548305|20260905025825|954.59
1788548315|20260905025835|954.44
1788548320|20260905025840|954.40
1788548330|20260905025850|954.49
1788548335|20260905025855|954.43
1788548345|20260905025905|954.57
1788548350|20260905025910|954.73
1788548355|20260905025915|954.75
1788548360|20260905025920|954.61
1788548410|20260905030010|954.87
1788548415|20260905030015|954.75
1788548420|20260905030020|954.76
1788548425|20260905030025|954.44
1788548435|20260905030035|954.43
1788548440|20260905030040|954.45
1788548445|20260905030045|954.36
1788548450|20260905030050|954.32
1788548455|20260905030055|954.35
1788548465|20260905030105|954.53
1788548470|20260905030110|954.61
1788548475|20260905030115|954.59
1788548485|20260905030125|954.60
1788548495|20260905030135|954.42
1788548505|20260905030145|954.42
1788548510|20260905030150|954.43
1788548515|20260905030155|954.51
1788548525|20260905030205|954.40
1788548530|20260905030210|954.43
1788548535|20260905030215|954.40
1788548540|20260905030220|954.43
1788548545|20260905030225|954.56
1788548555|20260905030235|954.63
1788548565|20260905030245|954.47
1788548570|20260905030250|954.51
1788548575|20260905030255|954.51
1788548585|20260905030305|954.62
1788548590|20260905030310|954.61
1788548595|20260905030315|954.60
1788548600|20260905030320|954.57
1788548605|20260905030325|954.50
1788548615|20260905030335|954.48
1788548620|20260905030340|954.50
1788548625|20260905030345|954.54
1788548630|20260905030350|954.50
1788548635|20260905030355|954.54
1788548645|20260905030405|954.52
1788548650|20260905030410|954.52
1788548655|20260905030415|954.55
1788548660|20260905030420|954.53
1788548705|20260905030505|954.45
1788548710|20260905030510|954.44
1788548715|20260905030515|954.48
1788548720|20260905030520|954.54
1788548725|20260905030525|954.49
1788548735|20260905030535|954.43
1788548740|20260905030540|954.35
1788548745|20260905030545|954.33
1788548755|20260905030555|954.44
1788548760|20260905030600|954.57
1788548765|20260905030605|954.52
1788548770|20260905030610|954.47
1788548775|20260905030615|954.44
1788548780|20260905030620|954.47
1788548785|20260905030625|954.50
1788548795|20260905030635|954.46
1788548800|20260905030640|954.49
1788548805|20260905030645|954.44
1788548810|20260905030650|954.48
1788548815|20260905030655|954.44
1788548820|20260905030700|954.43
1788548825|20260905030705|954.44
1788548830|20260905030710|954.56
1788548840|20260905030720|954.60
1788548845|20260905030725|954.66
1788548855|20260905030735|954.58
1788548860|20260905030740|954.53
1788548870|20260905030750|954.55
1788548875|20260905030755|954.51
1788548880|20260905030800|954.45
1788548890|20260905030810|954.51
1788548895|20260905030815|954.56
1788548900|20260905030820|954.57
1788548920|20260905030840|954.76
1788548930|20260905030850|954.84
1788548935|20260905030855|954.85
1788548965|20260905030925|954.74
1788549005|20260905031005|954.81
1788549010|20260905031010|954.80
1788549015|20260905031015|954.79
1788549020|20260905031020|954.79
1788549025|20260905031025|954.88
1788549035|20260905031035|954.84
1788549045|20260905031045|954.79
1788549050|20260905031050|954.83
1788549055|20260905031055|954.77
1788549065|20260905031105|954.78
1788549070|20260905031110|954.82
1788549075|20260905031115|954.81
1788549080|20260905031120|954.85
1788549085|20260905031125|954.80
1788549095|20260905031135|954.80
1788549110|20260905031150|955.26
1788549115|20260905031155|955.28
1788549125|20260905031205|955.40
1788549130|20260905031210|955.57
1788549135|20260905031215|955.45
1788549140|20260905031220|955.45
1788549145|20260905031225|955.52
1788549155|20260905031235|955.55
1788549160|20260905031240|955.48
1788549165|20260905031245|955.38
1788549175|20260905031255|955.48
1788549180|20260905031300|955.45
1788549185|20260905031305|955.43
1788549190|20260905031310|955.42
1788549195|20260905031315|955.32
1788549200|20260905031320|955.33
1788549205|20260905031325|955.43
1788549215|20260905031335|955.41
1788549225|20260905031345|955.41
1788549235|20260905031355|955.37
1788549240|20260905031400|955.44
1788549245|20260905031405|955.75
1788549250|20260905031410|955.76
1788549255|20260905031415|955.73
1788549260|20260905031420|955.66
1788549265|20260905031425|955.56
1788549295|20260905031455|955.50
1788549300|20260905031500|955.52
1788549305|20260905031505|955.69
1788549310|20260905031510|955.63
1788549315|20260905031515|955.70
1788549320|20260905031520|955.74
1788549325|20260905031525|955.81
1788549335|20260905031535|955.60
1788549340|20260905031540|955.59
1788549350|20260905031550|955.53
1788549355|20260905031555|955.58
1788549365|20260905031605|955.80
1788549375|20260905031615|955.86
1788549380|20260905031620|955.82
1788549385|20260905031625|955.92
1788549395|20260905031635|955.89
1788549400|20260905031640|956.24
1788549405|20260905031645|956.20
1788549410|20260905031650|956.13
1788549415|20260905031655|956.11
1788549430|20260905031710|956.15
1788549435|20260905031715|956.08
1788549440|20260905031720|956.08
1788549445|20260905031725|956.07
1788549455|20260905031735|955.90
1788549460|20260905031740|955.97
1788549465|20260905031745|955.98
1788549470|20260905031750|956.00
1788549475|20260905031755|955.95
1788549485|20260905031805|955.95
1788549490|20260905031810|955.83
1788549505|20260905031825|955.83
1788549520|20260905031840|955.91
1788549530|20260905031850|955.81
1788549535|20260905031855|955.87
1788549540|20260905031900|955.79
1788549545|20260905031905|955.80
1788549550|20260905031910|955.81
1788549555|20260905031915|955.82
1788549560|20260905031920|955.83
1788549605|20260905032005|955.67
1788549610|20260905032010|955.40
1788549620|20260905032020|955.27
1788549625|20260905032025|955.21
1788549635|20260905032035|955.29
1788549640|20260905032040|955.30
1788549650|20260905032050|955.28
1788549655|20260905032055|955.27
1788549660|20260905032100|955.34
1788549665|20260905032105|955.32
1788549670|20260905032110|955.31
1788549685|20260905032125|955.41
1788549695|20260905032135|955.49
1788549705|20260905032145|955.54
1788549710|20260905032150|955.47
1788549715|20260905032155|955.42
1788549720|20260905032200|955.55
1788549725|20260905032205|955.60
1788549730|20260905032210|955.59
1788549740|20260905032220|955.59
1788549745|20260905032225|955.56
1788549755|20260905032235|955.48
1788549765|20260905032245|955.41
1788549770|20260905032250|955.50
1788549775|20260905032255|955.50
1788549790|20260905032310|955.67
1788549795|20260905032315|955.76
1788549800|20260905032320|955.77
1788549815|20260905032335|955.90
1788549820|20260905032340|955.90
1788549825|20260905032345|955.93
1788549830|20260905032350|955.87
1788549845|20260905032405|955.92
1788549850|20260905032410|955.91
1788549855|20260905032415|956.02
1788549860|20260905032420|955.99
1788549865|20260905032425|956.01
1788549900|20260905032500|956.12
1788549905|20260905032505|956.13
1788549910|20260905032510|956.06
1788549915|20260905032515|956.15
1788549920|20260905032520|956.21
1788549925|20260905032525|956.19
1788549935|20260905032535|956.14
1788549940|20260905032540|956.24
1788549945|20260905032545|956.16
1788549950|20260905032550|955.99
1788549955|20260905032555|955.96
1788549960|20260905032600|955.95
1788549965|20260905032605|956.06
1788549970|20260905032610|956.15
1788549985|20260905032625|956.26
1788549995|20260905032635|956.34
1788550000|20260905032640|956.27
1788550005|20260905032645|956.33
1788550015|20260905032655|956.32
1788550020|20260905032700|956.32
1788550025|20260905032705|956.34
1788550030|20260905032710|956.35
1788550035|20260905032715|956.36
1788550040|20260905032720|956.59
1788550045|20260905032725|957.04
1788550055|20260905032735|956.96
1788550060|20260905032740|956.89
1788550065|20260905032745|956.95
1788550070|20260905032750|956.91
1788550075|20260905032755|956.84
1788550085|20260905032805|956.89
1788550095|20260905032815|957.04
1788550100|20260905032820|957.11
1788550105|20260905032825|957.08
1788550115|20260905032835|957.00
1788550120|20260905032840|956.94
1788550125|20260905032845|956.90
1788550130|20260905032850|956.93
1788550135|20260905032855|956.92
1788550155|20260905032915|957.02
1788550160|20260905032920|957.01
1788550165|20260905032925|957.00
1788550200|20260905033000|957.11
1788550210|20260905033010|956.97
1788550215|20260905033015|956.96
1788550220|20260905033020|957.03
1788550225|20260905033025|957.06
1788550235|20260905033035|957.11
1788550240|20260905033040|957.04
1788550245|20260905033045|957.00
1788550250|20260905033050|957.06
1788550255|20260905033055|957.01
1788550260|20260905033100|957.00
1788550265|20260905033105|957.02
1788550270|20260905033110|957.00
1788550275|20260905033115|957.14
1788550280|20260905033120|957.11
1788550285|20260905033125|957.19
1788550295|20260905033135|957.28
1788550300|20260905033140|957.24
1788550305|20260905033145|957.03
1788550310|20260905033150|957.04
1788550315|20260905033155|957.06
1788550330|20260905033210|956.98
1788550335|20260905033215|956.98
1788550340|20260905033220|956.99
1788550345|20260905033225|957.03
1788550355|20260905033235|956.95
1788550360|20260905033240|956.95
1788550365|20260905033245|956.96
1788550370|20260905033250|957.00
1788550375|20260905033255|956.93
1788550380|20260905033300|956.87
1788550385|20260905033305|956.79
1788550390|20260905033310|956.89
1788550395|20260905033315|956.92
1788550400|20260905033320|956.93
1788550405|20260905033325|956.96
1788550415|20260905033335|957.31
1788550420|20260905033340|957.41
1788550425|20260905033345|957.49
1788550430|20260905033350|957.50
1788550435|20260905033355|957.51
1788550445|20260905033405|957.51
1788550450|20260905033410|957.66
1788550455|20260905033415|957.44
1788550460|20260905033420|957.46
1788550465|20260905033425|957.51
1788550500|20260905033500|957.56
1788550505|20260905033505|957.48
1788550510|20260905033510|957.41
1788550515|20260905033515|957.33
1788550520|20260905033520|957.33
1788550525|20260905033525|957.31
1788550535|20260905033535|957.19
1788550540|20260905033540|957.23
1788550545|20260905033545|957.23
1788550550|20260905033550|957.23
1788550555|20260905033555|957.22
1788550560|20260905033600|957.15
1788550565|20260905033605|957.18
1788550570|20260905033610|957.25
1788550575|20260905033615|957.25
1788550580|20260905033620|957.32
1788550585|20260905033625|957.37
1788550590|20260905033630|957.45
1788550595|20260905033635|957.41
1788550605|20260905033645|957.43
1788550610|20260905033650|957.42
1788550620|20260905033700|957.33
1788550625|20260905033705|957.36
1788550630|20260905033710|957.38
1788550635|20260905033715|957.40
1788550640|20260905033720|957.34
1788550655|20260905033735|957.46
1788550660|20260905033740|957.43
1788550665|20260905033745|957.40
1788550670|20260905033750|957.44
1788550675|20260905033755|957.35
1788550680|20260905033800|957.34
1788550685|20260905033805|957.47
1788550690|20260905033810|957.22
1788550695|20260905033815|957.30
1788550700|20260905033820|957.30
1788550705|20260905033825|957.30
1788550715|20260905033835|957.20
1788550720|20260905033840|957.20
1788550725|20260905033845|957.01
1788550735|20260905033855|957.03
1788550740|20260905033900|957.04
1788550745|20260905033905|957.03
1788550750|20260905033910|957.06
1788550755|20260905033915|957.10
1788550760|20260905033920|957.08
1788550765|20260905033925|957.08
1788550805|20260905034005|957.23
1788550810|20260905034010|957.26
1788550815|20260905034015|957.30
1788550835|20260905034035|957.48
1788550840|20260905034040|957.43
1788550845|20260905034045|957.39
1788550850|20260905034050|957.46
1788550855|20260905034055|957.15
1788550860|20260905034100|957.09
1788550870|20260905034110|957.18
1788550875|20260905034115|957.18
1788550900|20260905034140|957.19
1788550910|20260905034150|957.17
1788550925|20260905034205|957.28
1788550930|20260905034210|957.26
1788550945|20260905034225|957.24
1788550960|20260905034240|957.25
1788550965|20260905034245|957.23
1788550970|20260905034250|957.26
1788550980|20260905034300|957.21
1788550990|20260905034310|957.23
1788550995|20260905034315|957.03
1788551000|20260905034320|957.08
1788551005|20260905034325|957.21
1788551015|20260905034335|957.20
1788551020|20260905034340|957.19
1788551025|20260905034345|957.15
1788551030|20260905034350|957.17
1788551045|20260905034405|957.28
1788551050|20260905034410|957.30
1788551055|20260905034415|957.29
1788551060|20260905034420|957.29
1788551065|20260905034425|957.25
1788551075|20260905034435|957.22
1788551100|20260905034500|957.33
1788551105|20260905034505|957.47
1788551110|20260905034510|957.39
1788551115|20260905034515|957.42
1788551120|20260905034520|957.38
1788551125|20260905034525|957.37
1788551135|20260905034535|957.36
1788551140|20260905034540|957.28
1788551150|20260905034550|957.26
1788551155|20260905034555|957.20
1788551165|20260905034605|957.24
1788551170|20260905034610|957.24
1788551175|20260905034615|957.18
1788551180|20260905034620|957.07
1788551185|20260905034625|957.04
1788551195|20260905034635|956.94
1788551200|20260905034640|956.84
1788551210|20260905034650|956.83
1788551215|20260905034655|956.88
1788551220|20260905034700|956.91
1788551225|20260905034705|956.83
1788551230|20260905034710|956.77
1788551235|20260905034715|956.76
1788551240|20260905034720|956.75
1788551245|20260905034725|956.70
1788551255|20260905034735|956.72
1788551260|20260905034740|956.79
1788551265|20260905034745|956.73
1788551270|20260905034750|956.75
1788551275|20260905034755|956.75
1788551280|20260905034800|956.81
1788551285|20260905034805|956.90
1788551290|20260905034810|956.87
1788551295|20260905034815|956.89
1788551300|20260905034820|956.85
1788551305|20260905034825|956.89
1788551315|20260905034835|956.88
1788551320|20260905034840|956.88
1788551325|20260905034845|956.74
1788551330|20260905034850|956.77
1788551335|20260905034855|956.78
1788551345|20260905034905|956.73
1788551350|20260905034910|956.78
1788551355|20260905034915|956.79
1788551360|20260905034920|956.79
1788551365|20260905034925|956.65
1788551400|20260905035000|957.01
1788551405|20260905035005|957.15
1788551410|20260905035010|957.13
1788551415|20260905035015|957.17
1788551420|20260905035020|957.10
1788551425|20260905035025|957.10
1788551435|20260905035035|957.10
1788551440|20260905035040|957.14
1788551445|20260905035045|957.12
1788551450|20260905035050|957.10
1788551455|20260905035055|957.07
1788551465|20260905035105|956.95
1788551470|20260905035110|956.95
1788551475|20260905035115|957.00
1788551480|20260905035120|957.07
1788551485|20260905035125|957.07
1788551495|20260905035135|957.01
1788551500|20260905035140|956.99
1788551505|20260905035145|956.97
1788551515|20260905035155|956.99
1788551520|20260905035200|956.98
1788551525|20260905035205|957.03
1788551530|20260905035210|957.05
1788551535|20260905035215|957.04
1788551540|20260905035220|956.95
1788551545|20260905035225|957.03
1788551555|20260905035235|957.08
1788551560|20260905035240|957.03
1788551565|20260905035245|957.08
1788551570|20260905035250|957.01
1788551575|20260905035255|957.01
1788551580|20260905035300|956.97
1788551585|20260905035305|956.92
1788551590|20260905035310|956.89
1788551595|20260905035315|956.86
1788551600|20260905035320|956.84
1788551605|20260905035325|956.80
1788551615|20260905035335|956.98
1788551620|20260905035340|957.01
1788551625|20260905035345|956.92
1788551630|20260905035350|957.02
1788551635|20260905035355|957.00
1788551640|20260905035400|957.06
1788551645|20260905035405|956.98
1788551650|20260905035410|956.84
1788551655|20260905035415|956.88
1788551660|20260905035420|957.09
1788551665|20260905035425|957.09
1788551705|20260905035505|957.17
1788551710|20260905035510|957.14
1788551715|20260905035515|957.12
1788551720|20260905035520|957.08
1788551725|20260905035525|957.02
1788551735|20260905035535|956.90
1788551740|20260905035540|956.82
1788551745|20260905035545|956.79
1788551750|20260905035550|956.73
1788551755|20260905035555|956.75
1788551770|20260905035610|956.86
1788551775|20260905035615|956.80
1788551780|20260905035620|956.71
1788551785|20260905035625|956.75
1788551795|20260905035635|956.74
1788551800|20260905035640|956.71
1788551805|20260905035645|956.64
1788551810|20260905035650|956.65
1788551825|20260905035705|956.61
1788551830|20260905035710|956.55
1788551835|20260905035715|956.57
1788551840|20260905035720|956.62
1788551845|20260905035725|956.67
1788551855|20260905035735|956.47
1788551860|20260905035740|956.59
1788551865|20260905035745|956.80
1788551875|20260905035755|956.82
1788551880|20260905035800|956.79
1788551885|20260905035805|956.82
1788551890|20260905035810|956.90
1788551895|20260905035815|956.77
1788551905|20260905035825|956.76
1788551915|20260905035835|956.80
1788551920|20260905035840|956.79
1788551925|20260905035845|956.90
1788551930|20260905035850|956.91
1788551935|20260905035855|956.93
1788551945|20260905035905|956.93
1788551950|20260905035910|956.98
1788551955|20260905035915|956.97
1788551960|20260905035920|957.02
1788551965|20260905035925|956.97
1788552000|20260905040000|956.98
