1791302400|20261007000000|898.42
1791302405|20261007000005|898.68
1791302410|20261007000010|898.52
1791302415|20261007000015|898.49
1791302425|20261007000025|898.42
1791302435|20261007000035|898.46
1791302440|20261007000040|898.42
1791302445|20261007000045|898.39
1791302450|20261007000050|898.36
1791302465|20261007000105|898.20
1791302470|20261007000110|898.21
1791302475|20261007000115|898.12
1791302480|20261007000120|898.23
1791302485|20261007000125|898.19
1791302495|20261007000135|898.14
1791302500|20261007000140|898.12
1791302505|20261007000145|898.22
1791302510|20261007000150|898.23
1791302515|20261007000155|898.13
1791302525|20261007000205|898.28
1791302530|20261007000210|898.38
1791302535|20261007000215|898.37
1791302540|20261007000220|898.34
1791302545|20261007000225|898.39
1791302555|20261007000235|898.41
1791302560|20261007000240|898.38
1791302565|20261007000245|898.34
1791302570|20261007000250|898.33
1791302585|20261007000305|898.35
1791302595|20261007000315|898.42
1791302605|20261007000325|898.54
1791302615|20261007000335|898.43
1791302620|20261007000340|898.42
1791302625|20261007000345|898.37
1791302630|20261007000350|898.30
1791302645|20261007000405|898.12
1791302655|20261007000415|898.05
1791302660|20261007000420|897.97
1791302665|20261007000425|897.97
1791302675|20261007000435|898.13
1791302680|20261007000440|898.11
1791302710|20261007000510|898.28
1791302715|20261007000515|898.14
1791302720|20261007000520|898.18
1791302725|20261007000525|898.17
1791302740|20261007000540|898.12
1791302745|20261007000545|898.22
1791302750|20261007000550|898.22
1791302770|20261007000610|898.26
1791302775|20261007000615|898.25
1791302780|20261007000620|898.30
1791302785|20261007000625|898.26
1791302800|20261007000640|898.39
1791302810|20261007000650|898.34
1791302815|20261007000655|898.36
1791302830|20261007000710|898.37
1791302845|20261007000725|898.39
1791302870|20261007000750|898.23
1791302885|20261007000805|898.38
1791302890|20261007000810|898.36
1791302900|20261007000820|898.39
1791302925|20261007000845|898.10
1791302930|20261007000850|898.00
1791302935|20261007000855|898.10
1791302945|20261007000905|898.05
1791302955|20261007000915|898.09
1791302960|20261007000920|898.06
1791302965|20261007000925|898.01
1791303000|20261007001000|898.13
1791303005|20261007001005|898.19
1791303010|20261007001010|898.23
1791303015|20261007001015|898.13
1791303025|20261007001025|898.09
1791303035|20261007001035|898.13
1791303040|20261007001040|898.05
1791303045|20261007001045|898.09
1791303050|20261007001050|898.04
1791303080|20261007001120|897.96
1791303085|20261007001125|897.84
1791303095|20261007001135|897.89
1791303100|20261007001140|897.84
1791303105|20261007001145|897.83
1791303115|20261007001155|897.65
1791303135|20261007001215|897.80
1791303140|20261007001220|897.81
1791303145|20261007001225|897.79
1791303155|20261007001235|897.88
1791303165|20261007001245|897.82
1791303170|20261007001250|897.75
1791303175|20261007001255|897.80
1791303180|20261007001300|897.78
1791303185|20261007001305|897.71
1791303190|20261007001310|897.71
1791303195|20261007001315|897.70
1791303200|20261007001320|897.66
1791303205|20261007001325|897.66
1791303215|20261007001335|897.73
1791303220|20261007001340|897.75
1791303225|20261007001345|897.81
1791303245|20261007001405|897.80
1791303250|20261007001410|897.76
1791303255|20261007001415|897.74
1791303260|20261007001420|897.78
1791303265|20261007001425|897.78
1791303315|20261007001515|898.18
1791303320|20261007001520|898.03
1791303325|20261007001525|898.00
1791303335|20261007001535|897.98
1791303340|20261007001540|897.91
1791303355|20261007001555|898.08
1791303365|20261007001605|898.28
1791303370|20261007001610|898.30
1791303375|20261007001615|898.41
1791303380|20261007001620|898.39
1791303385|20261007001625|898.33
1791303400|20261007001640|898.26
1791303405|20261007001645|898.26
1791303410|20261007001650|898.24
1791303415|20261007001655|898.26
1791303430|20261007001710|898.15
1791303445|20261007001725|898.23
1791303455|20261007001735|898.22
1791303475|20261007001755|898.22
1791303485|20261007001805|898.20
1791303490|20261007001810|898.24
1791303495|20261007001815|898.28
1791303500|20261007001820|898.28
1791303505|20261007001825|898.28
1791303515|20261007001835|898.35
1791303520|20261007001840|898.34
1791303535|20261007001855|898.32
1791303545|20261007001905|898.43
1791303550|20261007001910|898.45
1791303555|20261007001915|898.40
1791303560|20261007001920|898.41
1791303580|20261007001940|898.25
1791303615|20261007002015|898.02
1791303620|20261007002020|898.03
1791303635|20261007002035|897.99
1791303640|20261007002040|897.99
1791303645|20261007002045|897.95
1791303675|20261007002115|898.05
1791303680|20261007002120|898.02
1791303685|20261007002125|898.01
1791303700|20261007002140|898.09
1791303715|20261007002155|898.22
1791303725|20261007002205|898.28
1791303730|20261007002210|898.27
1791303735|20261007002215|898.28
1791303745|20261007002225|898.27
1791303755|20261007002235|898.14
1791303765|20261007002245|898.20
1791303790|20261007002310|898.24
1791303800|20261007002320|898.39
1791303805|20261007002325|898.41
1791303830|20261007002350|898.46
1791303835|20261007002355|898.46
1791303845|20261007002405|898.45
1791303850|20261007002410|898.47
1791303855|20261007002415|898.51
1791303860|20261007002420|898.23
1791303865|20261007002425|898.20
1791303915|20261007002515|898.06
1791303920|20261007002520|898.11
1791303925|20261007002525|897.98
1791303935|20261007002535|897.96
1791303950|20261007002550|897.98
1791303970|20261007002610|898.06
1791303975|20261007002615|898.09
1791303980|20261007002620|898.13
1791303995|20261007002635|898.05
1791304000|20261007002640|897.99
1791304035|20261007002715|898.02
1791304040|20261007002720|898.05
1791304060|20261007002740|897.88
1791304065|20261007002745|897.86
1791304085|20261007002805|897.82
1791304095|20261007002815|897.75
1791304100|20261007002820|897.70
1791304105|20261007002825|897.64
1791304115|20261007002835|897.69
1791304130|20261007002850|897.72
1791304135|20261007002855|897.72
1791304145|20261007002905|897.69
1791304150|20261007002910|897.65
1791304155|20261007002915|897.64
1791304160|20261007002920|897.61
1791304165|20261007002925|897.59
1791304185|20261007002945|897.62
1791304200|20261007003000|897.60
1791304205|20261007003005|897.65
1791304210|20261007003010|897.71
1791304215|20261007003015|897.62
1791304225|20261007003025|897.67
1791304235|20261007003035|897.71
1791304240|20261007003040|897.65
1791304245|20261007003045|897.58
1791304250|20261007003050|897.60
1791304275|20261007003115|897.67
1791304295|20261007003135|897.71
1791304310|20261007003150|897.75
1791304315|20261007003155|897.76
1791304325|20261007003205|897.72
1791304330|20261007003210|897.77
1791304335|20261007003215|897.71
1791304340|20261007003220|897.69
1791304360|20261007003240|897.64
1791304365|20261007003245|897.57
1791304390|20261007003310|897.55
1791304395|20261007003315|897.49
1791304400|20261007003320|897.48
1791304415|20261007003335|897.57
1791304420|20261007003340|897.55
1791304430|20261007003350|897.60
1791304445|20261007003405|897.57
1791304450|20261007003410|897.68
1791304455|20261007003415|897.69
1791304460|20261007003420|897.69
1791304465|20261007003425|897.67
1791304475|20261007003435|897.76
1791304490|20261007003450|897.48
1791304495|20261007003455|897.49
1791304510|20261007003510|897.52
1791304515|20261007003515|897.48
1791304520|20261007003520|897.45
1791304525|20261007003525|897.46
1791304535|20261007003535|897.49
1791304540|20261007003540|897.47
1791304545|20261007003545|897.62
1791304550|20261007003550|897.61
1791304555|20261007003555|897.65
1791304570|20261007003610|897.61
1791304580|20261007003620|897.58
1791304585|20261007003625|897.54
1791304595|20261007003635|897.59
1791304600|20261007003640|897.65
1791304605|20261007003645|897.67
1791304610|20261007003650|897.72
1791304615|20261007003655|897.77
1791304630|20261007003710|897.80
1791304635|20261007003715|897.84
1791304640|20261007003720|897.81
1791304645|20261007003725|897.83
1791304655|20261007003735|897.77
1791304660|20261007003740|897.78
1791304665|20261007003745|897.72
1791304670|20261007003750|897.75
1791304675|20261007003755|897.49
1791304690|20261007003810|897.39
1791304695|20261007003815|897.33
1791304700|20261007003820|897.33
1791304705|20261007003825|897.41
1791304720|20261007003840|897.48
1791304730|20261007003850|897.50
1791304735|20261007003855|897.51
1791304750|20261007003910|897.50
1791304755|20261007003915|897.51
1791304760|20261007003920|897.49
1791304805|20261007004005|897.59
1791304810|20261007004010|897.57
1791304815|20261007004015|897.52
1791304820|20261007004020|897.49
1791304825|20261007004025|897.50
1791304835|20261007004035|897.43
1791304840|20261007004040|897.44
1791304845|20261007004045|897.43
1791304850|20261007004050|897.43
1791304855|20261007004055|897.44
1791304875|20261007004115|897.42
1791304885|20261007004125|897.42
1791304905|20261007004145|897.29
1791304930|20261007004210|897.42
1791304945|20261007004225|897.50
1791304955|20261007004235|897.43
1791304960|20261007004240|897.37
1791304965|20261007004245|897.39
1791304975|20261007004255|897.39
1791304990|20261007004310|897.34
1791305020|20261007004340|897.40
1791305030|20261007004350|897.46
1791305035|20261007004355|897.44
1791305045|20261007004405|897.48
1791305050|20261007004410|897.56
1791305055|20261007004415|897.61
1791305065|20261007004425|897.57
1791305110|20261007004510|897.65
1791305115|20261007004515|897.68
1791305120|20261007004520|897.79
1791305125|20261007004525|897.73
1791305135|20261007004535|897.70
1791305140|20261007004540|897.68
1791305145|20261007004545|897.73
1791305155|20261007004555|897.47
1791305165|20261007004605|897.64
1791305185|20261007004625|897.55
1791305195|20261007004635|897.44
1791305200|20261007004640|897.45
1791305205|20261007004645|897.41
1791305210|20261007004650|897.43
1791305225|20261007004705|897.41
1791305230|20261007004710|897.27
1791305235|20261007004715|897.26
1791305240|20261007004720|897.27
1791305255|20261007004735|897.19
1791305270|20261007004750|897.19
1791305290|20261007004810|897.24
1791305295|20261007004815|897.20
1791305300|20261007004820|897.23
1791305305|20261007004825|897.11
1791305330|20261007004850|896.64
1791305345|20261007004905|896.76
1791305350|20261007004910|896.78
1791305355|20261007004915|896.85
1791305365|20261007004925|896.89
1791305400|20261007005000|896.81
1791305415|20261007005015|896.76
1791305420|20261007005020|896.79
1791305425|20261007005025|896.84
1791305445|20261007005045|896.75
1791305450|20261007005050|896.73
1791305465|20261007005105|896.84
1791305470|20261007005110|896.80
1791305480|20261007005120|896.75
1791305485|20261007005125|896.79
1791305495|20261007005135|896.76
1791305500|20261007005140|896.75
1791305505|20261007005145|896.73
1791305510|20261007005150|896.75
1791305530|20261007005210|896.75
1791305535|20261007005215|896.74
1791305555|20261007005235|896.73
1791305565|20261007005245|896.77
1791305590|20261007005310|896.69
1791305595|20261007005315|896.66
1791305605|20261007005325|896.62
1791305615|20261007005335|896.48
1791305620|20261007005340|896.49
1791305625|20261007005345|896.54
1791305635|20261007005355|896.59
1791305645|20261007005405|896.61
1791305650|20261007005410|896.55
1791305655|20261007005415|896.48
1791305660|20261007005420|896.52
1791305665|20261007005425|896.52
1791305700|20261007005500|896.48
1791305705|20261007005505|896.57
1791305710|20261007005510|896.58
1791305715|20261007005515|896.45
1791305720|20261007005520|896.46
1791305735|20261007005535|896.36
1791305745|20261007005545|896.35
1791305750|20261007005550|896.32
1791305770|20261007005610|896.27
1791305775|20261007005615|896.24
1791305780|20261007005620|896.27
1791305785|20261007005625|896.25
1791305795|20261007005635|896.38
1791305800|20261007005640|896.37
1791305805|20261007005645|896.41
1791305815|20261007005655|896.38
1791305825|20261007005705|896.39
1791305830|20261007005710|896.49
1791305835|20261007005715|896.47
1791305840|20261007005720|896.48
1791305845|20261007005725|896.51
1791305855|20261007005735|896.56
1791305860|20261007005740|896.56
1791305865|20261007005745|896.57
1791305870|20261007005750|896.65
1791305875|20261007005755|896.55
1791305890|20261007005810|896.53
1791305895|20261007005815|896.57
1791305905|20261007005825|896.64
1791305915|20261007005835|896.51
1791305920|20261007005840|896.52
1791305925|20261007005845|896.52
1791305935|20261007005855|896.51
1791305945|20261007005905|896.54
1791305950|20261007005910|896.67
1791305955|20261007005915|896.71
1791306000|20261007010000|896.78
1791306005|20261007010005|896.79
1791306010|20261007010010|896.87
1791306015|20261007010015|896.85
1791306025|20261007010025|896.89
1791306035|20261007010035|896.82
1791306040|20261007010040|896.96
1791306045|20261007010045|896.96
1791306055|20261007010055|896.84
1791306060|20261007010100|896.86
1791306065|20261007010105|896.88
1791306070|20261007010110|896.84
1791306075|20261007010115|896.89
1791306080|20261007010120|896.90
1791306085|20261007010125|896.89
1791306100|20261007010140|896.89
1791306105|20261007010145|896.90
1791306110|20261007010150|896.90
1791306125|20261007010205|896.99
1791306130|20261007010210|896.92
1791306135|20261007010215|896.98
1791306140|20261007010220|896.86
1791306145|20261007010225|896.89
1791306155|20261007010235|896.83
1791306160|20261007010240|896.82
1791306170|20261007010250|896.88
1791306175|20261007010255|896.85
1791306185|20261007010305|896.87
1791306190|20261007010310|896.94
1791306195|20261007010315|896.90
1791306200|20261007010320|896.90
1791306205|20261007010325|896.90
1791306215|20261007010335|897.01
1791306220|20261007010340|897.04
1791306225|20261007010345|896.97
1791306230|20261007010350|896.97
1791306235|20261007010355|896.94
1791306255|20261007010415|897.01
1791306260|20261007010420|897.16
1791306265|20261007010425|897.17
1791306305|20261007010505|897.35
1791306310|20261007010510|897.38
1791306350|20261007010550|897.53
1791306355|20261007010555|897.53
1791306370|20261007010610|897.55
1791306375|20261007010615|897.53
1791306380|20261007010620|897.53
1791306400|20261007010640|897.70
1791306405|20261007010645|897.70
1791306410|20261007010650|897.66
1791306415|20261007010655|897.65
1791306440|20261007010720|897.58
1791306445|20261007010725|897.58
1791306465|20261007010745|897.76
1791306470|20261007010750|897.77
1791306475|20261007010755|897.80
1791306490|20261007010810|897.80
1791306495|20261007010815|897.82
1791306505|20261007010825|897.98
1791306515|20261007010835|898.01
1791306520|20261007010840|897.98
1791306525|20261007010845|897.87
1791306545|20261007010905|897.96
1791306550|20261007010910|897.90
1791306555|20261007010915|897.97
1791306560|20261007010920|897.93
1791306565|20261007010925|897.94
1791306600|20261007011000|898.24
1791306605|20261007011005|898.24
1791306610|20261007011010|898.29
1791306615|20261007011015|898.26
1791306620|20261007011020|898.28
1791306635|20261007011035|898.18
1791306640|20261007011040|898.24
1791306645|20261007011045|898.21
1791306650|20261007011050|898.19
1791306665|20261007011105|898.22
1791306670|20261007011110|898.24
1791306675|20261007011115|898.40
1791306680|20261007011120|898.42
1791306685|20261007011125|898.38
1791306695|20261007011135|898.37
1791306725|20261007011205|898.40
1791306730|20261007011210|898.40
1791306735|20261007011215|898.37
1791306745|20261007011225|898.34
1791306755|20261007011235|898.36
1791306760|20261007011240|898.33
1791306765|20261007011245|898.20
1791306770|20261007011250|898.14
1791306775|20261007011255|898.12
1791306785|20261007011305|898.03
1791306790|20261007011310|898.02
1791306800|20261007011320|898.00
1791306805|20261007011325|898.00
1791306815|20261007011335|898.10
1791306820|20261007011340|898.05
1791306850|20261007011410|898.06
1791306865|20261007011425|898.05
1791306895|20261007011455|897.98
1791306905|20261007011505|898.05
1791306915|20261007011515|898.05
1791306920|20261007011520|898.05
1791306925|20261007011525|898.02
1791306935|20261007011535|898.00
1791306945|20261007011545|897.94
1791306950|20261007011550|897.95
1791306965|20261007011605|898.03
1791306975|20261007011615|898.11
1791306980|20261007011620|898.16
1791306985|20261007011625|898.16
1791306995|20261007011635|898.17
1791307055|20261007011735|898.15
