1788278400|20260902000000|944.91
1788278405|20260902000005|944.90
1788278410|20260902000010|944.86
1788278415|20260902000015|944.95
1788278420|20260902000020|944.93
1788278425|20260902000025|944.93
1788278435|20260902000035|945.04
1788278440|20260902000040|945.07
1788278450|20260902000050|945.19
1788278455|20260902000055|945.23
1788278460|20260902000100|945.07
1788278465|20260902000105|944.96
1788278475|20260902000115|944.79
1788278480|20260902000120|944.85
1788278485|20260902000125|944.92
1788278495|20260902000135|944.80
1788278500|20260902000140|944.83
1788278505|20260902000145|944.90
1788278510|20260902000150|944.99
1788278515|20260902000155|944.90
1788278525|20260902000205|944.75
1788278530|20260902000210|944.75
1788278535|20260902000215|944.65
1788278540|20260902000220|944.80
1788278545|20260902000225|944.82
1788278555|20260902000235|944.95
1788278560|20260902000240|944.94
1788278565|20260902000245|944.82
1788278570|20260902000250|944.64
1788278575|20260902000255|944.81
1788278585|20260902000305|944.77
1788278590|20260902000310|944.77
1788278595|20260902000315|944.79
1788278600|20260902000320|944.82
1788278605|20260902000325|944.99
1788278615|20260902000335|944.71
1788278620|20260902000340|944.70
1788278625|20260902000345|944.76
1788278630|20260902000350|944.83
1788278635|20260902000355|944.78
1788278645|20260902000405|944.66
1788278655|20260902000415|944.66
1788278660|20260902000420|944.67
1788278665|20260902000425|944.64
1788278700|20260902000500|944.69
1788278705|20260902000505|944.71
1788278710|20260902000510|944.81
1788278715|20260902000515|944.84
1788278720|20260902000520|944.85
1788278725|20260902000525|944.73
1788278735|20260902000535|944.98
1788278745|20260902000545|944.90
1788278750|20260902000550|944.77
1788278755|20260902000555|944.75
1788278765|20260902000605|944.77
1788278770|20260902000610|944.77
1788278775|20260902000615|944.81
1788278780|20260902000620|944.84
1788278785|20260902000625|944.80
1788278795|20260902000635|944.82
1788278800|20260902000640|944.46
1788278805|20260902000645|944.35
1788278810|20260902000650|944.38
1788278815|20260902000655|944.29
1788278830|20260902000710|944.27
1788278835|20260902000715|944.45
1788278840|20260902000720|944.42
1788278855|20260902000735|944.39
1788278860|20260902000740|944.37
1788278865|20260902000745|944.22
1788278875|20260902000755|944.26
1788278885|20260902000805|944.34
1788278890|20260902000810|944.35
1788278895|20260902000815|944.28
1788278900|20260902000820|944.35
1788278905|20260902000825|944.19
1788278915|20260902000835|944.18
1788278925|20260902000845|944.13
1788278930|20260902000850|944.05
1788278935|20260902000855|944.00
1788278945|20260902000905|944.22
1788278950|20260902000910|944.17
1788278955|20260902000915|944.16
1788278960|20260902000920|944.10
1788278965|20260902000925|944.11
1788279000|20260902001000|943.90
1788279005|20260902001005|943.85
1788279010|20260902001010|943.74
1788279015|20260902001015|943.62
1788279025|20260902001025|943.57
1788279035|20260902001035|943.84
1788279040|20260902001040|943.91
1788279045|20260902001045|943.90
1788279050|20260902001050|943.81
1788279055|20260902001055|943.92
1788279065|20260902001105|943.88
1788279070|20260902001110|943.76
1788279075|20260902001115|943.85
1788279080|20260902001120|943.81
1788279085|20260902001125|943.82
1788279095|20260902001135|943.67
1788279100|20260902001140|943.56
1788279105|20260902001145|943.52
1788279110|20260902001150|943.35
1788279115|20260902001155|943.41
1788279125|20260902001205|943.27
1788279130|20260902001210|943.23
1788279135|20260902001215|943.20
1788279140|20260902001220|943.27
1788279145|20260902001225|943.25
1788279155|20260902001235|943.34
1788279160|20260902001240|943.45
1788279165|20260902001245|943.48
1788279170|20260902001250|943.43
1788279175|20260902001255|943.42
1788279185|20260902001305|943.25
1788279190|20260902001310|943.21
1788279195|20260902001315|943.42
1788279200|20260902001320|943.37
1788279205|20260902001325|943.39
1788279215|20260902001335|943.44
1788279220|20260902001340|943.43
1788279230|20260902001350|943.36
1788279235|20260902001355|943.36
1788279245|20260902001405|943.41
1788279255|20260902001415|943.21
1788279260|20260902001420|943.15
1788279265|20260902001425|943.05
1788279305|20260902001505|942.61
1788279310|20260902001510|942.71
1788279315|20260902001515|942.75
1788279320|20260902001520|942.90
1788279325|20260902001525|942.84
1788279335|20260902001535|942.87
1788279340|20260902001540|943.13
1788279345|20260902001545|943.16
1788279350|20260902001550|943.35
1788279355|20260902001555|943.19
1788279365|20260902001605|942.88
1788279370|20260902001610|942.93
1788279375|20260902001615|942.76
1788279380|20260902001620|942.76
1788279385|20260902001625|942.74
1788279395|20260902001635|942.79
1788279400|20260902001640|942.56
1788279405|20260902001645|942.71
1788279410|20260902001650|942.78
1788279415|20260902001655|942.88
1788279425|20260902001705|942.90
1788279430|20260902001710|942.91
1788279435|20260902001715|942.79
1788279440|20260902001720|942.85
1788279445|20260902001725|942.73
1788279455|20260902001735|942.44
1788279460|20260902001740|942.25
1788279465|20260902001745|942.28
1788279470|20260902001750|942.44
1788279475|20260902001755|942.49
1788279485|20260902001805|942.26
1788279490|20260902001810|942.13
1788279495|20260902001815|942.13
1788279515|20260902001835|942.07
1788279525|20260902001845|941.90
1788279530|20260902001850|942.12
1788279535|20260902001855|942.12
1788279540|20260902001900|942.04
1788279545|20260902001905|942.07
1788279550|20260902001910|942.13
1788279555|20260902001915|942.06
1788279560|20260902001920|941.98
1788279565|20260902001925|942.06
1788279605|20260902002005|941.65
1788279610|20260902002010|941.68
1788279615|20260902002015|941.43
1788279620|20260902002020|941.33
1788279625|20260902002025|941.35
1788279635|20260902002035|941.36
1788279640|20260902002040|941.50
1788279645|20260902002045|941.46
1788279650|20260902002050|941.46
1788279655|20260902002055|941.39
1788279665|20260902002105|941.46
1788279680|20260902002120|941.51
1788279685|20260902002125|941.31
1788279700|20260902002140|941.52
1788279705|20260902002145|941.52
1788279710|20260902002150|941.49
1788279715|20260902002155|941.48
1788279720|20260902002200|941.47
1788279725|20260902002205|941.51
1788279730|20260902002210|941.47
1788279735|20260902002215|941.38
1788279740|20260902002220|941.27
1788279755|20260902002235|941.45
1788279760|20260902002240|941.39
1788279765|20260902002245|941.47
1788279770|20260902002250|941.27
1788279775|20260902002255|941.39
1788279785|20260902002305|941.23
1788279795|20260902002315|941.46
1788279800|20260902002320|941.47
1788279805|20260902002325|941.52
1788279815|20260902002335|941.49
1788279820|20260902002340|941.69
1788279825|20260902002345|941.69
1788279830|20260902002350|941.56
1788279835|20260902002355|941.65
1788279845|20260902002405|941.59
1788279850|20260902002410|941.56
1788279855|20260902002415|941.37
1788279860|20260902002420|941.41
1788279865|20260902002425|941.46
1788279900|20260902002500|941.73
1788279905|20260902002505|941.77
1788279915|20260902002515|941.80
1788279920|20260902002520|941.76
1788279925|20260902002525|941.72
1788279935|20260902002535|941.48
1788279940|20260902002540|941.47
1788279950|20260902002550|941.57
1788279955|20260902002555|941.71
1788279960|20260902002600|941.67
1788279965|20260902002605|941.63
1788279970|20260902002610|941.56
1788279975|20260902002615|941.52
1788279980|20260902002620|941.48
1788279985|20260902002625|941.24
1788279995|20260902002635|941.31
1788280000|20260902002640|941.47
1788280005|20260902002645|941.51
1788280015|20260902002655|941.62
1788280025|20260902002705|941.04
1788280030|20260902002710|941.27
1788280035|20260902002715|940.88
1788280045|20260902002725|940.90
1788280055|20260902002735|940.84
1788280060|20260902002740|940.85
1788280065|20260902002745|940.84
1788280070|20260902002750|940.76
1788280075|20260902002755|940.79
1788280085|20260902002805|940.89
1788280095|20260902002815|940.71
1788280100|20260902002820|940.74
1788280115|20260902002835|940.78
1788280120|20260902002840|940.83
1788280125|20260902002845|940.98
1788280130|20260902002850|940.85
1788280135|20260902002855|940.80
1788280145|20260902002905|940.61
1788280150|20260902002910|940.60
1788280155|20260902002915|940.92
1788280160|20260902002920|940.82
1788280165|20260902002925|940.87
1788280190|20260902002950|940.54
1788280205|20260902003005|940.18
1788280210|20260902003010|940.20
1788280215|20260902003015|940.14
1788280220|20260902003020|940.09
1788280225|20260902003025|940.02
1788280235|20260902003035|940.43
1788280240|20260902003040|940.32
1788280245|20260902003045|940.37
1788280250|20260902003050|940.16
1788280255|20260902003055|940.12
1788280260|20260902003100|940.12
1788280270|20260902003110|939.97
1788280275|20260902003115|939.63
1788280305|20260902003145|939.80
1788280320|20260902003200|939.70
1788280325|20260902003205|939.69
1788280340|20260902003220|939.60
1788280345|20260902003225|939.73
1788280355|20260902003235|940.10
1788280360|20260902003240|939.99
1788280370|20260902003250|939.97
1788280375|20260902003255|939.91
1788280380|20260902003300|939.63
1788280385|20260902003305|939.49
1788280390|20260902003310|939.69
1788280395|20260902003315|940.03
1788280405|20260902003325|940.20
1788280415|20260902003335|940.01
1788280425|20260902003345|939.97
1788280430|20260902003350|939.98
1788280450|20260902003410|939.93
1788280455|20260902003415|940.09
1788280460|20260902003420|939.90
1788280465|20260902003425|939.70
1788280475|20260902003435|939.65
1788280480|20260902003440|939.68
1788280500|20260902003500|939.65
1788280505|20260902003505|939.66
1788280510|20260902003510|939.79
1788280515|20260902003515|939.79
1788280520|20260902003520|939.86
1788280525|20260902003525|939.85
1788280535|20260902003535|939.64
1788280540|20260902003540|939.72
1788280545|20260902003545|939.71
1788280550|20260902003550|939.74
1788280555|20260902003555|939.79
1788280560|20260902003600|939.95
1788280565|20260902003605|939.95
1788280575|20260902003615|939.70
1788280585|20260902003625|939.38
1788280595|20260902003635|940.11
1788280600|20260902003640|940.13
1788280610|20260902003650|940.18
1788280620|20260902003700|940.19
1788280625|20260902003705|940.15
1788280630|20260902003710|940.13
1788280635|20260902003715|940.27
1788280640|20260902003720|940.27
1788280645|20260902003725|940.20
1788280660|20260902003740|940.36
1788280670|20260902003750|940.35
1788280680|20260902003800|940.38
1788280685|20260902003805|940.53
1788280690|20260902003810|940.57
1788280695|20260902003815|940.71
1788280700|20260902003820|940.61
1788280705|20260902003825|940.73
1788280715|20260902003835|940.77
1788280720|20260902003840|940.75
1788280725|20260902003845|940.74
1788280730|20260902003850|940.88
1788280735|20260902003855|940.90
1788280740|20260902003900|940.88
1788280745|20260902003905|940.66
1788280750|20260902003910|940.68
1788280755|20260902003915|940.75
1788280760|20260902003920|940.74
1788280765|20260902003925|940.73
1788280810|20260902004010|941.21
1788280815|20260902004015|941.21
1788280820|20260902004020|941.03
1788280825|20260902004025|941.12
1788280835|20260902004035|941.17
1788280840|20260902004040|941.34
1788280845|20260902004045|941.30
1788280850|20260902004050|941.30
1788280855|20260902004055|941.26
1788280860|20260902004100|941.05
1788280880|20260902004120|941.14
1788280885|20260902004125|941.46
1788280895|20260902004135|941.52
1788280900|20260902004140|941.49
1788280905|20260902004145|941.58
1788280910|20260902004150|941.56
1788280915|20260902004155|941.53
1788280920|20260902004200|941.60
1788280930|20260902004210|941.54
1788280935|20260902004215|941.47
1788280940|20260902004220|941.44
1788280955|20260902004235|940.95
1788280960|20260902004240|940.89
1788280965|20260902004245|940.85
1788280975|20260902004255|940.65
1788280980|20260902004300|940.68
1788280985|20260902004305|940.54
1788280990|20260902004310|940.51
1788280995|20260902004315|940.51
1788281000|20260902004320|940.59
1788281005|20260902004325|940.67
1788281015|20260902004335|940.83
1788281020|20260902004340|941.05
1788281025|20260902004345|941.04
1788281030|20260902004350|941.00
1788281035|20260902004355|941.00
1788281040|20260902004400|941.06
1788281045|20260902004405|941.07
1788281050|20260902004410|941.12
1788281055|20260902004415|941.16
1788281060|20260902004420|941.12
1788281065|20260902004425|941.09
1788281100|20260902004500|940.83
1788281105|20260902004505|941.33
1788281120|20260902004520|941.28
1788281125|20260902004525|941.24
1788281135|20260902004535|941.25
1788281145|20260902004545|941.29
1788281150|20260902004550|941.34
1788281155|20260902004555|941.51
1788281160|20260902004600|941.51
1788281165|20260902004605|941.48
1788281170|20260902004610|941.37
1788281175|20260902004615|941.38
1788281180|20260902004620|941.44
1788281185|20260902004625|941.56
1788281195|20260902004635|941.48
1788281200|20260902004640|941.40
1788281205|20260902004645|941.39
1788281210|20260902004650|941.28
1788281215|20260902004655|941.35
1788281225|20260902004705|941.35
1788281230|20260902004710|941.36
1788281235|20260902004715|941.41
1788281240|20260902004720|941.50
1788281245|20260902004725|941.65
1788281255|20260902004735|941.74
1788281260|20260902004740|941.71
1788281265|20260902004745|941.37
1788281270|20260902004750|941.47
1788281275|20260902004755|941.44
1788281280|20260902004800|941.25
1788281285|20260902004805|941.30
1788281290|20260902004810|941.20
1788281300|20260902004820|941.33
1788281315|20260902004835|941.38
1788281320|20260902004840|941.32
1788281325|20260902004845|941.38
1788281330|20260902004850|941.37
1788281335|20260902004855|941.49
1788281345|20260902004905|941.48
1788281355|20260902004915|941.49
1788281360|20260902004920|941.49
1788281405|20260902005005|941.48
1788281410|20260902005010|941.42
1788281415|20260902005015|941.56
1788281420|20260902005020|941.56
1788281425|20260902005025|941.63
1788281435|20260902005035|941.55
1788281440|20260902005040|941.52
1788281445|20260902005045|941.57
1788281450|20260902005050|941.58
1788281455|20260902005055|941.56
1788281465|20260902005105|941.68
1788281470|20260902005110|941.67
1788281475|20260902005115|941.65
1788281480|20260902005120|941.68
1788281485|20260902005125|941.58
1788281495|20260902005135|941.55
1788281500|20260902005140|941.46
1788281505|20260902005145|941.33
1788281510|20260902005150|941.31
1788281515|20260902005155|941.21
1788281520|20260902005200|941.17
1788281525|20260902005205|941.18
1788281530|20260902005210|941.18
1788281535|20260902005215|941.28
1788281540|20260902005220|941.28
1788281555|20260902005235|941.02
1788281560|20260902005240|941.02
1788281570|20260902005250|941.16
1788281575|20260902005255|941.18
1788281580|20260902005300|941.16
1788281585|20260902005305|941.16
1788281590|20260902005310|941.15
1788281595|20260902005315|941.14
1788281600|20260902005320|941.14
1788281605|20260902005325|941.19
1788281620|20260902005340|940.79
1788281630|20260902005350|941.01
1788281635|20260902005355|940.94
1788281645|20260902005405|940.81
1788281650|20260902005410|940.86
1788281655|20260902005415|940.90
1788281660|20260902005420|940.90
1788281665|20260902005425|940.95
1788281675|20260902005435|941.00
1788281690|20260902005450|941.26
1788281695|20260902005455|941.11
1788281700|20260902005500|941.10
1788281705|20260902005505|941.09
1788281710|20260902005510|941.07
1788281715|20260902005515|941.11
1788281720|20260902005520|941.13
1788281725|20260902005525|941.21
1788281735|20260902005535|941.19
1788281740|20260902005540|941.17
1788281745|20260902005545|941.09
1788281755|20260902005555|941.09
1788281760|20260902005600|941.11
1788281765|20260902005605|940.90
1788281770|20260902005610|940.94
1788281775|20260902005615|940.99
1788281780|20260902005620|940.92
1788281785|20260902005625|940.88
1788281795|20260902005635|940.80
1788281800|20260902005640|940.82
1788281805|20260902005645|940.78
1788281810|20260902005650|940.82
1788281830|20260902005710|940.93
1788281840|20260902005720|940.97
1788281845|20260902005725|940.84
1788281855|20260902005735|940.85
1788281860|20260902005740|940.88
1788281865|20260902005745|940.91
1788281870|20260902005750|940.92
1788281875|20260902005755|940.91
1788281890|20260902005810|940.96
1788281895|20260902005815|941.09
1788281900|20260902005820|941.13
1788281915|20260902005835|941.00
1788281920|20260902005840|940.98
1788281925|20260902005845|940.97
1788281930|20260902005850|940.92
1788281945|20260902005905|940.91
1788281950|20260902005910|940.84
1788281965|20260902005925|940.51
1788282005|20260902010005|940.28
1788282010|20260902010010|940.34
1788282015|20260902010015|940.06
1788282020|20260902010020|939.98
1788282025|20260902010025|939.97
1788282040|20260902010040|940.22
1788282045|20260902010045|940.20
1788282050|20260902010050|940.25
1788282055|20260902010055|940.10
1788282060|20260902010100|940.07
1788282065|20260902010105|940.02
1788282070|20260902010110|940.04
1788282085|20260902010125|940.10
1788282095|20260902010135|939.74
1788282105|20260902010145|939.90
1788282110|20260902010150|940.04
1788282115|20260902010155|939.88
1788282130|20260902010210|939.68
1788282135|20260902010215|939.70
1788282140|20260902010220|939.70
1788282155|20260902010235|939.70
1788282160|20260902010240|939.55
1788282170|20260902010250|939.63
1788282185|20260902010305|939.73
1788282190|20260902010310|939.75
1788282195|20260902010315|939.73
1788282200|20260902010320|939.84
1788282205|20260902010325|939.85
1788282215|20260902010335|939.81
1788282220|20260902010340|939.62
1788282225|20260902010345|939.44
1788282230|20260902010350|939.43
1788282235|20260902010355|939.47
1788282245|20260902010405|939.47
1788282255|20260902010415|939.45
1788282260|20260902010420|939.43
1788282305|20260902010505|939.17
1788282315|20260902010515|939.26
1788282320|20260902010520|939.30
1788282335|20260902010535|939.12
1788282340|20260902010540|939.12
1788282345|20260902010545|939.25
1788282350|20260902010550|939.29
1788282355|20260902010555|939.37
1788282365|20260902010605|939.36
1788282370|20260902010610|939.33
1788282375|20260902010615|939.16
1788282385|20260902010625|939.23
1788282395|20260902010635|939.21
1788282400|20260902010640|939.20
1788282405|20260902010645|939.23
1788282410|20260902010650|939.21
1788282415|20260902010655|939.25
1788282425|20260902010705|939.20
1788282430|20260902010710|939.15
1788282435|20260902010715|939.07
1788282440|20260902010720|939.00
1788282455|20260902010735|939.08
1788282460|20260902010740|939.09
1788282465|20260902010745|939.05
1788282470|20260902010750|939.06
1788282475|20260902010755|939.06
1788282485|20260902010805|938.85
1788282490|20260902010810|938.83
1788282495|20260902010815|938.83
1788282500|20260902010820|938.83
1788282515|20260902010835|939.21
1788282520|20260902010840|939.18
1788282525|20260902010845|939.16
1788282530|20260902010850|939.18
1788282535|20260902010855|939.17
1788282545|20260902010905|939.04
1788282550|20260902010910|939.07
1788282555|20260902010915|939.15
1788282560|20260902010920|939.22
1788282600|20260902011000|939.10
1788282605|20260902011005|939.14
1788282610|20260902011010|939.20
1788282615|20260902011015|939.21
1788282620|20260902011020|939.17
1788282625|20260902011025|939.26
1788282640|20260902011040|939.13
1788282645|20260902011045|939.07
1788282650|20260902011050|938.97
1788282655|20260902011055|938.94
1788282665|20260902011105|938.98
1788282670|20260902011110|938.97
1788282675|20260902011115|938.88
1788282680|20260902011120|938.92
1788282685|20260902011125|938.98
1788282695|20260902011135|938.82
1788282700|20260902011140|938.73
1788282705|20260902011145|938.86
1788282715|20260902011155|938.94
1788282725|20260902011205|938.83
1788282730|20260902011210|938.87
1788282735|20260902011215|938.89
1788282740|20260902011220|938.90
1788282745|20260902011225|939.04
1788282760|20260902011240|939.12
1788282765|20260902011245|939.14
1788282770|20260902011250|939.15
1788282775|20260902011255|939.21
1788282785|20260902011305|939.21
1788282790|20260902011310|939.20
1788282795|20260902011315|939.22
1788282800|20260902011320|939.04
1788282805|20260902011325|939.13
1788282815|20260902011335|939.08
1788282820|20260902011340|939.08
1788282825|20260902011345|939.14
1788282830|20260902011350|939.16
1788282835|20260902011355|939.10
1788282845|20260902011405|939.03
1788282850|20260902011410|939.04
1788282855|20260902011415|939.03
1788282860|20260902011420|939.07
1788282865|20260902011425|939.05
1788282905|20260902011505|939.16
1788282910|20260902011510|939.16
1788282915|20260902011515|939.10
1788282920|20260902011520|939.16
1788282935|20260902011535|939.58
1788282940|20260902011540|939.57
1788282945|20260902011545|939.60
1788282950|20260902011550|939.61
1788282955|20260902011555|939.46
1788282965|20260902011605|939.40
1788282970|20260902011610|939.39
1788282975|20260902011615|939.40
1788282980|20260902011620|939.44
1788282995|20260902011635|939.31
1788283000|20260902011640|938.98
1788283010|20260902011650|939.10
1788283015|20260902011655|939.09
1788283025|20260902011705|938.91
1788283030|20260902011710|938.95
1788283035|20260902011715|938.92
1788283040|20260902011720|938.86
1788283045|20260902011725|938.90
1788283055|20260902011735|938.98
1788283060|20260902011740|938.98
1788283065|20260902011745|939.06
1788283070|20260902011750|939.06
1788283075|20260902011755|939.05
1788283080|20260902011800|938.82
1788283085|20260902011805|938.83
1788283090|20260902011810|938.90
1788283095|20260902011815|938.88
1788283100|20260902011820|938.97
1788283105|20260902011825|939.10
1788283115|20260902011835|938.80
1788283120|20260902011840|938.73
1788283125|20260902011845|938.88
1788283130|20260902011850|938.99
1788283135|20260902011855|938.93
1788283145|20260902011905|938.83
1788283150|20260902011910|938.76
1788283155|20260902011915|938.77
1788283160|20260902011920|938.79
1788283165|20260902011925|938.76
1788283205|20260902012005|939.26
1788283210|20260902012010|939.21
1788283215|20260902012015|939.18
1788283220|20260902012020|939.20
1788283225|20260902012025|939.32
1788283235|20260902012035|939.41
1788283240|20260902012040|939.27
1788283250|20260902012050|939.39
1788283255|20260902012055|939.37
1788283265|20260902012105|939.11
1788283270|20260902012110|938.93
1788283275|20260902012115|938.97
1788283280|20260902012120|938.91
1788283295|20260902012135|938.92
1788283300|20260902012140|938.92
1788283305|20260902012145|939.01
1788283325|20260902012205|938.99
1788283330|20260902012210|939.01
1788283335|20260902012215|938.94
1788283340|20260902012220|938.93
1788283345|20260902012225|938.88
1788283355|20260902012235|939.04
1788283360|20260902012240|939.04
1788283370|20260902012250|939.09
1788283375|20260902012255|939.02
1788283385|20260902012305|939.06
1788283390|20260902012310|939.09
1788283395|20260902012315|939.09
1788283400|20260902012320|939.15
1788283405|20260902012325|939.07
1788283415|20260902012335|939.11
1788283425|20260902012345|938.95
1788283430|20260902012350|938.97
1788283435|20260902012355|939.05
1788283445|20260902012405|939.19
1788283450|20260902012410|939.20
1788283455|20260902012415|939.14
1788283460|20260902012420|939.14
1788283465|20260902012425|939.20
1788283505|20260902012505|939.27
1788283515|20260902012515|939.34
1788283520|20260902012520|939.31
1788283540|20260902012540|939.59
1788283545|20260902012545|939.55
1788283550|20260902012550|938.65
1788283555|20260902012555|938.78
1788283565|20260902012605|938.73
1788283570|20260902012610|938.98
1788283575|20260902012615|938.97
1788283580|20260902012620|938.77
1788283585|20260902012625|938.85
1788283595|20260902012635|938.89
1788283600|20260902012640|938.89
1788283605|20260902012645|939.06
1788283610|20260902012650|939.03
1788283615|20260902012655|938.76
1788283625|20260902012705|938.67
1788283630|20260902012710|938.72
1788283635|20260902012715|938.72
1788283640|20260902012720|938.99
1788283645|20260902012725|938.97
1788283660|20260902012740|938.98
1788283665|20260902012745|938.72
1788283670|20260902012750|938.89
1788283675|20260902012755|938.93
1788283685|20260902012805|939.05
1788283690|20260902012810|939.11
1788283695|20260902012815|939.00
1788283700|20260902012820|938.84
1788283705|20260902012825|938.85
1788283715|20260902012835|938.75
1788283720|20260902012840|938.82
1788283730|20260902012850|938.92
1788283735|20260902012855|939.05
1788283745|20260902012905|939.56
1788283750|20260902012910|939.44
1788283755|20260902012915|939.55
1788283760|20260902012920|939.53
1788283765|20260902012925|939.54
1788283780|20260902012940|939.49
1788283800|20260902013000|939.81
1788283805|20260902013005|940.04
1788283810|20260902013010|940.00
1788283815|20260902013015|939.85
1788283820|20260902013020|939.90
1788283825|20260902013025|939.88
1788283835|20260902013035|940.04
1788283840|20260902013040|940.15
1788283845|20260902013045|940.29
1788283855|20260902013055|940.06
1788283865|20260902013105|940.09
1788283870|20260902013110|940.16
1788283875|20260902013115|940.16
1788283880|20260902013120|940.17
1788283885|20260902013125|940.19
1788283895|20260902013135|940.17
1788283900|20260902013140|940.14
1788283905|20260902013145|940.19
1788283910|20260902013150|940.18
1788283935|20260902013215|940.13
1788283940|20260902013220|940.05
1788283945|20260902013225|940.14
1788283960|20260902013240|939.88
1788283970|20260902013250|939.95
1788283975|20260902013255|939.91
1788283985|20260902013305|939.84
1788283990|20260902013310|939.84
1788283995|20260902013315|939.77
1788284000|20260902013320|939.87
1788284005|20260902013325|939.96
1788284015|20260902013335|940.04
1788284020|20260902013340|939.97
1788284030|20260902013350|939.82
1788284035|20260902013355|939.70
1788284050|20260902013410|939.43
1788284055|20260902013415|939.55
1788284060|20260902013420|939.51
1788284065|20260902013425|939.62
1788284080|20260902013440|939.64
1788284100|20260902013500|939.47
1788284105|20260902013505|939.67
1788284110|20260902013510|939.81
1788284120|20260902013520|939.82
1788284125|20260902013525|939.87
1788284140|20260902013540|940.08
1788284155|20260902013555|939.85
1788284160|20260902013600|939.89
1788284165|20260902013605|939.88
1788284170|20260902013610|939.87
1788284175|20260902013615|939.83
1788284180|20260902013620|939.83
1788284185|20260902013625|939.63
1788284195|20260902013635|939.72
1788284200|20260902013640|939.70
1788284205|20260902013645|939.90
1788284215|20260902013655|939.85
1788284225|20260902013705|939.78
1788284230|20260902013710|939.81
1788284235|20260902013715|939.54
1788284240|20260902013720|939.45
1788284245|20260902013725|939.45
1788284255|20260902013735|939.59
1788284260|20260902013740|939.57
1788284265|20260902013745|939.42
1788284270|20260902013750|939.44
1788284275|20260902013755|939.49
1788284280|20260902013800|939.55
1788284285|20260902013805|939.51
1788284290|20260902013810|939.53
1788284295|20260902013815|939.54
1788284305|20260902013825|939.58
1788284315|20260902013835|939.53
1788284320|20260902013840|939.61
1788284325|20260902013845|939.63
1788284330|20260902013850|939.61
1788284335|20260902013855|939.63
1788284345|20260902013905|939.40
1788284355|20260902013915|939.43
1788284360|20260902013920|939.40
1788284415|20260902014015|939.21
1788284420|20260902014020|939.21
1788284425|20260902014025|939.21
1788284435|20260902014035|939.07
1788284440|20260902014040|938.95
1788284445|20260902014045|938.90
1788284450|20260902014050|938.66
1788284455|20260902014055|938.65
1788284460|20260902014100|938.66
1788284465|20260902014105|938.58
1788284470|20260902014110|938.56
1788284475|20260902014115|938.42
1788284485|20260902014125|938.62
1788284500|20260902014140|938.75
1788284505|20260902014145|938.88
1788284510|20260902014150|938.80
1788284515|20260902014155|938.68
1788284520|20260902014200|938.75
1788284525|20260902014205|938.75
1788284530|20260902014210|938.77
1788284535|20260902014215|938.69
1788284540|20260902014220|938.72
1788284545|20260902014225|938.73
1788284560|20260902014240|938.66
1788284565|20260902014245|938.81
1788284570|20260902014250|938.84
1788284585|20260902014305|938.81
1788284590|20260902014310|938.81
1788284595|20260902014315|938.73
1788284600|20260902014320|938.72
1788284620|20260902014340|938.55
1788284630|20260902014350|938.44
1788284635|20260902014355|938.47
1788284650|20260902014410|938.55
1788284655|20260902014415|938.52
1788284660|20260902014420|938.54
1788284665|20260902014425|938.60
1788284700|20260902014500|938.72
1788284705|20260902014505|938.67
1788284710|20260902014510|938.62
1788284715|20260902014515|938.70
1788284720|20260902014520|938.73
1788284725|20260902014525|938.51
1788284735|20260902014535|938.49
1788284740|20260902014540|938.52
1788284745|20260902014545|938.53
1788284750|20260902014550|938.56
1788284755|20260902014555|938.44
1788284760|20260902014600|938.52
1788284765|20260902014605|938.37
1788284770|20260902014610|938.35
1788284775|20260902014615|938.40
1788284780|20260902014620|938.41
1788284785|20260902014625|938.49
1788284795|20260902014635|938.48
1788284800|20260902014640|938.47
1788284805|20260902014645|938.41
1788284815|20260902014655|938.28
1788284820|20260902014700|938.27
1788284825|20260902014705|938.28
1788284830|20260902014710|938.24
1788284835|20260902014715|938.27
1788284840|20260902014720|938.28
1788284860|20260902014740|938.32
1788284875|20260902014755|938.43
1788284880|20260902014800|938.43
1788284885|20260902014805|938.41
1788284890|20260902014810|938.40
1788284900|20260902014820|938.34
1788284905|20260902014825|938.34
1788284915|20260902014835|938.36
1788284920|20260902014840|938.36
1788284925|20260902014845|938.36
1788284930|20260902014850|938.38
1788284935|20260902014855|938.38
1788284940|20260902014900|938.34
1788284945|20260902014905|938.34
1788284950|20260902014910|938.41
1788284955|20260902014915|938.40
1788284960|20260902014920|938.44
1788284965|20260902014925|938.40
1788285005|20260902015005|938.43
1788285010|20260902015010|938.41
1788285020|20260902015020|938.42
1788285025|20260902015025|938.49
1788285035|20260902015035|938.68
1788285040|20260902015040|938.66
1788285045|20260902015045|938.69
1788285050|20260902015050|938.69
1788285055|20260902015055|938.59
1788285060|20260902015100|938.61
1788285065|20260902015105|938.61
1788285070|20260902015110|938.64
1788285075|20260902015115|938.74
1788285080|20260902015120|938.70
1788285085|20260902015125|938.70
1788285095|20260902015135|938.65
1788285100|20260902015140|938.71
1788285105|20260902015145|938.72
1788285110|20260902015150|938.77
1788285125|20260902015205|938.61
1788285130|20260902015210|938.60
1788285135|20260902015215|938.56
1788285140|20260902015220|938.58
1788285145|20260902015225|938.55
1788285155|20260902015235|938.64
1788285160|20260902015240|938.58
1788285170|20260902015250|938.56
1788285185|20260902015305|938.50
1788285190|20260902015310|938.45
1788285195|20260902015315|938.53
1788285200|20260902015320|938.53
1788285205|20260902015325|938.54
1788285215|20260902015335|938.54
1788285225|20260902015345|938.31
1788285230|20260902015350|938.19
1788285235|20260902015355|938.13
1788285240|20260902015400|938.11
1788285245|20260902015405|938.10
1788285255|20260902015415|938.26
1788285260|20260902015420|938.34
1788285265|20260902015425|938.28
1788285280|20260902015440|938.40
1788285300|20260902015500|938.51
1788285305|20260902015505|938.60
1788285310|20260902015510|938.51
1788285315|20260902015515|938.51
1788285320|20260902015520|938.58
1788285325|20260902015525|938.56
1788285335|20260902015535|938.51
1788285340|20260902015540|938.49
1788285345|20260902015545|938.58
1788285350|20260902015550|938.55
1788285355|20260902015555|938.56
1788285365|20260902015605|938.58
1788285370|20260902015610|938.54
1788285375|20260902015615|938.45
1788285380|20260902015620|938.48
1788285385|20260902015625|938.38
1788285400|20260902015640|938.37
1788285405|20260902015645|938.32
1788285410|20260902015650|938.27
1788285415|20260902015655|938.37
1788285420|20260902015700|938.37
1788285425|20260902015705|938.46
1788285430|20260902015710|938.42
1788285435|20260902015715|938.30
1788285440|20260902015720|938.42
1788285445|20260902015725|938.43
1788285455|20260902015735|938.56
1788285460|20260902015740|938.52
1788285465|20260902015745|938.50
1788285470|20260902015750|938.43
1788285475|20260902015755|938.43
1788285480|20260902015800|938.40
1788285485|20260902015805|938.36
1788285490|20260902015810|938.33
1788285495|20260902015815|938.28
1788285500|20260902015820|938.31
1788285505|20260902015825|938.22
1788285515|20260902015835|938.23
1788285520|20260902015840|938.29
1788285525|20260902015845|938.32
1788285530|20260902015850|938.31
1788285535|20260902015855|938.32
1788285540|20260902015900|938.47
1788285545|20260902015905|938.61
1788285550|20260902015910|938.57
1788285555|20260902015915|938.60
1788285560|20260902015920|938.62
1788285570|20260902015930|938.57
1788285575|20260902015935|938.58
1788285580|20260902015940|938.58
1788285610|20260902020010|938.42
1788285615|20260902020015|938.49
1788285625|20260902020025|938.75
1788285640|20260902020040|938.47
1788285645|20260902020045|938.53
1788285655|20260902020055|938.45
1788285665|20260902020105|938.47
1788285675|20260902020115|938.47
1788285685|20260902020125|938.44
1788285705|20260902020145|938.47
1788285710|20260902020150|938.34
1788285715|20260902020155|938.38
1788285725|20260902020205|938.18
1788285730|20260902020210|938.23
1788285735|20260902020215|938.30
1788285740|20260902020220|938.37
1788285760|20260902020240|938.33
1788285765|20260902020245|938.38
1788285770|20260902020250|938.39
1788285775|20260902020255|938.51
1788285785|20260902020305|938.52
1788285790|20260902020310|938.48
1788285795|20260902020315|938.50
1788285800|20260902020320|938.64
1788285805|20260902020325|938.67
1788285815|20260902020335|938.57
1788285820|20260902020340|938.26
1788285825|20260902020345|938.27
1788285830|20260902020350|938.27
1788285835|20260902020355|938.36
1788285840|20260902020400|938.31
1788285845|20260902020405|937.88
1788285850|20260902020410|937.78
1788285855|20260902020415|937.76
1788285860|20260902020420|937.76
1788285865|20260902020425|937.81
1788285875|20260902020435|937.90
1788285900|20260902020500|937.54
1788285905|20260902020505|937.60
1788285910|20260902020510|937.71
1788285915|20260902020515|937.83
1788285920|20260902020520|937.87
1788285925|20260902020525|937.78
1788285935|20260902020535|937.79
1788285940|20260902020540|937.73
1788285945|20260902020545|937.69
1788285950|20260902020550|937.64
1788285955|20260902020555|937.61
1788285960|20260902020600|937.43
1788285965|20260902020605|937.51
1788285980|20260902020620|937.62
1788285985|20260902020625|937.68
1788285995|20260902020635|937.70
1788286000|20260902020640|937.67
1788286005|20260902020645|937.66
1788286010|20260902020650|937.50
1788286020|20260902020700|937.52
1788286025|20260902020705|937.53
1788286030|20260902020710|937.56
1788286035|20260902020715|937.61
1788286040|20260902020720|937.64
1788286045|20260902020725|937.68
1788286055|20260902020735|937.69
1788286060|20260902020740|937.65
1788286065|20260902020745|937.67
1788286070|20260902020750|937.68
1788286075|20260902020755|937.67
1788286085|20260902020805|937.66
1788286100|20260902020820|937.53
1788286105|20260902020825|937.48
1788286115|20260902020835|937.49
1788286120|20260902020840|937.47
1788286125|20260902020845|937.47
1788286130|20260902020850|937.49
1788286150|20260902020910|937.17
1788286160|20260902020920|937.24
1788286205|20260902021005|937.08
1788286210|20260902021010|937.08
1788286215|20260902021015|937.21
1788286220|20260902021020|937.21
1788286225|20260902021025|937.21
1788286240|20260902021040|937.08
1788286245|20260902021045|937.07
1788286250|20260902021050|937.08
1788286255|20260902021055|936.97
1788286260|20260902021100|936.88
1788286265|20260902021105|936.86
1788286275|20260902021115|936.92
1788286280|20260902021120|936.96
1788286295|20260902021135|937.05
1788286300|20260902021140|937.02
1788286305|20260902021145|937.02
1788286310|20260902021150|937.15
1788286315|20260902021155|937.15
1788286320|20260902021200|936.96
1788286330|20260902021210|936.86
1788286335|20260902021215|936.86
1788286340|20260902021220|936.78
1788286345|20260902021225|936.76
1788286350|20260902021230|936.79
1788286355|20260902021235|936.84
1788286360|20260902021240|936.83
1788286365|20260902021245|936.86
1788286370|20260902021250|936.96
1788286380|20260902021300|936.90
1788286390|20260902021310|936.89
1788286395|20260902021315|936.82
1788286400|20260902021320|936.71
1788286405|20260902021325|936.74
1788286415|20260902021335|936.93
1788286420|20260902021340|936.96
1788286425|20260902021345|937.06
1788286435|20260902021355|937.09
1788286440|20260902021400|937.05
1788286445|20260902021405|936.92
1788286450|20260902021410|936.94
1788286455|20260902021415|936.80
1788286500|20260902021500|937.02
1788286505|20260902021505|936.99
1788286510|20260902021510|936.93
1788286515|20260902021515|936.97
1788286520|20260902021520|936.86
1788286535|20260902021535|937.00
1788286540|20260902021540|937.08
1788286545|20260902021545|937.13
1788286550|20260902021550|937.08
1788286555|20260902021555|937.02
1788286560|20260902021600|937.05
1788286565|20260902021605|937.08
1788286575|20260902021615|937.20
1788286580|20260902021620|937.21
1788286585|20260902021625|937.21
1788286595|20260902021635|937.18
1788286600|20260902021640|937.23
1788286610|20260902021650|937.32
1788286615|20260902021655|937.17
1788286635|20260902021715|937.57
1788286640|20260902021720|937.56
1788286645|20260902021725|937.56
1788286655|20260902021735|937.71
1788286660|20260902021740|937.67
1788286665|20260902021745|937.67
1788286670|20260902021750|937.50
1788286675|20260902021755|937.63
1788286680|20260902021800|937.62
1788286685|20260902021805|937.67
1788286690|20260902021810|937.75
1788286700|20260902021820|937.79
1788286705|20260902021825|937.81
1788286725|20260902021845|937.81
1788286735|20260902021855|937.70
1788286740|20260902021900|937.74
1788286745|20260902021905|937.82
1788286750|20260902021910|937.78
1788286755|20260902021915|937.79
1788286760|20260902021920|937.70
1788286785|20260902021945|937.72
1788286805|20260902022005|937.95
1788286810|20260902022010|937.95
1788286815|20260902022015|938.12
1788286820|20260902022020|938.08
1788286825|20260902022025|938.07
1788286835|20260902022035|938.04
1788286840|20260902022040|937.99
1788286845|20260902022045|938.00
1788286855|20260902022055|938.06
1788286865|20260902022105|938.08
1788286870|20260902022110|937.97
1788286875|20260902022115|938.05
1788286880|20260902022120|938.11
1788286885|20260902022125|938.10
1788286890|20260902022130|938.02
1788286895|20260902022135|937.98
1788286905|20260902022145|937.95
1788286910|20260902022150|937.98
1788286915|20260902022155|937.98
1788286925|20260902022205|938.00
1788286930|20260902022210|938.04
1788286935|20260902022215|938.04
1788286940|20260902022220|937.89
1788286945|20260902022225|937.98
1788286950|20260902022230|937.87
1788286955|20260902022235|937.74
1788286960|20260902022240|937.81
1788286965|20260902022245|937.80
1788286970|20260902022250|937.81
1788286975|20260902022255|937.81
1788286980|20260902022300|937.84
1788286985|20260902022305|937.89
1788286990|20260902022310|937.84
1788286995|20260902022315|937.97
1788287000|20260902022320|937.91
1788287005|20260902022325|937.90
1788287015|20260902022335|937.91
1788287020|20260902022340|938.06
1788287030|20260902022350|937.93
1788287035|20260902022355|938.01
1788287045|20260902022405|937.93
1788287050|20260902022410|937.87
1788287060|20260902022420|937.92
1788287065|20260902022425|938.05
1788287100|20260902022500|938.09
1788287110|20260902022510|938.00
1788287115|20260902022515|937.91
1788287120|20260902022520|937.90
1788287125|20260902022525|937.94
1788287135|20260902022535|937.92
1788287140|20260902022540|937.99
1788287145|20260902022545|938.00
1788287150|20260902022550|937.99
1788287155|20260902022555|937.98
1788287160|20260902022600|937.95
1788287165|20260902022605|937.85
1788287170|20260902022610|937.85
1788287175|20260902022615|937.79
1788287180|20260902022620|937.79
1788287195|20260902022635|937.66
1788287200|20260902022640|937.69
1788287210|20260902022650|937.70
1788287215|20260902022655|937.64
1788287225|20260902022705|937.78
1788287230|20260902022710|937.78
1788287235|20260902022715|937.75
1788287240|20260902022720|937.72
1788287255|20260902022735|937.67
1788287260|20260902022740|937.63
1788287265|20260902022745|937.60
1788287270|20260902022750|937.59
1788287275|20260902022755|937.61
1788287280|20260902022800|937.62
1788287285|20260902022805|937.40
1788287290|20260902022810|937.36
1788287295|20260902022815|937.27
1788287300|20260902022820|937.30
1788287315|20260902022835|937.28
1788287335|20260902022855|937.31
1788287345|20260902022905|937.29
1788287350|20260902022910|937.27
1788287355|20260902022915|937.26
1788287360|20260902022920|937.26
1788287365|20260902022925|937.27
1788287405|20260902023005|937.26
1788287415|20260902023015|937.00
1788287420|20260902023020|937.03
1788287425|20260902023025|936.95
1788287440|20260902023040|936.96
1788287445|20260902023045|936.96
1788287455|20260902023055|936.88
1788287465|20260902023105|936.60
1788287470|20260902023110|936.55
1788287475|20260902023115|936.56
1788287480|20260902023120|936.57
1788287495|20260902023135|936.66
1788287500|20260902023140|936.59
1788287505|20260902023145|936.58
1788287515|20260902023155|936.54
1788287520|20260902023200|936.52
1788287525|20260902023205|936.49
1788287530|20260902023210|936.55
1788287535|20260902023215|936.67
1788287540|20260902023220|936.63
1788287555|20260902023235|936.52
1788287560|20260902023240|936.51
1788287570|20260902023250|936.57
1788287580|20260902023300|936.52
1788287585|20260902023305|936.48
1788287595|20260902023315|936.51
1788287600|20260902023320|936.54
1788287605|20260902023325|936.46
1788287615|20260902023335|936.59
1788287620|20260902023340|936.59
1788287625|20260902023345|936.57
1788287635|20260902023355|936.59
1788287640|20260902023400|936.60
1788287645|20260902023405|936.60
1788287650|20260902023410|936.58
1788287655|20260902023415|936.49
1788287660|20260902023420|936.55
1788287665|20260902023425|936.51
1788287690|20260902023450|936.45
1788287700|20260902023500|936.61
1788287705|20260902023505|936.60
1788287710|20260902023510|936.55
1788287715|20260902023515|936.38
1788287720|20260902023520|936.42
1788287725|20260902023525|936.37
1788287735|20260902023535|936.33
1788287740|20260902023540|936.32
1788287745|20260902023545|936.38
1788287750|20260902023550|936.46
1788287755|20260902023555|936.44
1788287760|20260902023600|936.42
1788287765|20260902023605|936.40
1788287770|20260902023610|936.43
1788287780|20260902023620|936.08
1788287785|20260902023625|936.19
1788287795|20260902023635|936.22
1788287800|20260902023640|936.21
1788287805|20260902023645|936.14
1788287810|20260902023650|936.18
1788287815|20260902023655|936.14
1788287830|20260902023710|935.93
1788287835|20260902023715|935.94
1788287840|20260902023720|935.82
1788287845|20260902023725|935.92
1788287855|20260902023735|935.97
1788287860|20260902023740|935.90
1788287865|20260902023745|936.05
1788287870|20260902023750|936.00
1788287875|20260902023755|936.06
1788287880|20260902023800|936.03
1788287885|20260902023805|936.04
1788287890|20260902023810|935.96
1788287895|20260902023815|935.82
1788287900|20260902023820|935.89
1788287905|20260902023825|935.86
1788287915|20260902023835|935.85
1788287920|20260902023840|935.84
1788287925|20260902023845|935.68
1788287930|20260902023850|935.65
1788287935|20260902023855|935.55
1788287940|20260902023900|935.49
1788287945|20260902023905|935.56
1788287955|20260902023915|935.49
1788287960|20260902023920|935.63
1788287965|20260902023925|935.63
1788287990|20260902023950|935.61
1788287995|20260902023955|935.60
1788288005|20260902024005|935.65
1788288015|20260902024015|935.61
1788288020|20260902024020|935.60
1788288025|20260902024025|935.58
1788288035|20260902024035|935.70
1788288040|20260902024040|935.71
1788288050|20260902024050|935.69
1788288065|20260902024105|935.62
1788288070|20260902024110|935.62
1788288075|20260902024115|935.67
1788288080|20260902024120|935.66
1788288085|20260902024125|935.68
1788288095|20260902024135|935.71
1788288100|20260902024140|935.72
1788288105|20260902024145|935.73
1788288110|20260902024150|935.70
1788288120|20260902024200|935.51
1788288125|20260902024205|935.54
1788288130|20260902024210|935.49
1788288140|20260902024220|935.47
1788288145|20260902024225|935.43
1788288155|20260902024235|935.54
1788288160|20260902024240|935.44
1788288170|20260902024250|935.47
1788288175|20260902024255|935.47
1788288180|20260902024300|935.37
1788288185|20260902024305|935.37
1788288190|20260902024310|935.37
1788288195|20260902024315|935.50
1788288200|20260902024320|935.54
1788288205|20260902024325|935.54
1788288215|20260902024335|935.39
1788288220|20260902024340|935.37
1788288225|20260902024345|935.37
1788288230|20260902024350|935.35
1788288240|20260902024400|935.33
1788288245|20260902024405|935.35
1788288250|20260902024410|935.48
1788288255|20260902024415|935.49
1788288260|20260902024420|935.44
1788288300|20260902024500|935.61
1788288305|20260902024505|935.54
1788288310|20260902024510|935.64
1788288315|20260902024515|935.64
1788288320|20260902024520|935.64
1788288325|20260902024525|935.66
1788288335|20260902024535|935.63
1788288340|20260902024540|935.69
1788288345|20260902024545|935.65
1788288350|20260902024550|935.65
1788288355|20260902024555|935.59
1788288365|20260902024605|935.63
1788288375|20260902024615|935.51
1788288380|20260902024620|935.56
1788288385|20260902024625|935.68
1788288400|20260902024640|935.56
1788288405|20260902024645|935.57
1788288410|20260902024650|935.54
1788288415|20260902024655|935.51
1788288420|20260902024700|935.56
1788288425|20260902024705|935.58
1788288430|20260902024710|935.53
1788288435|20260902024715|935.54
1788288440|20260902024720|935.55
1788288445|20260902024725|935.61
1788288455|20260902024735|935.70
1788288460|20260902024740|935.66
1788288465|20260902024745|935.45
1788288470|20260902024750|935.47
1788288475|20260902024755|935.47
1788288480|20260902024800|935.55
1788288485|20260902024805|935.60
1788288490|20260902024810|935.53
1788288505|20260902024825|935.44
1788288515|20260902024835|935.45
1788288520|20260902024840|935.42
1788288525|20260902024845|935.43
1788288530|20260902024850|935.40
1788288550|20260902024910|935.40
1788288555|20260902024915|935.54
1788288560|20260902024920|935.49
1788288565|20260902024925|935.60
1788288605|20260902025005|936.04
1788288610|20260902025010|936.02
1788288615|20260902025015|935.90
1788288620|20260902025020|935.92
1788288625|20260902025025|935.90
1788288635|20260902025035|935.92
1788288640|20260902025040|935.73
1788288645|20260902025045|935.86
1788288650|20260902025050|935.83
1788288655|20260902025055|935.75
1788288660|20260902025100|935.80
1788288665|20260902025105|935.84
1788288670|20260902025110|935.85
1788288675|20260902025115|935.85
1788288680|20260902025120|935.94
1788288695|20260902025135|936.09
1788288700|20260902025140|936.10
1788288705|20260902025145|936.02
1788288710|20260902025150|935.92
1788288715|20260902025155|935.92
1788288720|20260902025200|936.08
1788288725|20260902025205|936.04
1788288730|20260902025210|936.04
1788288740|20260902025220|936.25
1788288745|20260902025225|936.26
1788288755|20260902025235|936.21
1788288760|20260902025240|936.24
1788288765|20260902025245|936.18
1788288770|20260902025250|936.07
1788288775|20260902025255|936.41
1788288780|20260902025300|936.40
1788288790|20260902025310|936.22
1788288795|20260902025315|936.22
1788288800|20260902025320|936.30
1788288820|20260902025340|936.48
1788288825|20260902025345|936.42
1788288830|20260902025350|936.43
1788288845|20260902025405|936.37
1788288850|20260902025410|936.33
1788288855|20260902025415|936.31
1788288860|20260902025420|936.33
1788288900|20260902025500|935.49
1788288905|20260902025505|935.26
1788288910|20260902025510|935.43
1788288915|20260902025515|935.46
1788288920|20260902025520|935.59
1788288925|20260902025525|935.63
1788288935|20260902025535|935.71
1788288940|20260902025540|935.76
1788288945|20260902025545|935.68
1788288950|20260902025550|935.69
1788288955|20260902025555|935.77
1788288960|20260902025600|935.78
1788288965|20260902025605|935.75
1788288970|20260902025610|935.72
1788288980|20260902025620|935.74
1788288985|20260902025625|935.77
1788289000|20260902025640|935.96
1788289010|20260902025650|936.07
1788289015|20260902025655|936.01
1788289025|20260902025705|935.99
1788289030|20260902025710|935.97
1788289035|20260902025715|936.06
1788289040|20260902025720|935.99
1788289045|20260902025725|935.90
1788289055|20260902025735|936.18
1788289060|20260902025740|936.18
1788289065|20260902025745|936.27
1788289070|20260902025750|936.29
1788289075|20260902025755|936.28
1788289080|20260902025800|936.29
1788289085|20260902025805|936.31
1788289090|20260902025810|936.32
1788289095|20260902025815|936.32
1788289100|20260902025820|936.19
1788289105|20260902025825|936.22
1788289115|20260902025835|936.20
1788289120|20260902025840|936.16
1788289125|20260902025845|936.13
1788289130|20260902025850|936.15
1788289145|20260902025905|936.19
1788289150|20260902025910|936.34
1788289160|20260902025920|936.33
1788289165|20260902025925|936.24
1788289200|20260902030000|936.09
1788289205|20260902030005|935.90
1788289210|20260902030010|935.84
1788289215|20260902030015|935.74
1788289220|20260902030020|935.92
1788289225|20260902030025|935.98
1788289230|20260902030030|935.96
1788289235|20260902030035|935.88
1788289240|20260902030040|935.70
1788289245|20260902030045|935.83
1788289250|20260902030050|935.72
1788289255|20260902030055|935.80
1788289265|20260902030105|935.91
1788289270|20260902030110|935.91
1788289275|20260902030115|935.97
1788289280|20260902030120|935.82
1788289285|20260902030125|935.80
1788289295|20260902030135|935.92
1788289300|20260902030140|935.83
1788289305|20260902030145|935.84
1788289310|20260902030150|935.77
1788289315|20260902030155|935.75
1788289335|20260902030215|935.80
1788289340|20260902030220|935.66
1788289365|20260902030245|935.58
1788289370|20260902030250|935.54
1788289375|20260902030255|935.50
1788289380|20260902030300|935.44
1788289385|20260902030305|935.53
1788289390|20260902030310|935.54
1788289395|20260902030315|935.56
1788289400|20260902030320|935.55
1788289405|20260902030325|935.72
1788289415|20260902030335|935.71
1788289430|20260902030350|935.71
1788289435|20260902030355|935.77
1788289445|20260902030405|935.95
1788289450|20260902030410|936.00
1788289455|20260902030415|935.89
1788289460|20260902030420|935.94
1788289465|20260902030425|935.93
1788289500|20260902030500|936.02
1788289505|20260902030505|936.11
1788289515|20260902030515|936.05
1788289520|20260902030520|936.08
1788289525|20260902030525|936.33
1788289535|20260902030535|936.32
1788289540|20260902030540|936.40
1788289545|20260902030545|936.42
1788289550|20260902030550|936.09
1788289555|20260902030555|936.07
1788289560|20260902030600|935.84
1788289565|20260902030605|935.93
1788289575|20260902030615|935.80
1788289580|20260902030620|935.88
1788289585|20260902030625|935.91
1788289595|20260902030635|935.97
1788289600|20260902030640|935.89
1788289605|20260902030645|935.87
1788289610|20260902030650|936.05
1788289615|20260902030655|936.07
1788289620|20260902030700|936.02
1788289625|20260902030705|935.92
1788289630|20260902030710|935.93
1788289640|20260902030720|935.80
1788289645|20260902030725|935.79
1788289660|20260902030740|935.65
1788289665|20260902030745|935.64
1788289675|20260902030755|935.81
1788289680|20260902030800|935.79
1788289685|20260902030805|935.75
1788289690|20260902030810|935.76
1788289695|20260902030815|935.75
1788289700|20260902030820|935.69
1788289705|20260902030825|935.73
1788289715|20260902030835|935.76
1788289725|20260902030845|935.72
1788289730|20260902030850|935.87
1788289735|20260902030855|935.85
1788289745|20260902030905|935.95
1788289755|20260902030915|935.96
1788289765|20260902030925|936.02
1788289820|20260902031020|935.89
1788289825|20260902031025|935.85
1788289840|20260902031040|936.09
1788289845|20260902031045|936.07
1788289850|20260902031050|936.08
1788289855|20260902031055|936.08
1788289860|20260902031100|936.20
1788289865|20260902031105|936.29
1788289870|20260902031110|936.48
1788289875|20260902031115|936.47
1788289880|20260902031120|936.47
1788289885|20260902031125|936.59
1788289895|20260902031135|936.80
1788289900|20260902031140|936.78
1788289905|20260902031145|936.75
1788289910|20260902031150|936.75
1788289925|20260902031205|936.52
1788289930|20260902031210|936.63
1788289935|20260902031215|936.55
1788289940|20260902031220|936.55
1788289945|20260902031225|936.80
1788289955|20260902031235|936.88
1788289960|20260902031240|937.01
1788289965|20260902031245|936.99
1788289970|20260902031250|937.00
1788289975|20260902031255|936.98
1788289990|20260902031310|937.03
1788290000|20260902031320|936.96
1788290005|20260902031325|936.91
1788290015|20260902031335|936.91
1788290020|20260902031340|936.98
1788290025|20260902031345|936.97
1788290030|20260902031350|937.00
1788290035|20260902031355|936.94
1788290045|20260902031405|936.88
1788290050|20260902031410|936.89
1788290055|20260902031415|936.89
1788290060|20260902031420|936.84
1788290065|20260902031425|936.88
1788290100|20260902031500|937.11
1788290105|20260902031505|937.19
1788290110|20260902031510|937.27
1788290115|20260902031515|937.23
1788290120|20260902031520|937.26
1788290125|20260902031525|937.20
1788290135|20260902031535|937.00
1788290140|20260902031540|937.01
1788290145|20260902031545|936.88
1788290150|20260902031550|936.83
1788290155|20260902031555|936.93
1788290160|20260902031600|936.94
1788290170|20260902031610|937.00
1788290175|20260902031615|936.88
1788290180|20260902031620|936.88
1788290185|20260902031625|936.98
1788290195|20260902031635|936.93
1788290200|20260902031640|936.95
1788290205|20260902031645|936.92
1788290210|20260902031650|936.81
1788290215|20260902031655|936.84
1788290225|20260902031705|937.06
1788290230|20260902031710|937.05
1788290235|20260902031715|937.05
1788290240|20260902031720|937.08
1788290255|20260902031735|937.10
1788290260|20260902031740|937.01
1788290265|20260902031745|936.96
1788290270|20260902031750|936.95
1788290275|20260902031755|936.99
1788290280|20260902031800|937.04
1788290285|20260902031805|936.98
1788290290|20260902031810|937.03
1788290295|20260902031815|937.05
1788290300|20260902031820|936.93
1788290305|20260902031825|936.94
1788290315|20260902031835|936.96
1788290320|20260902031840|936.79
1788290325|20260902031845|936.71
1788290330|20260902031850|936.75
1788290335|20260902031855|936.69
1788290345|20260902031905|936.72
1788290355|20260902031915|936.75
1788290360|20260902031920|936.85
1788290365|20260902031925|936.80
1788290405|20260902032005|936.64
1788290410|20260902032010|936.67
1788290415|20260902032015|936.69
1788290420|20260902032020|936.72
1788290425|20260902032025|936.82
1788290435|20260902032035|936.80
1788290440|20260902032040|936.71
1788290445|20260902032045|936.72
1788290450|20260902032050|936.71
1788290455|20260902032055|936.64
1788290460|20260902032100|936.60
1788290465|20260902032105|936.56
1788290475|20260902032115|936.75
1788290480|20260902032120|936.61
1788290485|20260902032125|936.65
1788290495|20260902032135|936.61
1788290500|20260902032140|936.64
1788290510|20260902032150|936.64
1788290515|20260902032155|936.50
1788290520|20260902032200|936.51
1788290530|20260902032210|936.47
1788290535|20260902032215|936.45
1788290540|20260902032220|936.47
1788290545|20260902032225|936.47
1788290555|20260902032235|936.57
1788290560|20260902032240|936.54
1788290565|20260902032245|936.56
1788290570|20260902032250|936.60
1788290575|20260902032255|936.61
1788290580|20260902032300|936.67
1788290585|20260902032305|936.68
1788290595|20260902032315|936.46
1788290615|20260902032335|936.62
1788290620|20260902032340|936.57
1788290625|20260902032345|936.61
1788290630|20260902032350|936.61
1788290635|20260902032355|936.64
1788290640|20260902032400|936.56
1788290645|20260902032405|936.51
1788290650|20260902032410|936.51
1788290655|20260902032415|936.52
1788290660|20260902032420|936.51
1788290665|20260902032425|936.51
1788290680|20260902032440|936.45
1788290700|20260902032500|936.49
1788290705|20260902032505|936.49
1788290710|20260902032510|936.49
1788290715|20260902032515|936.60
1788290720|20260902032520|936.61
1788290725|20260902032525|936.68
1788290735|20260902032535|936.60
1788290740|20260902032540|936.77
1788290745|20260902032545|936.75
1788290750|20260902032550|936.56
1788290755|20260902032555|936.59
1788290770|20260902032610|936.78
1788290780|20260902032620|936.68
1788290785|20260902032625|936.68
1788290795|20260902032635|936.72
1788290800|20260902032640|936.73
1788290805|20260902032645|936.62
1788290810|20260902032650|936.64
1788290815|20260902032655|936.69
1788290820|20260902032700|936.69
1788290825|20260902032705|936.65
1788290830|20260902032710|936.67
1788290835|20260902032715|936.69
1788290840|20260902032720|936.71
1788290845|20260902032725|936.71
1788290855|20260902032735|936.71
1788290870|20260902032750|936.77
1788290875|20260902032755|936.78
1788290880|20260902032800|936.72
1788290885|20260902032805|936.77
1788290890|20260902032810|936.79
1788290895|20260902032815|936.73
1788290905|20260902032825|936.73
1788290915|20260902032835|936.74
1788290925|20260902032845|936.72
1788290930|20260902032850|936.72
1788290935|20260902032855|936.73
1788290945|20260902032905|936.70
1788290955|20260902032915|936.71
1788290960|20260902032920|936.74
1788290965|20260902032925|936.80
1788290995|20260902032955|936.67
1788291005|20260902033005|936.66
1788291010|20260902033010|936.49
1788291020|20260902033020|936.30
1788291025|20260902033025|936.29
1788291035|20260902033035|936.18
1788291040|20260902033040|936.14
1788291045|20260902033045|936.27
1788291055|20260902033055|936.22
1788291065|20260902033105|936.21
1788291070|20260902033110|936.20
1788291095|20260902033135|936.09
1788291100|20260902033140|936.08
1788291105|20260902033145|936.03
1788291110|20260902033150|935.84
1788291115|20260902033155|935.80
1788291125|20260902033205|935.82
1788291130|20260902033210|935.83
1788291135|20260902033215|935.83
1788291140|20260902033220|935.46
1788291145|20260902033225|935.52
1788291155|20260902033235|935.34
1788291160|20260902033240|935.33
1788291165|20260902033245|935.39
1788291170|20260902033250|935.54
1788291175|20260902033255|935.60
1788291185|20260902033305|935.55
1788291190|20260902033310|935.63
1788291195|20260902033315|935.63
1788291200|20260902033320|935.66
1788291205|20260902033325|935.68
1788291220|20260902033340|935.54
1788291225|20260902033345|935.56
1788291235|20260902033355|935.65
1788291245|20260902033405|935.61
1788291250|20260902033410|935.64
1788291255|20260902033415|935.58
1788291260|20260902033420|935.65
1788291265|20260902033425|935.67
1788291290|20260902033450|935.59
1788291305|20260902033505|935.48
1788291315|20260902033515|935.44
1788291320|20260902033520|935.36
1788291325|20260902033525|935.31
1788291335|20260902033535|935.42
1788291340|20260902033540|935.52
1788291345|20260902033545|935.63
1788291355|20260902033555|935.65
1788291365|20260902033605|935.70
1788291370|20260902033610|935.57
1788291375|20260902033615|935.54
1788291380|20260902033620|935.48
1788291385|20260902033625|935.51
1788291400|20260902033640|935.55
1788291405|20260902033645|935.57
1788291410|20260902033650|935.60
1788291415|20260902033655|935.56
1788291425|20260902033705|935.63
1788291430|20260902033710|935.63
1788291435|20260902033715|935.64
1788291440|20260902033720|935.63
1788291445|20260902033725|935.65
1788291455|20260902033735|935.71
1788291460|20260902033740|935.73
1788291465|20260902033745|935.72
1788291475|20260902033755|935.64
1788291485|20260902033805|935.35
1788291490|20260902033810|935.39
1788291500|20260902033820|935.30
1788291515|20260902033835|935.29
1788291525|20260902033845|935.41
1788291530|20260902033850|935.43
1788291535|20260902033855|935.44
1788291545|20260902033905|935.36
1788291550|20260902033910|935.35
1788291560|20260902033920|935.28
1788291605|20260902034005|934.84
1788291610|20260902034010|934.52
1788291615|20260902034015|934.49
1788291625|20260902034025|934.65
1788291635|20260902034035|934.72
1788291640|20260902034040|934.86
1788291645|20260902034045|934.93
1788291650|20260902034050|934.96
1788291655|20260902034055|935.01
1788291665|20260902034105|935.09
1788291670|20260902034110|935.11
1788291675|20260902034115|935.11
1788291695|20260902034135|935.07
1788291705|20260902034145|935.04
1788291710|20260902034150|935.15
1788291715|20260902034155|934.85
1788291740|20260902034220|935.03
1788291745|20260902034225|935.04
1788291755|20260902034235|934.98
1788291765|20260902034245|934.92
1788291770|20260902034250|934.93
1788291775|20260902034255|934.85
1788291785|20260902034305|934.62
1788291790|20260902034310|934.67
1788291795|20260902034315|934.62
1788291800|20260902034320|934.62
1788291815|20260902034335|934.62
1788291820|20260902034340|934.62
1788291825|20260902034345|934.66
1788291830|20260902034350|934.69
1788291835|20260902034355|934.71
1788291845|20260902034405|934.74
1788291850|20260902034410|934.88
1788291855|20260902034415|934.86
1788291905|20260902034505|934.81
1788291910|20260902034510|934.87
1788291915|20260902034515|934.97
1788291920|20260902034520|934.94
1788291935|20260902034535|934.90
1788291940|20260902034540|934.95
1788291945|20260902034545|934.90
1788291950|20260902034550|934.82
1788291955|20260902034555|934.73
1788291965|20260902034605|934.72
1788291970|20260902034610|934.59
1788291980|20260902034620|934.57
1788291985|20260902034625|934.35
1788291995|20260902034635|934.58
1788292005|20260902034645|934.64
1788292010|20260902034650|934.56
1788292015|20260902034655|934.54
1788292025|20260902034705|934.29
1788292030|20260902034710|934.26
1788292040|20260902034720|934.62
1788292045|20260902034725|934.69
1788292055|20260902034735|934.83
1788292060|20260902034740|934.93
1788292065|20260902034745|934.92
1788292070|20260902034750|935.09
1788292075|20260902034755|935.16
1788292085|20260902034805|935.02
1788292090|20260902034810|935.00
1788292105|20260902034825|935.40
1788292115|20260902034835|935.35
1788292120|20260902034840|935.15
1788292125|20260902034845|935.10
1788292155|20260902034915|935.04
1788292160|20260902034920|935.09
1788292205|20260902035005|934.98
1788292210|20260902035010|934.97
1788292215|20260902035015|934.95
1788292220|20260902035020|935.02
1788292225|20260902035025|935.09
1788292240|20260902035040|935.03
1788292245|20260902035045|935.05
1788292250|20260902035050|935.13
1788292255|20260902035055|935.25
1788292265|20260902035105|935.58
1788292275|20260902035115|935.59
1788292280|20260902035120|935.62
1788292285|20260902035125|935.69
1788292300|20260902035140|935.61
1788292305|20260902035145|935.59
1788292310|20260902035150|935.55
1788292315|20260902035155|935.49
1788292330|20260902035210|935.51
1788292345|20260902035225|935.48
1788292355|20260902035235|935.49
1788292360|20260902035240|935.34
1788292365|20260902035245|935.23
1788292370|20260902035250|935.12
1788292375|20260902035255|935.05
1788292380|20260902035300|935.05
1788292385|20260902035305|935.02
1788292390|20260902035310|934.98
1788292400|20260902035320|934.98
1788292405|20260902035325|934.88
1788292415|20260902035335|934.87
1788292420|20260902035340|934.86
1788292425|20260902035345|934.92
1788292430|20260902035350|934.92
1788292435|20260902035355|934.94
1788292445|20260902035405|935.04
1788292450|20260902035410|935.07
1788292455|20260902035415|935.12
1788292460|20260902035420|935.15
1788292465|20260902035425|935.11
1788292500|20260902035500|935.16
1788292505|20260902035505|935.20
1788292510|20260902035510|935.07
1788292515|20260902035515|935.27
1788292520|20260902035520|935.18
1788292525|20260902035525|935.18
1788292535|20260902035535|935.20
1788292550|20260902035550|935.50
1788292555|20260902035555|935.51
1788292560|20260902035600|935.48
1788292565|20260902035605|935.34
1788292570|20260902035610|935.31
1788292575|20260902035615|935.18
1788292580|20260902035620|935.05
1788292585|20260902035625|935.05
1788292595|20260902035635|935.06
1788292600|20260902035640|935.07
1788292610|20260902035650|935.16
1788292615|20260902035655|935.14
1788292620|20260902035700|935.03
1788292625|20260902035705|935.01
1788292630|20260902035710|934.92
1788292635|20260902035715|934.96
1788292640|20260902035720|935.03
1788292645|20260902035725|934.95
1788292655|20260902035735|934.94
1788292665|20260902035745|934.90
1788292670|20260902035750|934.90
1788292675|20260902035755|934.89
1788292685|20260902035805|934.85
1788292690|20260902035810|934.93
1788292700|20260902035820|934.98
1788292705|20260902035825|934.98
1788292720|20260902035840|934.76
1788292725|20260902035845|934.78
1788292735|20260902035855|934.63
1788292740|20260902035900|934.42
1788292745|20260902035905|934.43
1788292750|20260902035910|934.48
1788292755|20260902035915|934.49
1788292760|20260902035920|934.55
1788292765|20260902035925|934.56
1788292800|20260902040000|934.79
1788292805|20260902040005|934.95
1788292810|20260902040010|934.97
1788292815|20260902040015|934.91
1788292825|20260902040025|934.42
1788292840|20260902040040|934.50
1788292855|20260902040055|934.48
1788292865|20260902040105|934.47
1788292870|20260902040110|934.37
1788292875|20260902040115|934.39
1788292880|20260902040120|934.56
1788292885|20260902040125|934.64
1788292895|20260902040135|934.58
1788292900|20260902040140|934.59
1788292910|20260902040150|934.44
1788292915|20260902040155|934.45
1788292920|20260902040200|934.40
1788292930|20260902040210|934.59
1788292940|20260902040220|934.73
1788292955|20260902040235|934.64
1788292970|20260902040250|934.81
1788292975|20260902040255|934.78
1788292980|20260902040300|934.80
1788292985|20260902040305|934.82
1788292990|20260902040310|934.83
1788292995|20260902040315|934.88
1788293000|20260902040320|934.95
1788293005|20260902040325|934.95
1788293015|20260902040335|935.01
1788293020|20260902040340|935.12
1788293030|20260902040350|935.12
1788293035|20260902040355|935.14
1788293040|20260902040400|935.20
1788293045|20260902040405|935.17
1788293055|20260902040415|935.12
1788293060|20260902040420|935.48
1788293065|20260902040425|935.50
1788293100|20260902040500|935.29
1788293105|20260902040505|935.31
1788293115|20260902040515|935.21
1788293120|20260902040520|935.20
1788293135|20260902040535|935.25
1788293140|20260902040540|935.36
1788293145|20260902040545|935.36
1788293155|20260902040555|935.71
1788293160|20260902040600|935.70
1788293165|20260902040605|935.70
1788293170|20260902040610|935.55
1788293175|20260902040615|935.55
1788293180|20260902040620|935.55
1788293185|20260902040625|935.24
1788293195|20260902040635|935.21
1788293205|20260902040645|935.21
1788293210|20260902040650|935.22
1788293215|20260902040655|935.40
1788293230|20260902040710|935.27
1788293235|20260902040715|935.26
1788293240|20260902040720|935.34
1788293245|20260902040725|935.30
1788293255|20260902040735|935.36
1788293260|20260902040740|935.38
1788293265|20260902040745|935.38
1788293295|20260902040815|935.59
1788293300|20260902040820|935.62
1788293305|20260902040825|935.66
1788293315|20260902040835|935.64
1788293320|20260902040840|935.65
1788293325|20260902040845|935.64
1788293330|20260902040850|935.65
1788293335|20260902040855|935.63
1788293340|20260902040900|935.66
1788293345|20260902040905|935.65
1788293350|20260902040910|935.68
1788293355|20260902040915|935.67
1788293360|20260902040920|935.72
1788293405|20260902041005|935.38
1788293410|20260902041010|935.37
1788293415|20260902041015|935.37
1788293420|20260902041020|935.36
1788293425|20260902041025|935.39
1788293435|20260902041035|935.37
1788293440|20260902041040|935.38
1788293450|20260902041050|935.38
1788293455|20260902041055|935.39
1788293465|20260902041105|935.32
1788293470|20260902041110|935.32
1788293475|20260902041115|935.26
1788293480|20260902041120|935.25
1788293485|20260902041125|935.19
1788293495|20260902041135|935.22
1788293500|20260902041140|935.18
1788293505|20260902041145|935.22
1788293515|20260902041155|935.21
1788293525|20260902041205|935.19
1788293540|20260902041220|935.16
1788293545|20260902041225|935.11
1788293555|20260902041235|935.04
1788293560|20260902041240|935.03
1788293565|20260902041245|935.05
1788293570|20260902041250|935.07
1788293575|20260902041255|935.10
1788293585|20260902041305|935.09
1788293590|20260902041310|935.05
1788293595|20260902041315|935.06
1788293600|20260902041320|935.00
1788293615|20260902041335|935.07
1788293620|20260902041340|935.03
1788293625|20260902041345|935.07
1788293630|20260902041350|935.09
1788293635|20260902041355|935.02
1788293640|20260902041400|935.05
1788293645|20260902041405|935.08
1788293660|20260902041420|935.10
1788293665|20260902041425|935.03
1788293700|20260902041500|934.68
1788293705|20260902041505|934.70
1788293710|20260902041510|934.79
1788293715|20260902041515|934.79
1788293720|20260902041520|934.79
1788293725|20260902041525|934.77
1788293740|20260902041540|934.88
1788293745|20260902041545|934.86
1788293750|20260902041550|934.68
1788293755|20260902041555|934.71
1788293760|20260902041600|934.68
1788293765|20260902041605|934.69
1788293770|20260902041610|934.55
1788293775|20260902041615|934.55
1788293785|20260902041625|934.62
1788293795|20260902041635|934.63
1788293805|20260902041645|934.69
1788293810|20260902041650|934.68
1788293820|20260902041700|934.85
1788293825|20260902041705|934.96
1788293830|20260902041710|934.99
1788293835|20260902041715|934.98
1788293840|20260902041720|934.97
1788293855|20260902041735|934.86
1788293860|20260902041740|934.90
1788293865|20260902041745|934.90
1788293870|20260902041750|934.87
1788293875|20260902041755|934.86
1788293885|20260902041805|934.93
1788293890|20260902041810|935.18
1788293895|20260902041815|935.18
1788293900|20260902041820|935.13
1788293905|20260902041825|935.10
1788293915|20260902041835|935.07
1788293920|20260902041840|935.08
1788293925|20260902041845|935.16
1788293935|20260902041855|935.09
1788293940|20260902041900|935.09
1788293945|20260902041905|935.10
1788293950|20260902041910|935.09
1788293955|20260902041915|935.11
1788293960|20260902041920|935.11
1788293965|20260902041925|935.16
1788294010|20260902042010|935.18
1788294015|20260902042015|935.18
1788294020|20260902042020|935.30
1788294025|20260902042025|935.24
1788294035|20260902042035|935.15
1788294040|20260902042040|935.10
1788294045|20260902042045|935.14
1788294055|20260902042055|935.17
1788294060|20260902042100|935.10
1788294065|20260902042105|935.06
1788294075|20260902042115|935.06
1788294080|20260902042120|935.05
1788294085|20260902042125|935.03
1788294100|20260902042140|934.99
1788294110|20260902042150|935.12
1788294120|20260902042200|935.13
1788294125|20260902042205|935.14
1788294130|20260902042210|935.15
1788294135|20260902042215|935.17
1788294140|20260902042220|935.15
1788294145|20260902042225|935.07
1788294150|20260902042230|935.09
1788294160|20260902042240|935.17
1788294165|20260902042245|935.16
1788294170|20260902042250|935.18
1788294180|20260902042300|935.17
1788294190|20260902042310|935.14
1788294195|20260902042315|935.13
1788294200|20260902042320|935.14
1788294215|20260902042335|935.13
1788294220|20260902042340|935.06
1788294225|20260902042345|935.06
1788294235|20260902042355|935.17
1788294240|20260902042400|935.18
1788294245|20260902042405|935.14
1788294300|20260902042500|935.17
1788294305|20260902042505|935.17
1788294310|20260902042510|935.13
1788294315|20260902042515|935.10
1788294320|20260902042520|935.12
1788294325|20260902042525|935.13
1788294335|20260902042535|935.15
1788294340|20260902042540|935.12
1788294345|20260902042545|935.14
1788294355|20260902042555|935.12
1788294375|20260902042615|935.18
1788294380|20260902042620|935.10
1788294385|20260902042625|935.13
1788294395|20260902042635|935.09
1788294400|20260902042640|935.14
1788294405|20260902042645|935.17
1788294410|20260902042650|935.17
1788294415|20260902042655|935.23
1788294425|20260902042705|935.30
1788294430|20260902042710|935.38
1788294435|20260902042715|935.38
1788294440|20260902042720|935.32
1788294445|20260902042725|935.29
1788294455|20260902042735|935.25
1788294470|20260902042750|935.31
1788294475|20260902042755|935.32
1788294480|20260902042800|935.32
1788294485|20260902042805|935.27
1788294490|20260902042810|935.30
1788294495|20260902042815|935.29
1788294500|20260902042820|935.17
1788294505|20260902042825|935.16
1788294520|20260902042840|935.03
1788294525|20260902042845|935.03
1788294535|20260902042855|935.05
1788294540|20260902042900|935.05
1788294555|20260902042915|934.90
1788294560|20260902042920|934.86
1788294565|20260902042925|934.73
1788294605|20260902043005|934.78
1788294615|20260902043015|934.88
1788294620|20260902043020|934.85
1788294625|20260902043025|934.78
1788294640|20260902043040|934.92
1788294645|20260902043045|934.86
1788294650|20260902043050|934.84
1788294655|20260902043055|934.87
1788294660|20260902043100|934.88
1788294670|20260902043110|934.88
1788294675|20260902043115|934.90
1788294680|20260902043120|934.92
1788294685|20260902043125|934.91
1788294695|20260902043135|934.99
1788294700|20260902043140|934.99
1788294705|20260902043145|935.00
1788294710|20260902043150|934.97
1788294715|20260902043155|934.97
1788294720|20260902043200|934.99
1788294735|20260902043215|934.89
1788294745|20260902043225|934.81
1788294755|20260902043235|934.83
1788294760|20260902043240|934.95
1788294765|20260902043245|934.95
1788294770|20260902043250|934.95
1788294775|20260902043255|934.94
1788294780|20260902043300|935.00
1788294785|20260902043305|934.97
1788294790|20260902043310|934.99
1788294795|20260902043315|934.93
1788294800|20260902043320|934.90
1788294815|20260902043335|934.84
1788294820|20260902043340|934.81
1788294825|20260902043345|934.83
1788294830|20260902043350|934.82
1788294835|20260902043355|934.80
1788294840|20260902043400|934.81
1788294845|20260902043405|934.83
1788294850|20260902043410|934.84
1788294855|20260902043415|934.82
1788294860|20260902043420|934.71
1788294865|20260902043425|934.83
1788294870|20260902043430|934.84
1788294900|20260902043500|934.75
1788294905|20260902043505|934.76
1788294910|20260902043510|934.78
1788294915|20260902043515|934.71
1788294920|20260902043520|934.60
1788294925|20260902043525|934.65
1788294935|20260902043535|934.59
1788294940|20260902043540|934.64
1788294945|20260902043545|934.74
1788294950|20260902043550|934.75
1788294955|20260902043555|934.81
1788294960|20260902043600|934.84
1788294965|20260902043605|934.87
1788294975|20260902043615|934.80
1788294985|20260902043625|934.86
1788294995|20260902043635|934.88
1788295000|20260902043640|934.88
1788295005|20260902043645|934.88
1788295010|20260902043650|934.81
1788295015|20260902043655|934.83
1788295025|20260902043705|934.71
1788295030|20260902043710|934.72
1788295035|20260902043715|934.73
1788295040|20260902043720|934.74
1788295045|20260902043725|934.76
1788295055|20260902043735|934.77
1788295060|20260902043740|934.80
1788295065|20260902043745|934.80
1788295070|20260902043750|934.78
1788295080|20260902043800|934.78
1788295085|20260902043805|934.80
1788295090|20260902043810|934.76
1788295095|20260902043815|934.68
1788295100|20260902043820|934.66
1788295115|20260902043835|934.68
1788295120|20260902043840|934.69
1788295125|20260902043845|934.69
1788295130|20260902043850|934.81
1788295135|20260902043855|934.83
1788295140|20260902043900|934.84
1788295145|20260902043905|934.87
1788295150|20260902043910|934.86
1788295155|20260902043915|935.11
1788295160|20260902043920|935.16
1788295170|20260902043930|935.17
1788295175|20260902043935|935.17
1788295180|20260902043940|935.12
1788295205|20260902044005|935.07
1788295210|20260902044010|935.08
1788295215|20260902044015|935.15
1788295220|20260902044020|935.14
1788295225|20260902044025|935.15
1788295240|20260902044040|935.13
1788295245|20260902044045|935.11
1788295250|20260902044050|935.11
1788295255|20260902044055|935.14
1788295260|20260902044100|935.13
1788295265|20260902044105|935.16
1788295270|20260902044110|935.15
1788295275|20260902044115|935.16
1788295285|20260902044125|935.12
1788295295|20260902044135|935.16
1788295300|20260902044140|935.17
1788295305|20260902044145|935.17
1788295310|20260902044150|935.17
1788295315|20260902044155|935.17
1788295320|20260902044200|935.18
1788295325|20260902044205|935.18
1788295330|20260902044210|935.19
1788295335|20260902044215|935.20
1788295340|20260902044220|935.14
1788295345|20260902044225|935.17
1788295355|20260902044235|935.49
1788295360|20260902044240|935.51
1788295370|20260902044250|935.28
1788295375|20260902044255|935.46
1788295380|20260902044300|935.48
1788295385|20260902044305|935.41
1788295390|20260902044310|935.40
1788295395|20260902044315|935.30
1788295400|20260902044320|935.26
1788295405|20260902044325|935.21
1788295410|20260902044330|935.18
1788295415|20260902044335|935.09
1788295420|20260902044340|935.12
1788295425|20260902044345|935.11
1788295430|20260902044350|935.18
1788295440|20260902044400|935.08
1788295445|20260902044405|935.07
1788295455|20260902044415|935.07
1788295465|20260902044425|935.09
1788295500|20260902044500|935.11
1788295505|20260902044505|935.16
1788295510|20260902044510|935.17
1788295515|20260902044515|935.19
1788295520|20260902044520|935.24
1788295535|20260902044535|935.10
1788295545|20260902044545|935.09
1788295550|20260902044550|935.05
1788295555|20260902044555|935.05
1788295565|20260902044605|934.98
1788295570|20260902044610|934.95
1788295575|20260902044615|934.98
1788295580|20260902044620|935.03
1788295585|20260902044625|935.01
1788295595|20260902044635|935.00
1788295600|20260902044640|935.35
1788295605|20260902044645|935.32
1788295610|20260902044650|935.26
1788295615|20260902044655|935.27
1788295620|20260902044700|935.29
1788295625|20260902044705|935.39
1788295635|20260902044715|935.30
1788295640|20260902044720|935.32
1788295645|20260902044725|935.33
1788295655|20260902044735|935.31
1788295660|20260902044740|935.27
1788295665|20260902044745|935.28
1788295670|20260902044750|935.24
1788295675|20260902044755|935.21
1788295685|20260902044805|935.20
1788295690|20260902044810|935.24
1788295695|20260902044815|935.30
1788295700|20260902044820|935.27
1788295705|20260902044825|935.41
1788295715|20260902044835|935.57
1788295720|20260902044840|935.37
1788295725|20260902044845|935.22
1788295730|20260902044850|935.22
1788295735|20260902044855|935.20
1788295740|20260902044900|935.18
1788295745|20260902044905|935.19
1788295750|20260902044910|935.40
1788295755|20260902044915|935.38
1788295760|20260902044920|935.36
1788295765|20260902044925|935.36
1788295795|20260902044955|935.35
1788295805|20260902045005|935.26
1788295810|20260902045010|935.18
1788295815|20260902045015|935.16
1788295820|20260902045020|935.16
1788295825|20260902045025|935.28
1788295840|20260902045040|935.38
1788295845|20260902045045|935.40
1788295850|20260902045050|935.41
1788295855|20260902045055|935.34
1788295865|20260902045105|935.31
1788295875|20260902045115|935.34
1788295880|20260902045120|935.39
1788295885|20260902045125|935.45
1788295895|20260902045135|935.30
1788295900|20260902045140|935.27
1788295905|20260902045145|935.26
1788295910|20260902045150|935.27
1788295915|20260902045155|935.27
1788295920|20260902045200|935.16
1788295925|20260902045205|935.17
1788295935|20260902045215|935.19
1788295940|20260902045220|935.24
1788295945|20260902045225|935.23
1788295960|20260902045240|935.17
1788295965|20260902045245|935.17
1788295975|20260902045255|935.09
1788295985|20260902045305|935.23
1788295990|20260902045310|935.28
1788295995|20260902045315|935.25
1788296000|20260902045320|935.27
1788296005|20260902045325|935.32
1788296020|20260902045340|935.26
1788296025|20260902045345|935.28
1788296030|20260902045350|935.30
1788296035|20260902045355|935.31
1788296040|20260902045400|935.33
1788296045|20260902045405|935.38
1788296050|20260902045410|935.36
1788296055|20260902045415|935.29
1788296060|20260902045420|935.22
1788296065|20260902045425|935.22
1788296100|20260902045500|935.32
1788296105|20260902045505|935.42
1788296110|20260902045510|935.46
1788296115|20260902045515|935.40
1788296120|20260902045520|935.38
1788296125|20260902045525|935.37
1788296135|20260902045535|935.31
1788296140|20260902045540|935.31
1788296145|20260902045545|935.32
1788296165|20260902045605|935.30
1788296170|20260902045610|935.36
1788296175|20260902045615|935.36
1788296180|20260902045620|935.36
1788296185|20260902045625|935.36
1788296195|20260902045635|935.35
1788296200|20260902045640|935.38
1788296205|20260902045645|935.37
1788296210|20260902045650|935.32
1788296215|20260902045655|935.32
1788296225|20260902045705|935.29
1788296230|20260902045710|935.29
1788296235|20260902045715|935.33
1788296245|20260902045725|935.32
1788296260|20260902045740|935.38
1788296265|20260902045745|935.37
1788296270|20260902045750|935.37
1788296275|20260902045755|935.38
1788296285|20260902045805|935.30
1788296290|20260902045810|935.32
1788296295|20260902045815|935.35
1788296315|20260902045835|935.31
1788296320|20260902045840|935.32
1788296325|20260902045845|935.31
1788296330|20260902045850|935.28
1788296335|20260902045855|935.23
1788296340|20260902045900|935.23
1788296345|20260902045905|935.26
1788296350|20260902045910|935.24
1788296355|20260902045915|935.25
1788296360|20260902045920|935.22
1788296371|20260902045931|935.32
