1789056005|20260911000005|942.42
1789056010|20260911000010|942.03
1789056015|20260911000015|942.21
1789056020|20260911000020|942.09
1789056025|20260911000025|942.19
1789056035|20260911000035|942.16
1789056040|20260911000040|942.30
1789056045|20260911000045|942.21
1789056055|20260911000055|942.47
1789056065|20260911000105|942.75
1789056075|20260911000115|942.57
1789056080|20260911000120|942.39
1789056085|20260911000125|942.36
1789056095|20260911000135|942.46
1789056100|20260911000140|942.39
1789056105|20260911000145|942.62
1789056110|20260911000150|942.66
1789056115|20260911000155|942.65
1789056130|20260911000210|942.53
1789056135|20260911000215|942.52
1789056145|20260911000225|942.64
1789056160|20260911000240|942.68
1789056165|20260911000245|942.60
1789056170|20260911000250|942.61
1789056175|20260911000255|942.63
1789056185|20260911000305|942.44
1789056195|20260911000315|942.24
1789056200|20260911000320|942.32
1789056205|20260911000325|942.43
1789056215|20260911000335|942.47
1789056220|20260911000340|942.68
1789056225|20260911000345|942.87
1789056230|20260911000350|942.76
1789056235|20260911000355|942.66
1789056245|20260911000405|942.78
1789056250|20260911000410|942.78
1789056255|20260911000415|942.74
1789056260|20260911000420|942.95
1789056265|20260911000425|942.98
1789056280|20260911000440|942.78
1789056305|20260911000505|942.49
1789056310|20260911000510|942.72
1789056315|20260911000515|942.67
1789056320|20260911000520|942.63
1789056325|20260911000525|942.69
1789056335|20260911000535|942.65
1789056340|20260911000540|942.52
1789056345|20260911000545|942.45
1789056350|20260911000550|942.44
1789056365|20260911000605|942.20
1789056370|20260911000610|942.18
1789056375|20260911000615|942.12
1789056380|20260911000620|942.19
1789056385|20260911000625|942.14
1789056395|20260911000635|942.09
1789056400|20260911000640|942.10
1789056405|20260911000645|942.03
1789056410|20260911000650|941.97
1789056415|20260911000655|941.99
1789056430|20260911000710|941.95
1789056435|20260911000715|941.98
1789056440|20260911000720|942.01
1789056445|20260911000725|941.92
1789056455|20260911000735|941.71
1789056460|20260911000740|941.76
1789056470|20260911000750|941.83
1789056485|20260911000805|941.75
1789056490|20260911000810|941.70
1789056495|20260911000815|941.61
1789056505|20260911000825|941.57
1789056515|20260911000835|941.73
1789056520|20260911000840|941.78
1789056525|20260911000845|941.73
1789056530|20260911000850|941.56
1789056535|20260911000855|941.27
1789056545|20260911000905|941.06
1789056550|20260911000910|940.90
1789056560|20260911000920|941.12
1789056565|20260911000925|941.08
1789056600|20260911001000|940.86
1789056605|20260911001005|940.74
1789056610|20260911001010|940.61
1789056615|20260911001015|940.74
1789056620|20260911001020|940.93
1789056625|20260911001025|941.04
1789056635|20260911001035|940.96
1789056640|20260911001040|940.94
1789056645|20260911001045|940.72
1789056655|20260911001055|940.61
1789056660|20260911001100|940.36
1789056665|20260911001105|940.28
1789056670|20260911001110|940.23
1789056675|20260911001115|940.17
1789056680|20260911001120|940.12
1789056685|20260911001125|940.10
1789056695|20260911001135|940.17
1789056700|20260911001140|940.00
1789056710|20260911001150|939.91
1789056715|20260911001155|939.90
1789056725|20260911001205|939.71
1789056730|20260911001210|939.76
1789056735|20260911001215|939.70
1789056740|20260911001220|939.86
1789056745|20260911001225|939.99
1789056755|20260911001235|940.00
1789056760|20260911001240|940.44
1789056765|20260911001245|940.44
1789056770|20260911001250|940.46
1789056775|20260911001255|940.45
1789056785|20260911001305|940.45
1789056795|20260911001315|940.41
1789056800|20260911001320|940.39
1789056805|20260911001325|940.49
1789056815|20260911001335|940.39
1789056820|20260911001340|940.49
1789056825|20260911001345|940.52
1789056830|20260911001350|940.54
1789056835|20260911001355|940.64
1789056845|20260911001405|940.75
1789056850|20260911001410|940.75
1789056855|20260911001415|940.76
1789056865|20260911001425|940.91
1789056900|20260911001500|940.66
1789056905|20260911001505|940.69
1789056910|20260911001510|940.73
1789056915|20260911001515|940.68
1789056920|20260911001520|940.63
1789056935|20260911001535|940.75
1789056940|20260911001540|940.83
1789056955|20260911001555|940.79
1789056970|20260911001610|940.61
1789056975|20260911001615|940.63
1789056995|20260911001635|940.68
1789057000|20260911001640|940.56
1789057005|20260911001645|940.50
1789057010|20260911001650|940.53
1789057020|20260911001700|940.44
1789057025|20260911001705|940.43
1789057035|20260911001715|940.40
1789057040|20260911001720|940.34
1789057045|20260911001725|940.35
1789057055|20260911001735|940.10
1789057060|20260911001740|939.92
1789057065|20260911001745|939.95
1789057070|20260911001750|940.07
1789057075|20260911001755|939.96
1789057080|20260911001800|940.01
1789057085|20260911001805|940.04
1789057090|20260911001810|940.18
1789057095|20260911001815|940.26
1789057105|20260911001825|940.15
1789057115|20260911001835|940.15
1789057125|20260911001845|940.23
1789057135|20260911001855|940.23
1789057145|20260911001905|940.25
1789057150|20260911001910|940.33
1789057155|20260911001915|940.41
1789057160|20260911001920|940.42
1789057165|20260911001925|940.31
1789057180|20260911001940|940.55
1789057190|20260911001950|940.65
1789057205|20260911002005|940.74
1789057210|20260911002010|940.89
1789057215|20260911002015|940.82
1789057220|20260911002020|940.85
1789057225|20260911002025|940.78
1789057235|20260911002035|940.75
1789057240|20260911002040|940.77
1789057245|20260911002045|940.77
1789057255|20260911002055|940.94
1789057265|20260911002105|940.89
1789057270|20260911002110|940.88
1789057275|20260911002115|940.92
1789057280|20260911002120|940.98
1789057285|20260911002125|941.04
1789057295|20260911002135|941.09
1789057305|20260911002145|941.26
1789057310|20260911002150|941.28
1789057315|20260911002155|941.26
1789057330|20260911002210|941.21
1789057335|20260911002215|941.26
1789057340|20260911002220|941.29
1789057345|20260911002225|941.21
1789057360|20260911002240|941.34
1789057375|20260911002255|941.39
1789057385|20260911002305|941.26
1789057390|20260911002310|941.29
1789057395|20260911002315|941.41
1789057405|20260911002325|941.39
1789057415|20260911002335|941.46
1789057420|20260911002340|941.48
1789057425|20260911002345|941.38
1789057430|20260911002350|941.11
1789057435|20260911002355|941.21
1789057440|20260911002400|941.16
1789057445|20260911002405|941.22
1789057450|20260911002410|941.18
1789057455|20260911002415|941.09
1789057460|20260911002420|941.06
1789057465|20260911002425|941.02
1789057470|20260911002430|940.98
1789057475|20260911002435|941.04
1789057500|20260911002500|941.20
1789057505|20260911002505|941.21
1789057510|20260911002510|941.19
1789057520|20260911002520|941.11
1789057530|20260911002530|941.09
1789057540|20260911002540|941.05
1789057545|20260911002545|941.01
1789057550|20260911002550|940.99
1789057555|20260911002555|940.97
1789057560|20260911002600|941.01
1789057565|20260911002605|940.96
1789057570|20260911002610|940.94
1789057580|20260911002620|940.98
1789057585|20260911002625|940.97
1789057595|20260911002635|940.92
1789057600|20260911002640|941.00
1789057605|20260911002645|941.22
1789057610|20260911002650|941.23
1789057615|20260911002655|941.23
1789057630|20260911002710|941.41
1789057635|20260911002715|941.38
1789057640|20260911002720|941.37
1789057645|20260911002725|941.45
1789057655|20260911002735|941.41
1789057660|20260911002740|941.37
1789057665|20260911002745|941.33
1789057670|20260911002750|941.48
1789057675|20260911002755|941.48
1789057700|20260911002820|941.38
1789057715|20260911002835|941.47
1789057725|20260911002845|941.45
1789057735|20260911002855|941.43
1789057745|20260911002905|941.49
1789057755|20260911002915|941.46
1789057760|20260911002920|941.49
1789057765|20260911002925|941.46
1789057805|20260911003005|941.51
1789057810|20260911003010|941.43
1789057815|20260911003015|941.41
1789057820|20260911003020|941.61
1789057830|20260911003030|941.73
1789057835|20260911003035|941.54
1789057840|20260911003040|941.38
1789057845|20260911003045|941.48
1789057850|20260911003050|941.39
1789057855|20260911003055|941.39
1789057860|20260911003100|941.32
1789057865|20260911003105|941.42
1789057870|20260911003110|941.50
1789057875|20260911003115|941.62
1789057880|20260911003120|941.60
1789057885|20260911003125|941.83
1789057895|20260911003135|941.75
1789057900|20260911003140|941.81
1789057905|20260911003145|941.78
1789057910|20260911003150|941.75
1789057925|20260911003205|941.66
1789057930|20260911003210|941.62
1789057935|20260911003215|941.77
1789057940|20260911003220|941.91
1789057945|20260911003225|942.06
1789057950|20260911003230|941.99
1789057955|20260911003235|942.13
1789057960|20260911003240|942.08
1789057965|20260911003245|942.11
1789057970|20260911003250|942.03
1789057975|20260911003255|941.94
1789057985|20260911003305|941.93
1789057990|20260911003310|941.82
1789057995|20260911003315|941.84
1789058000|20260911003320|941.92
1789058005|20260911003325|941.96
1789058020|20260911003340|941.85
1789058030|20260911003350|941.92
1789058045|20260911003405|941.78
1789058050|20260911003410|941.90
1789058055|20260911003415|941.92
1789058060|20260911003420|940.94
1789058065|20260911003425|941.32
1789058100|20260911003500|940.50
1789058105|20260911003505|940.52
1789058110|20260911003510|940.49
1789058115|20260911003515|940.09
1789058120|20260911003520|940.20
1789058125|20260911003525|940.24
1789058135|20260911003535|940.20
1789058140|20260911003540|940.10
1789058150|20260911003550|940.52
1789058155|20260911003555|940.49
1789058160|20260911003600|940.24
1789058165|20260911003605|940.36
1789058170|20260911003610|940.38
1789058175|20260911003615|940.51
1789058180|20260911003620|940.34
1789058185|20260911003625|940.51
1789058195|20260911003635|940.67
1789058200|20260911003640|940.77
1789058205|20260911003645|940.62
1789058215|20260911003655|940.75
1789058220|20260911003700|940.60
1789058225|20260911003705|940.74
1789058230|20260911003710|940.79
1789058235|20260911003715|940.85
1789058240|20260911003720|940.84
1789058245|20260911003725|940.88
1789058260|20260911003740|940.84
1789058265|20260911003745|940.94
1789058270|20260911003750|940.92
1789058275|20260911003755|941.00
1789058285|20260911003805|940.97
1789058300|20260911003820|941.02
1789058305|20260911003825|940.86
1789058315|20260911003835|941.13
1789058320|20260911003840|941.19
1789058325|20260911003845|941.21
1789058330|20260911003850|941.07
1789058355|20260911003915|941.16
1789058365|20260911003925|941.15
1789058405|20260911004005|941.03
1789058410|20260911004010|941.03
1789058415|20260911004015|940.87
1789058420|20260911004020|940.79
1789058425|20260911004025|940.80
1789058435|20260911004035|940.65
1789058440|20260911004040|940.66
1789058445|20260911004045|940.82
1789058455|20260911004055|940.90
1789058460|20260911004100|940.94
1789058465|20260911004105|940.94
1789058470|20260911004110|940.93
1789058480|20260911004120|940.87
1789058485|20260911004125|940.97
1789058495|20260911004135|940.96
1789058500|20260911004140|941.06
1789058505|20260911004145|941.07
1789058510|20260911004150|941.05
1789058515|20260911004155|941.14
1789058525|20260911004205|940.98
1789058530|20260911004210|940.64
1789058535|20260911004215|940.50
1789058540|20260911004220|940.58
1789058555|20260911004235|940.63
1789058560|20260911004240|940.56
1789058565|20260911004245|940.41
1789058570|20260911004250|940.45
1789058575|20260911004255|940.41
1789058585|20260911004305|940.26
1789058590|20260911004310|940.26
1789058595|20260911004315|940.26
1789058600|20260911004320|940.24
1789058605|20260911004325|940.29
1789058615|20260911004335|940.33
1789058620|20260911004340|940.31
1789058625|20260911004345|940.26
1789058630|20260911004350|940.20
1789058635|20260911004355|940.43
1789058645|20260911004405|940.50
1789058650|20260911004410|940.58
1789058655|20260911004415|940.53
1789058660|20260911004420|940.54
1789058665|20260911004425|940.54
1789058675|20260911004435|940.30
1789058680|20260911004440|940.37
1789058685|20260911004445|940.35
1789058700|20260911004500|940.08
1789058705|20260911004505|940.26
1789058710|20260911004510|940.23
1789058715|20260911004515|940.26
1789058720|20260911004520|940.36
1789058725|20260911004525|940.43
1789058730|20260911004530|940.70
1789058735|20260911004535|940.90
1789058740|20260911004540|940.84
1789058750|20260911004550|940.94
1789058755|20260911004555|940.91
1789058765|20260911004605|940.81
1789058770|20260911004610|940.85
1789058785|20260911004625|940.88
1789058790|20260911004630|940.91
1789058800|20260911004640|940.71
1789058805|20260911004645|940.74
1789058810|20260911004650|940.93
1789058815|20260911004655|941.10
1789058820|20260911004700|941.09
1789058825|20260911004705|941.04
1789058830|20260911004710|941.06
1789058840|20260911004720|941.21
1789058845|20260911004725|941.23
1789058860|20260911004740|941.45
1789058865|20260911004745|941.48
1789058870|20260911004750|941.50
1789058885|20260911004805|941.51
1789058890|20260911004810|941.47
1789058895|20260911004815|941.44
1789058900|20260911004820|941.38
1789058905|20260911004825|941.35
1789058915|20260911004835|941.18
1789058920|20260911004840|941.26
1789058925|20260911004845|941.19
1789058930|20260911004850|941.25
1789058935|20260911004855|941.30
1789058945|20260911004905|941.14
1789058955|20260911004915|940.88
1789058960|20260911004920|940.91
1789058965|20260911004925|940.83
1789059000|20260911005000|940.97
1789059005|20260911005005|941.11
1789059010|20260911005010|941.15
1789059015|20260911005015|941.16
1789059020|20260911005020|941.27
1789059025|20260911005025|941.37
1789059035|20260911005035|941.26
1789059040|20260911005040|941.22
1789059045|20260911005045|941.27
1789059060|20260911005100|941.29
1789059065|20260911005105|941.34
1789059070|20260911005110|941.40
1789059075|20260911005115|941.47
1789059080|20260911005120|941.26
1789059085|20260911005125|941.42
1789059095|20260911005135|941.59
1789059100|20260911005140|941.52
1789059110|20260911005150|941.53
1789059115|20260911005155|941.52
1789059125|20260911005205|941.43
1789059130|20260911005210|941.45
1789059135|20260911005215|941.51
1789059140|20260911005220|941.51
1789059145|20260911005225|941.59
1789059160|20260911005240|941.65
1789059165|20260911005245|941.46
1789059170|20260911005250|941.52
1789059180|20260911005300|941.40
1789059185|20260911005305|941.38
1789059195|20260911005315|941.42
1789059200|20260911005320|941.38
1789059205|20260911005325|941.39
1789059215|20260911005335|941.42
1789059220|20260911005340|941.44
1789059225|20260911005345|941.31
1789059235|20260911005355|941.29
1789059245|20260911005405|941.66
1789059260|20260911005420|941.33
1789059300|20260911005500|941.30
1789059305|20260911005505|941.25
1789059315|20260911005515|941.07
1789059320|20260911005520|940.98
1789059325|20260911005525|941.00
1789059335|20260911005535|941.00
1789059340|20260911005540|941.05
1789059345|20260911005545|941.14
1789059350|20260911005550|941.17
1789059355|20260911005555|941.08
1789059370|20260911005610|941.16
1789059375|20260911005615|941.19
1789059380|20260911005620|941.18
1789059385|20260911005625|941.00
1789059400|20260911005640|941.07
1789059405|20260911005645|941.03
1789059410|20260911005650|941.02
1789059415|20260911005655|941.05
1789059420|20260911005700|940.96
1789059435|20260911005715|940.97
1789059455|20260911005735|941.18
1789059460|20260911005740|941.29
1789059465|20260911005745|941.32
1789059470|20260911005750|941.29
1789059485|20260911005805|941.38
1789059495|20260911005815|941.41
1789059500|20260911005820|941.35
1789059505|20260911005825|941.43
1789059515|20260911005835|941.37
1789059520|20260911005840|941.39
1789059525|20260911005845|941.43
1789059530|20260911005850|941.63
1789059535|20260911005855|941.72
1789059545|20260911005905|941.83
1789059550|20260911005910|941.76
1789059555|20260911005915|941.79
1789059560|20260911005920|941.65
1789059565|20260911005925|941.65
1789059600|20260911010000|941.79
1789059605|20260911010005|941.73
1789059610|20260911010010|941.49
1789059615|20260911010015|941.46
1789059620|20260911010020|941.41
1789059625|20260911010025|941.47
1789059635|20260911010035|941.56
1789059640|20260911010040|941.61
1789059645|20260911010045|941.63
1789059655|20260911010055|941.69
1789059665|20260911010105|941.70
1789059670|20260911010110|941.66
1789059680|20260911010120|941.65
1789059685|20260911010125|941.58
1789059695|20260911010135|941.40
1789059700|20260911010140|941.48
1789059705|20260911010145|941.56
1789059710|20260911010150|941.58
1789059725|20260911010205|941.52
1789059730|20260911010210|942.35
1789059735|20260911010215|942.12
1789059740|20260911010220|941.83
1789059745|20260911010225|941.76
1789059755|20260911010235|941.68
1789059760|20260911010240|941.60
1789059765|20260911010245|941.62
1789059770|20260911010250|941.60
1789059775|20260911010255|941.51
1789059785|20260911010305|941.34
1789059790|20260911010310|941.40
1789059795|20260911010315|941.38
1789059800|20260911010320|941.30
1789059805|20260911010325|941.24
1789059820|20260911010340|940.91
1789059825|20260911010345|940.91
1789059830|20260911010350|941.01
1789059835|20260911010355|941.06
1789059840|20260911010400|941.04
1789059845|20260911010405|941.07
1789059850|20260911010410|940.97
1789059855|20260911010415|941.11
1789059900|20260911010500|941.66
1789059905|20260911010505|941.74
1789059915|20260911010515|941.79
1789059920|20260911010520|941.89
1789059935|20260911010535|941.75
1789059940|20260911010540|941.62
1789059945|20260911010545|941.57
1789059950|20260911010550|941.39
1789059960|20260911010600|941.25
1789059975|20260911010615|941.05
1789059980|20260911010620|941.15
1789059995|20260911010635|941.34
1789060000|20260911010640|941.36
1789060005|20260911010645|941.38
1789060010|20260911010650|941.39
1789060015|20260911010655|941.46
1789060025|20260911010705|941.49
1789060030|20260911010710|941.62
1789060035|20260911010715|941.69
1789060040|20260911010720|941.49
1789060045|20260911010725|941.42
1789060055|20260911010735|941.59
1789060060|20260911010740|941.43
1789060075|20260911010755|941.52
1789060080|20260911010800|941.60
1789060085|20260911010805|941.65
1789060115|20260911010835|941.52
1789060120|20260911010840|941.51
1789060125|20260911010845|941.27
1789060130|20260911010850|941.27
1789060135|20260911010855|941.29
1789060145|20260911010905|941.40
1789060155|20260911010915|941.48
1789060160|20260911010920|941.42
1789060165|20260911010925|941.32
1789060200|20260911011000|941.31
1789060210|20260911011010|941.66
1789060215|20260911011015|941.66
1789060220|20260911011020|941.72
1789060225|20260911011025|941.69
1789060235|20260911011035|941.82
1789060240|20260911011040|941.85
1789060245|20260911011045|941.85
1789060250|20260911011050|942.10
1789060260|20260911011100|942.23
1789060265|20260911011105|942.15
1789060270|20260911011110|942.07
1789060275|20260911011115|942.15
1789060280|20260911011120|942.22
1789060285|20260911011125|942.13
1789060295|20260911011135|942.01
1789060300|20260911011140|941.99
1789060305|20260911011145|942.00
1789060310|20260911011150|942.01
1789060315|20260911011155|942.14
1789060320|20260911011200|942.19
1789060325|20260911011205|942.17
1789060330|20260911011210|942.07
1789060335|20260911011215|942.12
1789060345|20260911011225|942.20
1789060355|20260911011235|942.16
1789060375|20260911011255|942.03
1789060390|20260911011310|941.97
1789060395|20260911011315|941.93
1789060400|20260911011320|941.83
1789060405|20260911011325|941.85
1789060415|20260911011335|941.67
1789060420|20260911011340|941.66
1789060425|20260911011345|941.55
1789060430|20260911011350|941.58
1789060435|20260911011355|941.56
1789060450|20260911011410|941.35
1789060455|20260911011415|941.37
1789060460|20260911011420|941.30
1789060465|20260911011425|941.26
1789060500|20260911011500|941.42
1789060505|20260911011505|941.45
1789060510|20260911011510|941.27
1789060515|20260911011515|941.42
1789060520|20260911011520|941.47
1789060525|20260911011525|941.34
1789060535|20260911011535|941.36
1789060540|20260911011540|941.41
1789060545|20260911011545|941.35
1789060550|20260911011550|941.30
1789060555|20260911011555|941.26
1789060560|20260911011600|941.26
1789060565|20260911011605|941.34
1789060575|20260911011615|941.46
1789060580|20260911011620|941.46
1789060585|20260911011625|941.68
1789060595|20260911011635|941.77
1789060600|20260911011640|941.88
1789060605|20260911011645|941.80
1789060610|20260911011650|941.91
1789060615|20260911011655|941.91
1789060620|20260911011700|941.74
1789060625|20260911011705|941.65
1789060630|20260911011710|941.73
1789060635|20260911011715|941.67
1789060640|20260911011720|941.67
1789060645|20260911011725|941.64
1789060655|20260911011735|941.76
1789060660|20260911011740|941.78
1789060665|20260911011745|941.75
1789060670|20260911011750|941.67
1789060675|20260911011755|941.53
1789060685|20260911011805|941.66
1789060690|20260911011810|941.66
1789060695|20260911011815|941.74
1789060700|20260911011820|941.67
1789060705|20260911011825|941.63
1789060715|20260911011835|941.71
1789060720|20260911011840|941.54
1789060725|20260911011845|941.48
1789060730|20260911011850|941.24
1789060735|20260911011855|941.44
1789060740|20260911011900|941.53
1789060745|20260911011905|941.56
1789060760|20260911011920|941.48
1789060765|20260911011925|941.70
1789060775|20260911011935|941.67
1789060790|20260911011950|941.89
1789060795|20260911011955|941.86
1789060800|20260911012000|941.86
1789060805|20260911012005|941.87
1789060820|20260911012020|941.65
1789060825|20260911012025|941.65
1789060835|20260911012035|941.65
1789060840|20260911012040|941.64
1789060845|20260911012045|941.72
1789060850|20260911012050|941.81
1789060855|20260911012055|941.86
1789060860|20260911012100|941.88
1789060865|20260911012105|941.98
1789060870|20260911012110|942.03
1789060875|20260911012115|942.06
1789060880|20260911012120|942.00
1789060885|20260911012125|942.04
1789060895|20260911012135|941.87
1789060900|20260911012140|941.94
1789060905|20260911012145|941.94
1789060915|20260911012155|941.88
1789060925|20260911012205|941.76
1789060930|20260911012210|941.91
1789060935|20260911012215|941.91
1789060940|20260911012220|942.04
1789060950|20260911012230|941.98
1789060955|20260911012235|941.84
1789060960|20260911012240|941.89
1789060965|20260911012245|941.83
1789060970|20260911012250|941.90
1789060975|20260911012255|941.77
1789060985|20260911012305|941.73
1789060990|20260911012310|941.83
1789060995|20260911012315|941.96
1789061000|20260911012320|942.00
1789061005|20260911012325|941.95
1789061010|20260911012330|941.91
1789061015|20260911012335|941.87
1789061020|20260911012340|941.72
1789061030|20260911012350|941.56
1789061045|20260911012405|941.92
1789061050|20260911012410|942.06
1789061055|20260911012415|941.97
1789061060|20260911012420|941.68
1789061065|20260911012425|941.75
1789061095|20260911012455|941.54
1789061100|20260911012500|941.48
1789061105|20260911012505|941.64
1789061110|20260911012510|941.79
1789061115|20260911012515|941.89
1789061120|20260911012520|941.79
1789061125|20260911012525|941.65
1789061140|20260911012540|941.59
1789061145|20260911012545|941.58
1789061150|20260911012550|941.62
1789061155|20260911012555|941.61
1789061160|20260911012600|941.61
1789061165|20260911012605|941.67
1789061170|20260911012610|941.75
1789061175|20260911012615|941.69
1789061180|20260911012620|941.79
1789061185|20260911012625|941.83
1789061195|20260911012635|941.89
1789061200|20260911012640|941.88
1789061205|20260911012645|941.91
1789061215|20260911012655|941.98
1789061220|20260911012700|941.99
1789061225|20260911012705|942.17
1789061230|20260911012710|942.18
1789061235|20260911012715|942.20
1789061240|20260911012720|942.27
1789061245|20260911012725|942.27
1789061260|20260911012740|942.13
1789061265|20260911012745|942.09
1789061270|20260911012750|942.08
1789061275|20260911012755|942.08
1789061285|20260911012805|942.14
1789061290|20260911012810|941.82
1789061295|20260911012815|942.02
1789061300|20260911012820|942.09
1789061305|20260911012825|942.15
1789061335|20260911012855|942.38
1789061345|20260911012905|941.78
1789061355|20260911012915|941.94
1789061360|20260911012920|942.00
1789061365|20260911012925|942.00
1789061400|20260911013000|942.26
1789061405|20260911013005|942.18
1789061415|20260911013015|942.03
1789061420|20260911013020|942.15
1789061425|20260911013025|942.25
1789061435|20260911013035|942.03
1789061440|20260911013040|942.14
1789061445|20260911013045|941.85
1789061455|20260911013055|941.76
1789061460|20260911013100|941.80
1789061465|20260911013105|941.79
1789061470|20260911013110|941.73
1789061475|20260911013115|941.74
1789061480|20260911013120|941.93
1789061485|20260911013125|942.04
1789061495|20260911013135|942.09
1789061500|20260911013140|942.04
1789061505|20260911013145|942.06
1789061510|20260911013150|942.05
1789061520|20260911013200|941.97
1789061525|20260911013205|942.00
1789061535|20260911013215|942.02
1789061540|20260911013220|941.93
1789061545|20260911013225|941.96
1789061555|20260911013235|941.91
1789061560|20260911013240|941.96
1789061565|20260911013245|941.95
1789061570|20260911013250|941.85
1789061575|20260911013255|941.94
1789061585|20260911013305|942.00
1789061590|20260911013310|942.01
1789061595|20260911013315|942.10
1789061600|20260911013320|941.72
1789061615|20260911013335|941.51
1789061625|20260911013345|941.68
1789061630|20260911013350|941.62
1789061635|20260911013355|941.46
1789061640|20260911013400|941.45
1789061645|20260911013405|941.47
1789061650|20260911013410|941.52
1789061655|20260911013415|941.59
1789061660|20260911013420|941.53
1789061665|20260911013425|941.54
1789061690|20260911013450|941.56
1789061695|20260911013455|941.60
1789061700|20260911013500|941.50
1789061715|20260911013515|941.41
1789061720|20260911013520|941.31
1789061725|20260911013525|941.38
1789061735|20260911013535|941.31
1789061740|20260911013540|941.51
1789061745|20260911013545|941.61
1789061750|20260911013550|941.66
1789061755|20260911013555|941.69
1789061765|20260911013605|941.71
1789061770|20260911013610|941.76
1789061775|20260911013615|941.61
1789061780|20260911013620|941.62
1789061795|20260911013635|941.55
1789061800|20260911013640|941.61
1789061805|20260911013645|941.64
1789061810|20260911013650|941.60
1789061815|20260911013655|941.46
1789061825|20260911013705|941.56
1789061830|20260911013710|941.46
1789061835|20260911013715|941.45
1789061840|20260911013720|941.40
1789061860|20260911013740|941.32
1789061865|20260911013745|941.38
1789061870|20260911013750|941.35
1789061875|20260911013755|941.46
1789061880|20260911013800|941.36
1789061885|20260911013805|941.46
1789061895|20260911013815|941.35
1789061900|20260911013820|941.34
1789061905|20260911013825|941.45
1789061915|20260911013835|941.31
1789061920|20260911013840|941.26
1789061925|20260911013845|941.17
1789061930|20260911013850|941.28
1789061935|20260911013855|941.30
1789061940|20260911013900|941.43
1789061950|20260911013910|941.20
1789061955|20260911013915|941.15
1789061960|20260911013920|941.16
1789061965|20260911013925|941.24
1789062000|20260911014000|940.68
1789062010|20260911014010|940.48
1789062015|20260911014015|940.44
1789062020|20260911014020|940.45
1789062035|20260911014035|940.01
1789062040|20260911014040|940.02
1789062055|20260911014055|940.07
1789062065|20260911014105|939.96
1789062070|20260911014110|939.95
1789062075|20260911014115|940.09
1789062080|20260911014120|940.11
1789062085|20260911014125|940.00
1789062095|20260911014135|940.01
1789062100|20260911014140|940.07
1789062105|20260911014145|940.05
1789062115|20260911014155|940.06
1789062125|20260911014205|940.10
1789062135|20260911014215|940.09
1789062140|20260911014220|940.11
1789062145|20260911014225|940.07
1789062160|20260911014240|939.92
1789062170|20260911014250|940.06
1789062175|20260911014255|940.02
1789062180|20260911014300|940.21
1789062185|20260911014305|940.20
1789062190|20260911014310|940.26
1789062195|20260911014315|940.27
1789062200|20260911014320|940.40
1789062205|20260911014325|940.52
1789062215|20260911014335|940.42
1789062220|20260911014340|940.37
1789062225|20260911014345|940.35
1789062230|20260911014350|940.45
1789062235|20260911014355|940.57
1789062240|20260911014400|940.56
1789062245|20260911014405|940.44
1789062250|20260911014410|940.63
1789062255|20260911014415|940.57
1789062260|20260911014420|940.66
1789062265|20260911014425|940.51
1789062300|20260911014500|940.77
1789062305|20260911014505|940.79
1789062310|20260911014510|940.76
1789062315|20260911014515|940.68
1789062320|20260911014520|940.66
1789062325|20260911014525|940.68
1789062335|20260911014535|940.69
1789062340|20260911014540|940.79
1789062345|20260911014545|940.85
1789062350|20260911014550|940.84
1789062355|20260911014555|940.86
1789062360|20260911014600|940.85
1789062365|20260911014605|940.84
1789062370|20260911014610|940.92
1789062375|20260911014615|940.89
1789062380|20260911014620|940.91
1789062385|20260911014625|940.92
1789062395|20260911014635|940.76
1789062400|20260911014640|940.67
1789062405|20260911014645|940.59
1789062410|20260911014650|940.53
1789062415|20260911014655|940.41
1789062425|20260911014705|940.46
1789062430|20260911014710|940.44
1789062435|20260911014715|940.44
1789062440|20260911014720|940.41
1789062445|20260911014725|940.41
1789062460|20260911014740|940.41
1789062470|20260911014750|940.38
1789062480|20260911014800|940.31
1789062485|20260911014805|940.31
1789062490|20260911014810|940.39
1789062495|20260911014815|940.44
1789062500|20260911014820|940.41
1789062505|20260911014825|940.50
1789062515|20260911014835|940.39
1789062520|20260911014840|940.38
1789062525|20260911014845|940.35
1789062535|20260911014855|940.29
1789062540|20260911014900|940.29
1789062545|20260911014905|940.27
1789062560|20260911014920|940.33
1789062565|20260911014925|940.25
1789062580|20260911014940|940.38
1789062595|20260911014955|940.41
1789062605|20260911015005|940.45
1789062610|20260911015010|940.45
1789062615|20260911015015|940.47
1789062620|20260911015020|940.44
1789062625|20260911015025|940.59
1789062635|20260911015035|940.47
1789062640|20260911015040|940.34
1789062645|20260911015045|940.36
1789062655|20260911015055|940.34
1789062660|20260911015100|940.35
1789062665|20260911015105|940.47
1789062670|20260911015110|940.49
1789062680|20260911015120|940.57
1789062695|20260911015135|940.63
1789062700|20260911015140|940.64
1789062705|20260911015145|940.66
1789062710|20260911015150|940.62
1789062715|20260911015155|940.61
1789062725|20260911015205|940.69
1789062730|20260911015210|940.88
1789062735|20260911015215|940.90
1789062740|20260911015220|940.78
1789062745|20260911015225|940.85
1789062755|20260911015235|940.76
1789062760|20260911015240|940.82
1789062765|20260911015245|940.85
1789062770|20260911015250|940.88
1789062775|20260911015255|940.91
1789062780|20260911015300|940.77
1789062785|20260911015305|940.79
1789062790|20260911015310|940.76
1789062795|20260911015315|940.75
1789062800|20260911015320|940.80
1789062805|20260911015325|940.77
1789062815|20260911015335|940.78
1789062820|20260911015340|940.81
1789062825|20260911015345|940.74
1789062830|20260911015350|940.62
1789062835|20260911015355|940.71
1789062845|20260911015405|940.64
1789062850|20260911015410|940.77
1789062855|20260911015415|940.86
1789062860|20260911015420|940.91
1789062865|20260911015425|940.88
1789062895|20260911015455|940.71
1789062900|20260911015500|940.83
1789062905|20260911015505|940.82
1789062910|20260911015510|940.70
1789062915|20260911015515|940.75
1789062920|20260911015520|940.68
1789062925|20260911015525|940.55
1789062935|20260911015535|940.48
1789062940|20260911015540|940.45
1789062945|20260911015545|940.38
1789062950|20260911015550|940.43
1789062955|20260911015555|940.35
1789062960|20260911015600|940.28
1789062965|20260911015605|940.30
1789062970|20260911015610|940.29
1789062975|20260911015615|939.91
1789062980|20260911015620|939.99
1789062995|20260911015635|939.91
1789063000|20260911015640|939.98
1789063005|20260911015645|940.07
1789063010|20260911015650|939.97
1789063015|20260911015655|939.91
1789063020|20260911015700|939.84
1789063025|20260911015705|939.58
1789063030|20260911015710|939.53
1789063035|20260911015715|939.51
1789063040|20260911015720|939.62
1789063045|20260911015725|939.73
1789063055|20260911015735|939.58
1789063060|20260911015740|939.46
1789063065|20260911015745|939.49
1789063070|20260911015750|939.37
1789063075|20260911015755|939.23
1789063080|20260911015800|939.13
1789063085|20260911015805|939.11
1789063090|20260911015810|939.09
1789063095|20260911015815|939.25
1789063100|20260911015820|939.23
1789063105|20260911015825|939.33
1789063115|20260911015835|939.26
1789063120|20260911015840|939.27
1789063125|20260911015845|939.24
1789063130|20260911015850|939.08
1789063140|20260911015900|939.09
1789063145|20260911015905|939.46
1789063150|20260911015910|939.54
1789063160|20260911015920|939.43
1789063210|20260911020010|939.34
1789063215|20260911020015|939.27
1789063220|20260911020020|939.30
1789063225|20260911020025|939.35
1789063235|20260911020035|939.40
1789063240|20260911020040|939.35
1789063245|20260911020045|939.24
1789063255|20260911020055|939.44
1789063260|20260911020100|939.78
1789063265|20260911020105|939.78
1789063275|20260911020115|939.72
1789063295|20260911020135|939.82
1789063305|20260911020145|939.25
1789063310|20260911020150|939.16
1789063320|20260911020200|938.95
1789063325|20260911020205|939.04
1789063330|20260911020210|939.04
1789063335|20260911020215|938.89
1789063340|20260911020220|938.86
1789063355|20260911020235|938.75
1789063360|20260911020240|939.03
1789063365|20260911020245|939.18
1789063370|20260911020250|939.26
1789063375|20260911020255|939.21
1789063385|20260911020305|939.23
1789063390|20260911020310|939.10
1789063395|20260911020315|939.11
1789063405|20260911020325|939.00
1789063415|20260911020335|938.71
1789063425|20260911020345|938.58
1789063430|20260911020350|938.64
1789063435|20260911020355|938.55
1789063445|20260911020405|938.59
1789063455|20260911020415|938.61
1789063460|20260911020420|938.71
1789063500|20260911020500|939.01
1789063510|20260911020510|938.61
1789063515|20260911020515|938.52
1789063520|20260911020520|938.50
1789063525|20260911020525|938.46
1789063545|20260911020545|938.43
1789063550|20260911020550|938.48
1789063555|20260911020555|938.69
1789063560|20260911020600|938.50
1789063565|20260911020605|938.42
1789063570|20260911020610|938.38
1789063595|20260911020635|938.57
1789063600|20260911020640|938.49
1789063610|20260911020650|938.68
1789063615|20260911020655|938.71
1789063620|20260911020700|938.78
1789063625|20260911020705|938.60
1789063630|20260911020710|938.64
1789063635|20260911020715|938.69
1789063640|20260911020720|938.58
1789063655|20260911020735|938.54
1789063665|20260911020745|938.70
1789063670|20260911020750|938.64
1789063685|20260911020805|938.63
1789063690|20260911020810|938.66
1789063700|20260911020820|938.73
1789063705|20260911020825|938.79
1789063715|20260911020835|938.75
1789063720|20260911020840|938.68
1789063725|20260911020845|938.18
1789063730|20260911020850|938.18
1789063735|20260911020855|937.96
1789063750|20260911020910|937.19
1789063760|20260911020920|937.27
1789063800|20260911021000|937.33
1789063805|20260911021005|937.07
1789063810|20260911021010|937.09
1789063815|20260911021015|937.01
1789063820|20260911021020|936.93
1789063835|20260911021035|937.03
1789063840|20260911021040|936.97
1789063845|20260911021045|936.93
1789063850|20260911021050|936.85
1789063855|20260911021055|936.83
1789063865|20260911021105|937.03
1789063870|20260911021110|937.12
1789063875|20260911021115|937.12
1789063880|20260911021120|937.30
1789063885|20260911021125|937.22
1789063895|20260911021135|937.24
1789063900|20260911021140|937.31
1789063905|20260911021145|937.27
1789063910|20260911021150|937.24
1789063915|20260911021155|937.22
1789063925|20260911021205|936.92
1789063930|20260911021210|936.91
1789063935|20260911021215|937.02
1789063940|20260911021220|936.90
1789063945|20260911021225|936.96
1789063955|20260911021235|936.93
1789063960|20260911021240|936.99
1789063965|20260911021245|936.99
1789063970|20260911021250|936.96
1789063975|20260911021255|936.98
1789063985|20260911021305|937.06
1789063990|20260911021310|937.29
1789063995|20260911021315|937.32
1789064000|20260911021320|937.13
1789064005|20260911021325|937.30
1789064020|20260911021340|937.11
1789064025|20260911021345|936.86
1789064035|20260911021355|936.73
1789064045|20260911021405|936.86
1789064050|20260911021410|936.93
1789064055|20260911021415|936.98
1789064060|20260911021420|937.06
1789064065|20260911021425|937.14
1789064100|20260911021500|936.85
1789064105|20260911021505|936.63
1789064120|20260911021520|936.56
1789064135|20260911021535|936.88
1789064140|20260911021540|936.91
1789064145|20260911021545|936.89
1789064150|20260911021550|937.05
1789064155|20260911021555|937.04
1789064165|20260911021605|937.25
1789064170|20260911021610|937.32
1789064175|20260911021615|937.30
1789064180|20260911021620|937.44
1789064185|20260911021625|937.38
1789064195|20260911021635|937.49
1789064200|20260911021640|937.31
1789064205|20260911021645|937.17
1789064210|20260911021650|937.17
1789064215|20260911021655|937.03
1789064220|20260911021700|936.80
1789064225|20260911021705|937.06
1789064230|20260911021710|936.79
1789064235|20260911021715|936.77
1789064240|20260911021720|936.78
1789064245|20260911021725|936.87
1789064255|20260911021735|936.98
1789064260|20260911021740|936.98
1789064265|20260911021745|936.97
1789064270|20260911021750|936.94
1789064275|20260911021755|937.02
1789064285|20260911021805|936.80
1789064290|20260911021810|936.90
1789064295|20260911021815|936.91
1789064300|20260911021820|936.90
1789064305|20260911021825|936.94
1789064315|20260911021835|936.80
1789064325|20260911021845|936.88
1789064330|20260911021850|936.78
1789064345|20260911021905|936.99
1789064350|20260911021910|937.04
1789064355|20260911021915|936.97
1789064360|20260911021920|937.02
1789064405|20260911022005|937.12
1789064410|20260911022010|937.17
1789064415|20260911022015|937.29
1789064420|20260911022020|937.35
1789064425|20260911022025|937.35
1789064435|20260911022035|937.31
1789064440|20260911022040|937.36
1789064445|20260911022045|937.31
1789064450|20260911022050|937.35
1789064455|20260911022055|937.34
1789064465|20260911022105|937.11
1789064470|20260911022110|937.09
1789064475|20260911022115|937.23
1789064480|20260911022120|937.43
1789064485|20260911022125|937.42
1789064495|20260911022135|937.41
1789064500|20260911022140|937.49
1789064505|20260911022145|937.45
1789064510|20260911022150|937.39
1789064515|20260911022155|937.23
1789064525|20260911022205|937.38
1789064530|20260911022210|937.45
1789064535|20260911022215|937.43
1789064540|20260911022220|937.45
1789064545|20260911022225|937.50
1789064555|20260911022235|937.59
1789064560|20260911022240|937.54
1789064565|20260911022245|937.44
1789064570|20260911022250|937.40
1789064575|20260911022255|937.56
1789064585|20260911022305|937.64
1789064590|20260911022310|937.70
1789064595|20260911022315|937.68
1789064600|20260911022320|937.60
1789064605|20260911022325|937.66
1789064615|20260911022335|937.73
1789064620|20260911022340|937.70
1789064625|20260911022345|937.73
1789064635|20260911022355|937.69
1789064645|20260911022405|937.66
1789064650|20260911022410|937.66
1789064655|20260911022415|937.62
1789064660|20260911022420|937.67
1789064665|20260911022425|937.55
1789064695|20260911022455|937.49
1789064710|20260911022510|937.55
1789064720|20260911022520|937.47
1789064725|20260911022525|937.34
1789064735|20260911022535|937.28
1789064740|20260911022540|937.20
1789064745|20260911022545|937.17
1789064750|20260911022550|937.14
1789064765|20260911022605|937.21
1789064770|20260911022610|936.80
1789064775|20260911022615|936.80
1789064780|20260911022620|936.77
1789064785|20260911022625|936.85
1789064795|20260911022635|936.84
1789064800|20260911022640|936.42
1789064805|20260911022645|936.36
1789064810|20260911022650|936.31
1789064815|20260911022655|936.08
1789064825|20260911022705|936.28
1789064830|20260911022710|936.34
1789064835|20260911022715|936.31
1789064840|20260911022720|936.28
1789064845|20260911022725|936.29
1789064855|20260911022735|936.31
1789064860|20260911022740|936.22
1789064865|20260911022745|936.27
1789064870|20260911022750|936.25
1789064875|20260911022755|936.29
1789064885|20260911022805|936.28
1789064890|20260911022810|936.30
1789064895|20260911022815|936.56
1789064900|20260911022820|936.71
1789064905|20260911022825|936.80
1789064915|20260911022835|936.82
1789064920|20260911022840|936.79
1789064925|20260911022845|936.83
1789064930|20260911022850|936.80
1789064945|20260911022905|936.61
1789064950|20260911022910|936.40
1789064955|20260911022915|936.41
1789064960|20260911022920|936.30
1789064990|20260911022950|936.29
1789065005|20260911023005|936.04
1789065010|20260911023010|936.05
1789065020|20260911023020|935.56
1789065025|20260911023025|935.79
1789065035|20260911023035|935.87
1789065040|20260911023040|935.85
1789065045|20260911023045|935.73
1789065060|20260911023100|935.80
1789065065|20260911023105|935.75
1789065070|20260911023110|935.90
1789065075|20260911023115|935.93
1789065080|20260911023120|935.95
1789065085|20260911023125|935.85
1789065095|20260911023135|935.79
1789065100|20260911023140|935.95
1789065105|20260911023145|936.04
1789065110|20260911023150|936.12
1789065115|20260911023155|936.03
1789065120|20260911023200|936.08
1789065125|20260911023205|935.86
1789065130|20260911023210|935.97
1789065135|20260911023215|936.00
1789065140|20260911023220|935.98
1789065155|20260911023235|935.80
1789065160|20260911023240|935.68
1789065165|20260911023245|935.64
1789065170|20260911023250|935.79
1789065175|20260911023255|935.71
1789065180|20260911023300|935.72
1789065185|20260911023305|935.58
1789065190|20260911023310|935.51
1789065195|20260911023315|935.56
1789065200|20260911023320|935.59
1789065205|20260911023325|935.66
1789065215|20260911023335|935.38
1789065220|20260911023340|935.47
1789065225|20260911023345|935.46
1789065230|20260911023350|935.31
1789065235|20260911023355|935.02
1789065240|20260911023400|935.05
1789065255|20260911023415|935.13
1789065260|20260911023420|935.02
1789065265|20260911023425|935.08
1789065300|20260911023500|935.61
1789065305|20260911023505|935.66
1789065310|20260911023510|935.50
1789065315|20260911023515|935.49
1789065320|20260911023520|935.53
1789065325|20260911023525|935.48
1789065335|20260911023535|935.51
1789065340|20260911023540|935.50
1789065345|20260911023545|935.46
1789065350|20260911023550|935.51
1789065355|20260911023555|935.49
1789065360|20260911023600|935.46
1789065365|20260911023605|935.48
1789065375|20260911023615|935.50
1789065380|20260911023620|935.43
1789065385|20260911023625|935.60
1789065395|20260911023635|935.57
1789065400|20260911023640|935.49
1789065405|20260911023645|935.50
1789065410|20260911023650|935.46
1789065420|20260911023700|935.25
1789065425|20260911023705|935.33
1789065430|20260911023710|935.30
1789065435|20260911023715|935.15
1789065440|20260911023720|935.11
1789065445|20260911023725|935.22
1789065455|20260911023735|935.28
1789065460|20260911023740|935.27
1789065465|20260911023745|935.14
1789065470|20260911023750|935.09
1789065475|20260911023755|935.14
1789065480|20260911023800|935.15
1789065485|20260911023805|935.18
1789065490|20260911023810|935.41
1789065495|20260911023815|935.38
1789065500|20260911023820|935.15
1789065505|20260911023825|935.18
1789065510|20260911023830|935.17
1789065515|20260911023835|935.04
1789065520|20260911023840|935.16
1789065525|20260911023845|935.26
1789065530|20260911023850|935.27
1789065535|20260911023855|935.28
1789065540|20260911023900|935.20
1789065545|20260911023905|935.23
1789065550|20260911023910|935.16
1789065555|20260911023915|935.24
1789065560|20260911023920|935.28
1789065565|20260911023925|935.35
1789065595|20260911023955|935.38
1789065600|20260911024000|935.30
1789065610|20260911024010|934.96
1789065620|20260911024020|934.88
1789065625|20260911024025|934.97
1789065635|20260911024035|934.97
1789065640|20260911024040|934.92
1789065645|20260911024045|934.90
1789065650|20260911024050|934.97
1789065655|20260911024055|934.93
1789065660|20260911024100|934.90
1789065665|20260911024105|934.85
1789065670|20260911024110|934.94
1789065680|20260911024120|934.90
1789065695|20260911024135|935.17
1789065700|20260911024140|935.27
1789065715|20260911024155|935.52
1789065720|20260911024200|935.42
1789065725|20260911024205|935.47
1789065730|20260911024210|935.51
1789065735|20260911024215|935.48
1789065740|20260911024220|935.55
1789065745|20260911024225|935.42
1789065755|20260911024235|935.67
1789065760|20260911024240|935.55
1789065765|20260911024245|935.42
1789065770|20260911024250|935.38
1789065775|20260911024255|935.36
1789065785|20260911024305|935.29
1789065790|20260911024310|935.30
1789065795|20260911024315|935.21
1789065800|20260911024320|935.23
1789065805|20260911024325|935.34
1789065820|20260911024340|935.32
1789065825|20260911024345|935.10
1789065830|20260911024350|935.10
1789065835|20260911024355|935.24
1789065845|20260911024405|935.24
1789065850|20260911024410|935.21
1789065855|20260911024415|935.14
1789065860|20260911024420|935.24
1789065865|20260911024425|935.23
1789065890|20260911024450|935.33
1789065900|20260911024500|935.22
1789065905|20260911024505|935.16
1789065920|20260911024520|935.02
1789065925|20260911024525|934.95
1789065935|20260911024535|935.01
1789065940|20260911024540|935.13
1789065945|20260911024545|935.18
1789065950|20260911024550|935.14
1789065955|20260911024555|935.13
1789065965|20260911024605|934.98
1789065970|20260911024610|934.85
1789065975|20260911024615|934.94
1789065980|20260911024620|934.89
1789065985|20260911024625|934.97
1789065995|20260911024635|934.87
1789066000|20260911024640|934.87
1789066005|20260911024645|934.78
1789066010|20260911024650|934.86
1789066015|20260911024655|934.93
1789066020|20260911024700|934.90
1789066025|20260911024705|934.87
1789066030|20260911024710|934.85
1789066035|20260911024715|934.75
1789066040|20260911024720|934.74
1789066045|20260911024725|934.70
1789066055|20260911024735|934.67
1789066060|20260911024740|934.69
1789066065|20260911024745|934.70
1789066070|20260911024750|934.77
1789066075|20260911024755|934.76
1789066085|20260911024805|934.81
1789066090|20260911024810|934.76
1789066095|20260911024815|934.83
1789066100|20260911024820|934.75
1789066105|20260911024825|934.67
1789066115|20260911024835|934.73
1789066120|20260911024840|934.57
1789066125|20260911024845|934.52
1789066130|20260911024850|934.48
1789066135|20260911024855|934.51
1789066145|20260911024905|934.58
1789066155|20260911024915|934.60
1789066160|20260911024920|934.63
1789066205|20260911025005|934.70
1789066210|20260911025010|934.55
1789066220|20260911025020|934.43
1789066225|20260911025025|934.62
1789066240|20260911025040|934.58
1789066245|20260911025045|934.60
1789066250|20260911025050|934.66
1789066270|20260911025110|934.86
1789066275|20260911025115|935.50
1789066280|20260911025120|935.71
1789066285|20260911025125|935.69
1789066300|20260911025140|935.81
1789066310|20260911025150|936.18
1789066315|20260911025155|936.12
1789066330|20260911025210|935.58
1789066335|20260911025215|935.93
1789066340|20260911025220|935.74
1789066345|20260911025225|935.57
1789066355|20260911025235|935.59
1789066360|20260911025240|935.63
1789066365|20260911025245|935.61
1789066370|20260911025250|935.88
1789066385|20260911025305|935.86
1789066390|20260911025310|935.85
1789066395|20260911025315|936.03
1789066400|20260911025320|935.89
1789066405|20260911025325|935.64
1789066420|20260911025340|935.43
1789066425|20260911025345|935.25
1789066430|20260911025350|935.11
1789066435|20260911025355|935.19
1789066445|20260911025405|935.16
1789066455|20260911025415|935.09
1789066460|20260911025420|935.15
1789066465|20260911025425|935.03
1789066480|20260911025440|934.96
1789066505|20260911025505|934.67
1789066510|20260911025510|934.62
1789066515|20260911025515|934.77
1789066520|20260911025520|934.88
1789066525|20260911025525|935.08
1789066535|20260911025535|935.07
1789066540|20260911025540|935.12
1789066550|20260911025550|935.07
1789066565|20260911025605|935.55
1789066570|20260911025610|935.69
1789066575|20260911025615|935.67
1789066580|20260911025620|935.60
1789066595|20260911025635|935.61
1789066600|20260911025640|935.54
1789066605|20260911025645|935.69
1789066615|20260911025655|935.85
1789066635|20260911025715|935.52
1789066640|20260911025720|935.37
1789066645|20260911025725|935.36
1789066655|20260911025735|935.32
1789066660|20260911025740|935.28
1789066665|20260911025745|935.19
1789066670|20260911025750|935.05
1789066675|20260911025755|935.10
1789066685|20260911025805|935.04
1789066690|20260911025810|935.01
1789066700|20260911025820|934.62
1789066705|20260911025825|934.62
1789066715|20260911025835|934.90
1789066720|20260911025840|934.82
1789066730|20260911025850|934.82
1789066735|20260911025855|934.83
1789066745|20260911025905|934.86
1789066750|20260911025910|935.09
1789066755|20260911025915|935.08
1789066760|20260911025920|935.10
1789066765|20260911025925|935.08
1789066780|20260911025940|935.06
1789066805|20260911030005|934.66
1789066810|20260911030010|934.55
1789066815|20260911030015|934.69
1789066820|20260911030020|934.66
1789066825|20260911030025|934.94
1789066835|20260911030035|934.81
1789066840|20260911030040|934.63
1789066845|20260911030045|934.20
1789066850|20260911030050|933.97
1789066855|20260911030055|933.65
1789066865|20260911030105|933.81
1789066870|20260911030110|933.82
1789066875|20260911030115|933.75
1789066880|20260911030120|933.65
1789066885|20260911030125|933.57
1789066900|20260911030140|932.95
1789066905|20260911030145|932.98
1789066910|20260911030150|932.74
1789066915|20260911030155|932.62
1789066925|20260911030205|932.54
1789066930|20260911030210|932.60
1789066935|20260911030215|932.43
1789066940|20260911030220|932.39
1789066945|20260911030225|932.36
1789066955|20260911030235|932.39
1789066960|20260911030240|932.17
1789066965|20260911030245|932.18
1789066970|20260911030250|931.54
1789066975|20260911030255|931.56
1789066985|20260911030305|931.56
1789066990|20260911030310|931.48
1789066995|20260911030315|931.51
1789067000|20260911030320|931.50
1789067005|20260911030325|931.43
1789067020|20260911030340|931.13
1789067025|20260911030345|931.08
1789067030|20260911030350|931.16
1789067035|20260911030355|931.00
1789067045|20260911030405|931.36
1789067050|20260911030410|931.31
1789067055|20260911030415|931.42
1789067060|20260911030420|931.49
1789067065|20260911030425|931.53
1789067100|20260911030500|931.50
1789067105|20260911030505|931.57
1789067110|20260911030510|931.56
1789067115|20260911030515|931.78
1789067120|20260911030520|931.82
1789067125|20260911030525|931.88
1789067135|20260911030535|931.83
1789067140|20260911030540|931.87
1789067145|20260911030545|931.69
1789067150|20260911030550|931.94
1789067155|20260911030555|931.95
1789067165|20260911030605|931.96
1789067170|20260911030610|931.83
1789067175|20260911030615|931.83
1789067180|20260911030620|931.85
1789067195|20260911030635|931.93
1789067200|20260911030640|932.01
1789067205|20260911030645|932.17
1789067210|20260911030650|932.26
1789067215|20260911030655|932.16
1789067235|20260911030715|931.99
1789067240|20260911030720|932.14
1789067245|20260911030725|932.33
1789067260|20260911030740|932.14
1789067265|20260911030745|932.14
1789067270|20260911030750|932.17
1789067275|20260911030755|932.02
1789067285|20260911030805|931.92
1789067290|20260911030810|931.78
1789067295|20260911030815|931.76
1789067300|20260911030820|931.93
1789067305|20260911030825|931.85
1789067315|20260911030835|931.94
1789067325|20260911030845|931.85
1789067330|20260911030850|931.86
1789067335|20260911030855|931.87
1789067345|20260911030905|931.84
1789067350|20260911030910|931.73
1789067355|20260911030915|932.77
1789067360|20260911030920|932.56
1789067365|20260911030925|932.59
1789067395|20260911030955|932.94
1789067405|20260911031005|933.21
1789067410|20260911031010|933.23
1789067415|20260911031015|933.13
1789067420|20260911031020|933.23
1789067440|20260911031040|933.14
1789067445|20260911031045|933.06
1789067450|20260911031050|932.86
1789067455|20260911031055|932.77
1789067465|20260911031105|932.50
1789067470|20260911031110|932.61
1789067475|20260911031115|932.69
1789067485|20260911031125|932.53
1789067495|20260911031135|932.49
1789067500|20260911031140|932.43
1789067505|20260911031145|932.30
1789067515|20260911031155|932.44
1789067530|20260911031210|932.46
1789067535|20260911031215|932.64
1789067540|20260911031220|932.83
1789067555|20260911031235|932.74
1789067560|20260911031240|932.65
1789067565|20260911031245|932.67
1789067570|20260911031250|932.64
1789067575|20260911031255|932.52
1789067590|20260911031310|932.61
1789067600|20260911031320|932.58
1789067605|20260911031325|932.51
1789067615|20260911031335|932.57
1789067620|20260911031340|932.60
1789067625|20260911031345|932.58
1789067630|20260911031350|932.53
1789067635|20260911031355|932.60
1789067645|20260911031405|932.42
1789067650|20260911031410|932.36
1789067655|20260911031415|932.61
1789067660|20260911031420|932.51
1789067665|20260911031425|932.43
1789067700|20260911031500|932.86
1789067705|20260911031505|932.90
1789067710|20260911031510|932.88
1789067715|20260911031515|932.94
1789067720|20260911031520|932.98
1789067725|20260911031525|932.84
1789067735|20260911031535|932.90
1789067740|20260911031540|932.97
1789067745|20260911031545|932.87
1789067755|20260911031555|932.87
1789067765|20260911031605|932.61
1789067770|20260911031610|932.64
1789067775|20260911031615|932.57
1789067780|20260911031620|932.51
1789067785|20260911031625|932.40
1789067795|20260911031635|932.39
1789067800|20260911031640|932.36
1789067815|20260911031655|932.22
1789067825|20260911031705|932.35
1789067830|20260911031710|932.53
1789067835|20260911031715|932.50
1789067840|20260911031720|932.59
1789067855|20260911031735|932.59
1789067860|20260911031740|932.53
1789067865|20260911031745|932.63
1789067885|20260911031805|932.40
1789067890|20260911031810|932.33
1789067895|20260911031815|932.37
1789067900|20260911031820|932.36
1789067905|20260911031825|932.42
1789067915|20260911031835|932.35
1789067920|20260911031840|932.36
1789067945|20260911031905|932.25
1789067950|20260911031910|932.30
1789067955|20260911031915|932.28
1789067960|20260911031920|932.37
1789067980|20260911031940|932.49
1789068000|20260911032000|932.49
1789068005|20260911032005|932.48
1789068010|20260911032010|932.63
1789068015|20260911032015|932.72
1789068020|20260911032020|932.78
1789068025|20260911032025|932.84
1789068030|20260911032030|932.88
1789068035|20260911032035|932.95
1789068040|20260911032040|932.96
1789068045|20260911032045|933.01
1789068050|20260911032050|932.97
1789068055|20260911032055|932.99
1789068060|20260911032100|932.89
1789068065|20260911032105|932.86
1789068075|20260911032115|932.89
1789068080|20260911032120|933.12
1789068100|20260911032140|932.96
1789068105|20260911032145|933.09
1789068110|20260911032150|933.07
1789068115|20260911032155|933.04
1789068120|20260911032200|933.05
1789068125|20260911032205|933.19
1789068130|20260911032210|933.18
1789068140|20260911032220|933.12
1789068145|20260911032225|933.12
1789068155|20260911032235|933.20
1789068160|20260911032240|933.24
1789068165|20260911032245|933.28
1789068170|20260911032250|933.28
1789068175|20260911032255|933.26
1789068180|20260911032300|933.19
1789068195|20260911032315|933.22
1789068200|20260911032320|933.31
1789068215|20260911032335|933.22
1789068220|20260911032340|933.17
1789068225|20260911032345|933.18
1789068230|20260911032350|933.18
1789068235|20260911032355|933.15
1789068250|20260911032410|933.26
1789068255|20260911032415|933.46
1789068260|20260911032420|933.37
1789068275|20260911032435|933.92
1789068280|20260911032440|934.04
1789068285|20260911032445|934.02
1789068290|20260911032450|934.03
1789068295|20260911032455|934.21
1789068300|20260911032500|934.30
1789068305|20260911032505|934.31
1789068310|20260911032510|934.49
1789068315|20260911032515|934.37
1789068320|20260911032520|934.50
1789068325|20260911032525|934.34
1789068335|20260911032535|934.39
1789068340|20260911032540|934.32
1789068345|20260911032545|934.33
1789068350|20260911032550|934.29
1789068355|20260911032555|934.25
1789068360|20260911032600|934.21
1789068365|20260911032605|934.37
1789068370|20260911032610|934.38
1789068375|20260911032615|934.28
1789068380|20260911032620|934.40
1789068385|20260911032625|934.30
1789068395|20260911032635|934.32
1789068400|20260911032640|934.31
1789068405|20260911032645|934.32
1789068410|20260911032650|934.46
1789068420|20260911032700|934.42
1789068425|20260911032705|934.41
1789068430|20260911032710|934.44
1789068435|20260911032715|934.36
1789068440|20260911032720|934.43
1789068445|20260911032725|934.51
1789068455|20260911032735|934.44
1789068460|20260911032740|934.25
1789068470|20260911032750|934.44
1789068480|20260911032800|934.60
1789068485|20260911032805|934.30
1789068495|20260911032815|934.26
1789068500|20260911032820|934.23
1789068515|20260911032835|934.13
1789068520|20260911032840|934.02
1789068525|20260911032845|934.15
1789068530|20260911032850|934.12
1789068535|20260911032855|934.10
1789068540|20260911032900|934.10
1789068545|20260911032905|934.06
1789068550|20260911032910|934.12
1789068555|20260911032915|934.04
1789068560|20260911032920|933.91
1789068565|20260911032925|933.87
1789068605|20260911033005|933.95
1789068615|20260911033015|933.90
1789068620|20260911033020|933.93
1789068625|20260911033025|933.77
1789068640|20260911033040|933.90
1789068645|20260911033045|933.82
1789068655|20260911033055|933.56
1789068660|20260911033100|933.46
1789068665|20260911033105|933.76
1789068670|20260911033110|933.75
1789068685|20260911033125|933.81
1789068700|20260911033140|934.17
1789068710|20260911033150|934.15
1789068715|20260911033155|934.26
1789068735|20260911033215|934.04
1789068740|20260911033220|934.10
1789068745|20260911033225|934.12
1789068755|20260911033235|934.01
1789068760|20260911033240|933.92
1789068765|20260911033245|933.86
1789068770|20260911033250|933.92
1789068780|20260911033300|933.81
1789068785|20260911033305|933.89
1789068790|20260911033310|933.81
1789068795|20260911033315|933.85
1789068815|20260911033335|933.47
1789068820|20260911033340|933.61
1789068825|20260911033345|933.60
1789068830|20260911033350|933.49
1789068835|20260911033355|933.50
1789068840|20260911033400|933.61
1789068845|20260911033405|933.72
1789068855|20260911033415|933.43
1789068860|20260911033420|933.43
1789068865|20260911033425|933.39
1789068900|20260911033500|933.81
1789068905|20260911033505|933.69
1789068910|20260911033510|933.67
1789068915|20260911033515|933.66
1789068920|20260911033520|933.67
1789068935|20260911033535|933.82
1789068940|20260911033540|933.80
1789068945|20260911033545|933.76
1789068950|20260911033550|933.77
1789068955|20260911033555|933.68
1789068960|20260911033600|933.74
1789068965|20260911033605|933.73
1789068980|20260911033620|933.75
1789068985|20260911033625|933.72
1789068995|20260911033635|933.78
1789069000|20260911033640|933.55
1789069005|20260911033645|933.64
1789069010|20260911033650|933.88
1789069015|20260911033655|933.88
1789069020|20260911033700|934.02
1789069025|20260911033705|933.96
1789069030|20260911033710|933.91
1789069045|20260911033725|933.89
1789069060|20260911033740|933.50
1789069065|20260911033745|933.34
1789069070|20260911033750|933.45
1789069075|20260911033755|933.45
1789069090|20260911033810|933.46
1789069095|20260911033815|933.21
1789069100|20260911033820|933.23
1789069105|20260911033825|933.35
1789069115|20260911033835|933.28
1789069120|20260911033840|933.31
1789069125|20260911033845|933.26
1789069130|20260911033850|933.45
1789069135|20260911033855|933.53
1789069150|20260911033910|933.64
1789069160|20260911033920|933.69
1789069165|20260911033925|933.69
1789069205|20260911034005|933.84
1789069210|20260911034010|933.83
1789069215|20260911034015|933.79
1789069220|20260911034020|933.89
1789069225|20260911034025|933.85
1789069235|20260911034035|933.96
1789069240|20260911034040|933.95
1789069245|20260911034045|933.88
1789069250|20260911034050|933.89
1789069255|20260911034055|933.87
1789069265|20260911034105|933.84
1789069270|20260911034110|933.79
1789069275|20260911034115|933.89
1789069280|20260911034120|933.80
1789069285|20260911034125|933.83
1789069295|20260911034135|933.94
1789069300|20260911034140|933.92
1789069305|20260911034145|933.94
1789069310|20260911034150|933.81
1789069315|20260911034155|933.82
1789069320|20260911034200|933.69
1789069325|20260911034205|933.79
1789069330|20260911034210|933.83
1789069335|20260911034215|933.80
1789069340|20260911034220|933.84
1789069345|20260911034225|933.82
1789069355|20260911034235|933.65
1789069365|20260911034245|933.49
1789069370|20260911034250|933.59
1789069375|20260911034255|933.41
1789069385|20260911034305|933.39
1789069390|20260911034310|933.36
1789069400|20260911034320|933.33
1789069425|20260911034345|933.11
1789069430|20260911034350|933.16
1789069435|20260911034355|933.18
1789069440|20260911034400|933.22
1789069445|20260911034405|933.24
1789069450|20260911034410|933.28
1789069465|20260911034425|933.12
1789069500|20260911034500|933.22
1789069505|20260911034505|933.38
1789069510|20260911034510|933.39
1789069515|20260911034515|933.32
1789069525|20260911034525|933.34
1789069540|20260911034540|933.34
1789069545|20260911034545|933.36
1789069550|20260911034550|933.34
1789069555|20260911034555|933.31
1789069565|20260911034605|933.38
1789069570|20260911034610|933.41
1789069575|20260911034615|933.34
1789069580|20260911034620|933.33
1789069585|20260911034625|933.25
1789069595|20260911034635|933.23
1789069605|20260911034645|933.06
1789069610|20260911034650|932.99
1789069615|20260911034655|932.98
1789069625|20260911034705|932.94
1789069635|20260911034715|933.01
1789069640|20260911034720|933.20
1789069645|20260911034725|933.12
1789069655|20260911034735|933.19
1789069660|20260911034740|933.20
1789069665|20260911034745|933.04
1789069670|20260911034750|933.05
1789069675|20260911034755|933.09
1789069685|20260911034805|933.14
1789069690|20260911034810|933.12
1789069695|20260911034815|933.12
1789069700|20260911034820|933.09
1789069715|20260911034835|933.04
1789069720|20260911034840|932.98
1789069725|20260911034845|932.96
1789069730|20260911034850|932.90
1789069735|20260911034855|932.81
1789069740|20260911034900|932.68
1789069745|20260911034905|932.49
1789069755|20260911034915|932.67
1789069760|20260911034920|932.82
1789069765|20260911034925|932.83
1789069780|20260911034940|932.85
1789069785|20260911034945|932.85
1789069790|20260911034950|933.02
1789069800|20260911035000|932.97
1789069810|20260911035010|932.84
1789069815|20260911035015|932.83
1789069820|20260911035020|932.69
1789069825|20260911035025|932.69
1789069835|20260911035035|932.65
1789069840|20260911035040|932.66
1789069845|20260911035045|932.64
1789069850|20260911035050|932.53
1789069855|20260911035055|932.56
1789069860|20260911035100|932.60
1789069865|20260911035105|932.53
1789069875|20260911035115|932.40
1789069880|20260911035120|932.45
1789069885|20260911035125|932.50
1789069895|20260911035135|932.47
1789069900|20260911035140|932.55
1789069905|20260911035145|932.53
1789069915|20260911035155|932.47
1789069920|20260911035200|932.54
1789069925|20260911035205|932.60
1789069930|20260911035210|932.63
1789069935|20260911035215|932.63
1789069940|20260911035220|932.65
1789069945|20260911035225|932.79
1789069955|20260911035235|932.79
1789069960|20260911035240|932.68
1789069965|20260911035245|932.72
1789069970|20260911035250|932.61
1789069975|20260911035255|932.47
1789069980|20260911035300|932.47
1789069985|20260911035305|932.56
1789069990|20260911035310|932.81
1789069995|20260911035315|932.79
1789070000|20260911035320|932.85
1789070005|20260911035325|932.84
1789070015|20260911035335|933.07
1789070020|20260911035340|933.19
1789070030|20260911035350|933.13
1789070035|20260911035355|933.15
1789070045|20260911035405|933.26
1789070050|20260911035410|933.33
1789070055|20260911035415|933.24
1789070060|20260911035420|933.22
1789070065|20260911035425|933.21
1789070100|20260911035500|933.14
1789070105|20260911035505|932.90
1789070110|20260911035510|932.88
1789070115|20260911035515|933.03
1789070120|20260911035520|932.94
1789070125|20260911035525|933.03
1789070140|20260911035540|933.11
1789070145|20260911035545|933.16
1789070150|20260911035550|933.15
1789070155|20260911035555|933.10
1789070160|20260911035600|933.06
1789070165|20260911035605|933.20
1789070170|20260911035610|933.09
1789070175|20260911035615|933.12
1789070180|20260911035620|933.12
1789070185|20260911035625|933.14
1789070195|20260911035635|933.06
1789070205|20260911035645|933.13
1789070210|20260911035650|933.14
1789070215|20260911035655|933.21
1789070225|20260911035705|933.23
1789070230|20260911035710|933.20
1789070235|20260911035715|933.16
1789070240|20260911035720|933.19
1789070245|20260911035725|933.09
1789070255|20260911035735|933.10
1789070260|20260911035740|933.10
1789070265|20260911035745|933.09
1789070270|20260911035750|933.01
1789070285|20260911035805|932.91
1789070290|20260911035810|932.84
1789070295|20260911035815|932.95
1789070300|20260911035820|932.96
1789070305|20260911035825|933.05
1789070315|20260911035835|933.11
1789070320|20260911035840|933.00
1789070325|20260911035845|932.83
1789070330|20260911035850|932.88
1789070335|20260911035855|933.12
1789070345|20260911035905|933.17
1789070350|20260911035910|933.15
1789070355|20260911035915|933.16
1789070360|20260911035920|933.23
1789070365|20260911035925|933.17
1789070400|20260911040000|933.25
1789070405|20260911040005|933.19
1789070410|20260911040010|933.15
1789070415|20260911040015|933.09
1789070420|20260911040020|933.10
1789070425|20260911040025|933.15
1789070435|20260911040035|933.01
1789070440|20260911040040|932.88
1789070445|20260911040045|932.91
1789070465|20260911040105|932.92
1789070470|20260911040110|932.97
1789070475|20260911040115|932.90
1789070485|20260911040125|932.88
1789070495|20260911040135|932.82
1789070500|20260911040140|932.82
1789070505|20260911040145|932.84
1789070510|20260911040150|932.84
1789070515|20260911040155|932.67
1789070520|20260911040200|932.69
1789070525|20260911040205|932.73
1789070530|20260911040210|932.68
1789070535|20260911040215|932.75
1789070540|20260911040220|932.78
1789070545|20260911040225|932.67
1789070555|20260911040235|932.96
1789070560|20260911040240|932.96
1789070565|20260911040245|932.88
1789070570|20260911040250|932.83
1789070575|20260911040255|932.76
1789070585|20260911040305|932.67
1789070590|20260911040310|932.66
1789070595|20260911040315|932.71
1789070600|20260911040320|932.76
1789070605|20260911040325|932.77
1789070615|20260911040335|932.78
1789070620|20260911040340|932.77
1789070625|20260911040345|932.72
1789070630|20260911040350|932.72
1789070635|20260911040355|932.74
1789070640|20260911040400|932.83
1789070645|20260911040405|932.83
1789070650|20260911040410|932.62
1789070655|20260911040415|932.52
1789070660|20260911040420|932.48
1789070665|20260911040425|932.37
1789070700|20260911040500|932.57
1789070710|20260911040510|932.36
1789070715|20260911040515|932.43
1789070720|20260911040520|932.45
1789070750|20260911040550|932.73
1789070755|20260911040555|932.71
1789070760|20260911040600|932.71
1789070765|20260911040605|932.77
1789070780|20260911040620|932.77
1789070785|20260911040625|932.70
1789070795|20260911040635|932.70
1789070800|20260911040640|932.70
1789070805|20260911040645|932.73
1789070810|20260911040650|932.75
1789070815|20260911040655|932.72
1789070825|20260911040705|932.75
1789070830|20260911040710|932.79
1789070835|20260911040715|932.79
1789070840|20260911040720|932.78
1789070845|20260911040725|932.75
1789070860|20260911040740|932.73
1789070865|20260911040745|932.73
1789070870|20260911040750|932.73
1789070875|20260911040755|932.73
1789070885|20260911040805|932.74
1789070890|20260911040810|932.83
1789070895|20260911040815|932.83
1789070900|20260911040820|932.79
1789070915|20260911040835|932.82
1789070920|20260911040840|932.78
1789070925|20260911040845|932.80
1789070930|20260911040850|932.80
1789070935|20260911040855|932.78
1789070945|20260911040905|932.86
1789070950|20260911040910|932.90
1789070965|20260911040925|933.02
1789071000|20260911041000|932.91
1789071005|20260911041005|933.00
1789071010|20260911041010|932.97
1789071025|20260911041025|932.95
1789071040|20260911041040|932.94
1789071045|20260911041045|932.96
1789071050|20260911041050|932.92
1789071055|20260911041055|932.90
1789071065|20260911041105|933.18
1789071070|20260911041110|933.16
1789071075|20260911041115|933.06
1789071080|20260911041120|933.12
1789071085|20260911041125|933.14
1789071095|20260911041135|933.10
1789071100|20260911041140|933.07
1789071105|20260911041145|933.01
1789071110|20260911041150|932.97
1789071125|20260911041205|932.91
1789071130|20260911041210|932.90
1789071135|20260911041215|932.91
1789071145|20260911041225|932.83
1789071165|20260911041245|932.85
1789071170|20260911041250|932.80
1789071175|20260911041255|932.85
1789071180|20260911041300|932.84
1789071185|20260911041305|932.89
1789071195|20260911041315|932.85
1789071200|20260911041320|932.85
1789071205|20260911041325|932.85
1789071215|20260911041335|932.80
1789071220|20260911041340|932.79
1789071225|20260911041345|932.82
1789071235|20260911041355|932.85
1789071240|20260911041400|932.94
1789071245|20260911041405|932.94
1789071250|20260911041410|932.92
1789071255|20260911041415|932.92
1789071265|20260911041425|932.94
1789071300|20260911041500|932.95
1789071305|20260911041505|932.95
1789071310|20260911041510|932.90
1789071315|20260911041515|932.90
1789071320|20260911041520|932.78
1789071325|20260911041525|932.77
1789071335|20260911041535|932.72
1789071340|20260911041540|932.75
1789071345|20260911041545|932.82
1789071350|20260911041550|932.80
1789071355|20260911041555|932.82
1789071360|20260911041600|932.86
1789071365|20260911041605|932.88
1789071375|20260911041615|932.80
1789071380|20260911041620|932.81
1789071385|20260911041625|932.81
1789071395|20260911041635|932.78
1789071400|20260911041640|932.84
1789071410|20260911041650|932.89
1789071415|20260911041655|932.90
1789071425|20260911041705|932.88
1789071430|20260911041710|932.88
1789071435|20260911041715|932.86
1789071440|20260911041720|932.89
1789071445|20260911041725|932.86
1789071455|20260911041735|932.83
1789071460|20260911041740|932.86
1789071465|20260911041745|932.86
1789071475|20260911041755|932.83
1789071485|20260911041805|932.83
1789071490|20260911041810|932.84
1789071495|20260911041815|932.91
1789071500|20260911041820|932.86
1789071505|20260911041825|932.84
1789071520|20260911041840|932.82
1789071525|20260911041845|932.82
1789071530|20260911041850|932.81
1789071535|20260911041855|932.86
1789071550|20260911041910|932.85
1789071555|20260911041915|932.83
1789071560|20260911041920|932.83
1789071565|20260911041925|932.83
1789071605|20260911042005|932.67
1789071610|20260911042010|932.66
1789071615|20260911042015|932.61
1789071640|20260911042040|932.34
1789071645|20260911042045|932.30
1789071650|20260911042050|932.24
1789071655|20260911042055|932.08
1789071660|20260911042100|932.13
1789071670|20260911042110|931.98
1789071675|20260911042115|931.99
1789071695|20260911042135|931.83
1789071700|20260911042140|931.71
1789071705|20260911042145|931.73
1789071710|20260911042150|931.82
1789071720|20260911042200|931.85
1789071725|20260911042205|931.93
1789071730|20260911042210|931.88
1789071735|20260911042215|931.92
1789071740|20260911042220|931.91
1789071745|20260911042225|931.91
1789071755|20260911042235|931.81
1789071760|20260911042240|931.81
1789071765|20260911042245|931.78
1789071775|20260911042255|931.81
1789071785|20260911042305|931.73
1789071790|20260911042310|931.70
1789071795|20260911042315|931.70
1789071800|20260911042320|931.59
1789071815|20260911042335|931.68
1789071820|20260911042340|931.65
1789071825|20260911042345|931.70
1789071830|20260911042350|931.63
1789071850|20260911042410|931.73
1789071855|20260911042415|931.67
1789071860|20260911042420|931.67
1789071865|20260911042425|931.68
1789071900|20260911042500|931.59
1789071905|20260911042505|931.60
1789071910|20260911042510|931.63
1789071915|20260911042515|931.66
1789071920|20260911042520|931.81
1789071925|20260911042525|931.78
1789071935|20260911042535|931.62
1789071940|20260911042540|931.82
1789071945|20260911042545|931.80
1789071950|20260911042550|931.80
1789071960|20260911042600|931.77
1789071970|20260911042610|931.76
1789071980|20260911042620|931.77
1789071985|20260911042625|931.79
1789071995|20260911042635|931.91
1789072000|20260911042640|931.90
1789072005|20260911042645|931.86
1789072015|20260911042655|931.94
1789072025|20260911042705|932.01
1789072030|20260911042710|931.96
1789072035|20260911042715|932.00
1789072040|20260911042720|932.02
1789072045|20260911042725|932.01
1789072055|20260911042735|932.01
1789072060|20260911042740|931.97
1789072065|20260911042745|931.98
1789072070|20260911042750|931.89
1789072075|20260911042755|931.94
1789072085|20260911042805|932.07
1789072100|20260911042820|932.08
1789072105|20260911042825|932.01
1789072115|20260911042835|932.06
1789072125|20260911042845|931.98
1789072140|20260911042900|932.07
1789072145|20260911042905|932.03
1789072150|20260911042910|932.07
1789072155|20260911042915|932.07
1789072160|20260911042920|932.00
1789072165|20260911042925|932.00
1789072200|20260911043000|931.95
1789072220|20260911043020|931.78
1789072225|20260911043025|931.84
1789072235|20260911043035|931.95
1789072240|20260911043040|931.96
1789072245|20260911043045|931.91
1789072250|20260911043050|931.92
1789072260|20260911043100|931.94
1789072265|20260911043105|931.94
1789072275|20260911043115|931.92
1789072280|20260911043120|931.92
1789072285|20260911043125|931.86
1789072295|20260911043135|931.72
1789072300|20260911043140|931.78
1789072310|20260911043150|931.69
1789072315|20260911043155|931.61
1789072325|20260911043205|931.66
1789072330|20260911043210|931.56
1789072335|20260911043215|931.58
1789072340|20260911043220|931.63
1789072345|20260911043225|931.57
1789072355|20260911043235|931.84
1789072360|20260911043240|931.83
1789072365|20260911043245|931.91
1789072370|20260911043250|931.78
1789072375|20260911043255|931.81
1789072380|20260911043300|931.78
1789072400|20260911043320|931.67
1789072405|20260911043325|931.67
1789072415|20260911043335|931.64
1789072430|20260911043350|931.65
1789072440|20260911043400|931.68
1789072445|20260911043405|931.81
1789072450|20260911043410|931.75
1789072455|20260911043415|931.70
1789072460|20260911043420|931.71
1789072465|20260911043425|931.76
1789072505|20260911043505|931.65
1789072510|20260911043510|931.59
1789072515|20260911043515|931.59
1789072520|20260911043520|931.62
1789072525|20260911043525|931.66
1789072535|20260911043535|931.67
1789072545|20260911043545|931.69
1789072550|20260911043550|931.71
1789072555|20260911043555|931.53
1789072565|20260911043605|931.60
1789072570|20260911043610|931.38
1789072575|20260911043615|931.50
1789072580|20260911043620|931.50
1789072585|20260911043625|931.47
1789072595|20260911043635|931.54
1789072600|20260911043640|931.54
1789072605|20260911043645|931.57
1789072610|20260911043650|931.50
1789072615|20260911043655|931.47
1789072620|20260911043700|931.54
1789072625|20260911043705|931.69
1789072630|20260911043710|931.75
1789072635|20260911043715|931.84
1789072640|20260911043720|931.89
1789072645|20260911043725|931.90
1789072655|20260911043735|931.90
1789072660|20260911043740|931.81
1789072665|20260911043745|931.81
1789072670|20260911043750|931.70
1789072675|20260911043755|931.67
1789072680|20260911043800|931.62
1789072685|20260911043805|931.70
1789072690|20260911043810|931.78
1789072695|20260911043815|931.75
1789072700|20260911043820|931.80
1789072705|20260911043825|931.80
1789072715|20260911043835|931.82
1789072720|20260911043840|931.84
1789072725|20260911043845|931.79
1789072735|20260911043855|931.80
1789072750|20260911043910|931.85
1789072755|20260911043915|931.90
1789072760|20260911043920|931.69
1789072765|20260911043925|931.74
1789072805|20260911044005|931.64
1789072810|20260911044010|931.66
1789072815|20260911044015|931.66
1789072820|20260911044020|931.64
1789072825|20260911044025|931.61
1789072835|20260911044035|931.52
1789072840|20260911044040|931.55
1789072845|20260911044045|931.56
1789072850|20260911044050|931.46
1789072865|20260911044105|931.67
1789072870|20260911044110|931.64
1789072875|20260911044115|931.64
1789072880|20260911044120|931.65
1789072885|20260911044125|931.65
1789072895|20260911044135|931.70
1789072900|20260911044140|931.63
1789072905|20260911044145|931.66
1789072915|20260911044155|931.66
1789072925|20260911044205|931.74
1789072940|20260911044220|931.65
1789072945|20260911044225|931.55
1789072955|20260911044235|931.53
1789072960|20260911044240|931.56
1789072965|20260911044245|931.60
1789072970|20260911044250|931.66
1789072975|20260911044255|931.68
1789072985|20260911044305|931.63
1789072990|20260911044310|931.55
1789072995|20260911044315|931.58
1789073000|20260911044320|931.60
1789073005|20260911044325|931.66
1789073020|20260911044340|931.87
1789073025|20260911044345|931.87
1789073030|20260911044350|931.90
1789073035|20260911044355|931.85
1789073050|20260911044410|931.77
1789073055|20260911044415|931.77
1789073060|20260911044420|931.77
1789073065|20260911044425|931.80
1789073100|20260911044500|931.89
1789073110|20260911044510|931.92
1789073120|20260911044520|931.82
1789073125|20260911044525|931.94
1789073140|20260911044540|931.97
1789073145|20260911044545|931.94
1789073155|20260911044555|931.88
1789073165|20260911044605|931.97
1789073170|20260911044610|931.95
1789073175|20260911044615|931.90
1789073180|20260911044620|931.84
1789073185|20260911044625|931.84
1789073200|20260911044640|931.92
1789073215|20260911044655|931.94
1789073225|20260911044705|932.01
1789073230|20260911044710|931.93
1789073235|20260911044715|931.97
1789073240|20260911044720|931.97
1789073260|20260911044740|931.88
1789073265|20260911044745|931.91
1789073270|20260911044750|931.91
1789073275|20260911044755|931.90
1789073285|20260911044805|931.92
1789073290|20260911044810|931.92
1789073295|20260911044815|931.84
1789073300|20260911044820|931.76
1789073305|20260911044825|931.77
1789073320|20260911044840|931.84
1789073325|20260911044845|931.87
1789073335|20260911044855|931.80
1789073350|20260911044910|931.70
1789073355|20260911044915|931.70
1789073360|20260911044920|931.70
1789073365|20260911044925|931.61
1789073400|20260911045000|931.27
1789073405|20260911045005|931.49
1789073410|20260911045010|931.45
1789073415|20260911045015|931.51
1789073420|20260911045020|931.40
1789073425|20260911045025|931.34
1789073435|20260911045035|931.39
1789073440|20260911045040|931.31
1789073445|20260911045045|931.35
1789073450|20260911045050|931.23
1789073455|20260911045055|931.17
1789073465|20260911045105|931.13
1789073470|20260911045110|931.13
1789073475|20260911045115|931.18
1789073480|20260911045120|931.23
1789073485|20260911045125|931.21
1789073500|20260911045140|931.23
1789073505|20260911045145|931.44
1789073510|20260911045150|931.44
1789073515|20260911045155|931.44
1789073520|20260911045200|931.46
1789073525|20260911045205|931.41
1789073535|20260911045215|931.38
1789073540|20260911045220|931.48
1789073555|20260911045235|931.50
1789073560|20260911045240|931.53
1789073565|20260911045245|931.52
1789073575|20260911045255|931.54
1789073580|20260911045300|931.62
1789073585|20260911045305|931.60
1789073590|20260911045310|931.54
1789073595|20260911045315|931.54
1789073600|20260911045320|931.50
1789073605|20260911045325|931.57
1789073615|20260911045335|931.56
1789073620|20260911045340|931.56
1789073630|20260911045350|931.55
1789073640|20260911045400|931.58
1789073650|20260911045410|931.74
1789073655|20260911045415|931.74
1789073660|20260911045420|931.71
1789073665|20260911045425|931.75
1789073680|20260911045440|931.79
1789073700|20260911045500|931.66
1789073705|20260911045505|931.68
1789073710|20260911045510|931.79
1789073715|20260911045515|931.82
1789073720|20260911045520|931.82
1789073725|20260911045525|931.83
1789073735|20260911045535|932.07
1789073740|20260911045540|932.07
1789073745|20260911045545|931.98
1789073750|20260911045550|932.01
1789073755|20260911045555|932.02
1789073765|20260911045605|931.98
1789073775|20260911045615|932.04
1789073780|20260911045620|931.92
1789073800|20260911045640|931.68
1789073805|20260911045645|931.63
1789073810|20260911045650|931.66
1789073815|20260911045655|931.72
1789073825|20260911045705|931.73
1789073830|20260911045710|931.74
1789073835|20260911045715|931.64
1789073845|20260911045725|931.54
1789073855|20260911045735|931.62
1789073860|20260911045740|931.59
1789073865|20260911045745|931.66
1789073870|20260911045750|931.63
1789073875|20260911045755|931.56
1789073880|20260911045800|931.59
1789073885|20260911045805|931.59
1789073890|20260911045810|931.57
1789073895|20260911045815|931.59
1789073905|20260911045825|931.57
1789073915|20260911045835|931.62
1789073920|20260911045840|931.63
1789073925|20260911045845|931.60
1789073930|20260911045850|931.56
1789073935|20260911045855|931.63
1789073945|20260911045905|931.62
1789073950|20260911045910|931.63
1789073955|20260911045915|931.71
1789073958|20260911045918|931.78
