1790956943|20261003000223|890.16
1790957014|20261003000334|891.30
1790957123|20261003000523|890.49
1790957391|20261003000951|892.17
1790957575|20261003001255|891.52
1790957627|20261003001347|892.44
1790957706|20261003001506|891.75
1790957919|20261003001839|892.94
1790958109|20261003002149|893.37
1790958297|20261003002457|892.11
1790958331|20261003002531|892.59
1790958364|20261003002604|891.71
1790958601|20261003003001|892.19
1790958881|20261003003441|893.03
1790959021|20261003003701|893.36
1790959132|20261003003852|892.54
1790959201|20261003004001|893.13
1790959446|20261003004406|891.87
1790959500|20261003004500|892.05
1790959583|20261003004623|892.99
1790959817|20261003005017|892.40
1790959867|20261003005107|892.98
1790960302|20261003005822|893.14
1790960378|20261003005938|892.52
1790960440|20261003010040|892.85
1790960569|20261003010249|893.84
1790960730|20261003010530|893.67
1790960978|20261003010938|892.60
1790961014|20261003011014|892.95
1790961287|20261003011447|891.91
1790961368|20261003011608|892.07
1790961580|20261003011940|892.89
1790961608|20261003012008|892.90
1790961887|20261003012447|891.57
1790961972|20261003012612|892.11
1790962028|20261003012708|891.03
1790962204|20261003013004|891.52
1790962471|20261003013431|893.11
1790962515|20261003013515|893.04
1790962754|20261003013914|892.36
1790962851|20261003014051|892.31
1790963094|20261003014454|892.75
1790963102|20261003014502|892.88
1790963212|20261003014652|892.24
1790963443|20261003015043|892.35
1790963560|20261003015240|893.15
1790963704|20261003015504|893.17
1790963915|20261003015835|891.63
1790964008|20261003020008|892.90
1790964189|20261003020309|892.12
1790964385|20261003020625|892.59
1790964426|20261003020706|892.95
1790964709|20261003021149|892.56
1790964865|20261003021425|893.38
1790964901|20261003021501|893.16
1790965099|20261003021819|892.29
1790965240|20261003022040|892.83
1790965426|20261003022346|892.44
1790965505|20261003022505|892.50
1790965722|20261003022842|893.29
