1788883205|20260909000005|948.08
1788883210|20260909000010|948.10
1788883215|20260909000015|948.13
1788883225|20260909000025|947.99
1788883235|20260909000035|947.97
1788883240|20260909000040|948.08
1788883245|20260909000045|948.16
1788883250|20260909000050|948.01
1788883255|20260909000055|947.89
1788883265|20260909000105|947.88
1788883270|20260909000110|947.90
1788883280|20260909000120|947.70
1788883285|20260909000125|947.64
1788883295|20260909000135|947.77
1788883300|20260909000140|947.86
1788883305|20260909000145|947.88
1788883325|20260909000205|947.59
1788883330|20260909000210|947.47
1788883335|20260909000215|947.43
1788883340|20260909000220|947.45
1788883345|20260909000225|947.50
1788883355|20260909000235|947.58
1788883360|20260909000240|947.57
1788883365|20260909000245|947.53
1788883370|20260909000250|947.60
1788883375|20260909000255|947.72
1788883385|20260909000305|947.63
1788883390|20260909000310|947.57
1788883395|20260909000315|947.56
1788883400|20260909000320|947.73
1788883415|20260909000335|947.73
1788883420|20260909000340|947.77
1788883425|20260909000345|947.63
1788883430|20260909000350|947.54
1788883435|20260909000355|947.51
1788883445|20260909000405|947.45
1788883450|20260909000410|947.50
1788883455|20260909000415|947.61
1788883460|20260909000420|947.65
1788883465|20260909000425|947.65
1788883505|20260909000505|948.03
1788883510|20260909000510|947.95
1788883520|20260909000520|947.93
1788883525|20260909000525|948.00
1788883540|20260909000540|947.98
1788883545|20260909000545|947.95
1788883550|20260909000550|948.01
1788883555|20260909000555|948.03
1788883570|20260909000610|948.07
1788883575|20260909000615|947.90
1788883585|20260909000625|947.89
1788883600|20260909000640|947.88
1788883605|20260909000645|947.95
1788883610|20260909000650|947.91
1788883625|20260909000705|947.83
1788883630|20260909000710|947.88
1788883635|20260909000715|947.71
1788883640|20260909000720|947.69
1788883645|20260909000725|947.68
1788883655|20260909000735|947.48
1788883660|20260909000740|947.51
1788883665|20260909000745|947.48
1788883670|20260909000750|947.51
1788883675|20260909000755|947.40
1788883685|20260909000805|947.49
1788883690|20260909000810|947.41
1788883695|20260909000815|947.47
1788883700|20260909000820|947.56
1788883705|20260909000825|947.51
1788883715|20260909000835|947.53
1788883720|20260909000840|947.56
1788883725|20260909000845|947.33
1788883730|20260909000850|947.18
1788883735|20260909000855|947.07
1788883745|20260909000905|946.86
1788883750|20260909000910|946.92
1788883755|20260909000915|946.75
1788883760|20260909000920|946.75
1788883765|20260909000925|946.75
1788883805|20260909001005|945.67
1788883815|20260909001015|945.98
1788883820|20260909001020|945.94
1788883825|20260909001025|946.11
1788883835|20260909001035|945.53
1788883840|20260909001040|945.74
1788883845|20260909001045|946.14
1788883850|20260909001050|946.02
1788883860|20260909001100|945.72
1788883865|20260909001105|945.73
1788883870|20260909001110|945.27
1788883875|20260909001115|945.29
1788883880|20260909001120|945.42
1788883885|20260909001125|945.57
1788883905|20260909001145|945.74
1788883910|20260909001150|945.89
1788883915|20260909001155|945.59
1788883920|20260909001200|945.57
1788883925|20260909001205|945.59
1788883930|20260909001210|945.59
1788883935|20260909001215|945.53
1788883940|20260909001220|945.52
1788883945|20260909001225|945.78
1788883955|20260909001235|945.47
1788883960|20260909001240|945.45
1788883965|20260909001245|945.58
1788883970|20260909001250|945.55
1788883980|20260909001300|945.27
1788883985|20260909001305|945.28
1788883990|20260909001310|945.49
1788883995|20260909001315|945.51
1788884000|20260909001320|945.48
1788884005|20260909001325|945.49
1788884015|20260909001335|945.56
1788884020|20260909001340|945.46
1788884025|20260909001345|945.70
1788884030|20260909001350|945.75
1788884035|20260909001355|945.92
1788884050|20260909001410|946.25
1788884055|20260909001415|946.26
1788884060|20260909001420|946.19
1788884065|20260909001425|946.16
1788884100|20260909001500|946.32
1788884110|20260909001510|945.95
1788884115|20260909001515|946.19
1788884120|20260909001520|946.26
1788884140|20260909001540|946.37
1788884155|20260909001555|946.26
1788884175|20260909001615|946.28
1788884180|20260909001620|946.08
1788884195|20260909001635|946.12
1788884200|20260909001640|946.08
1788884205|20260909001645|946.17
1788884210|20260909001650|946.20
1788884215|20260909001655|946.33
1788884230|20260909001710|946.35
1788884240|20260909001720|946.31
1788884245|20260909001725|946.29
1788884255|20260909001735|946.38
1788884260|20260909001740|946.41
1788884265|20260909001745|946.26
1788884270|20260909001750|946.33
1788884275|20260909001755|946.13
1788884285|20260909001805|946.14
1788884290|20260909001810|946.14
1788884295|20260909001815|945.98
1788884300|20260909001820|946.12
1788884305|20260909001825|946.12
1788884315|20260909001835|946.06
1788884320|20260909001840|946.26
1788884325|20260909001845|946.17
1788884330|20260909001850|946.15
1788884335|20260909001855|946.12
1788884345|20260909001905|946.04
1788884355|20260909001915|945.89
1788884360|20260909001920|945.95
1788884365|20260909001925|945.88
1788884400|20260909002000|946.11
1788884405|20260909002005|946.11
1788884410|20260909002010|946.19
1788884415|20260909002015|946.36
1788884420|20260909002020|946.47
1788884440|20260909002040|946.68
1788884445|20260909002045|946.60
1788884450|20260909002050|946.65
1788884455|20260909002055|946.65
1788884465|20260909002105|946.80
1788884475|20260909002115|946.56
1788884480|20260909002120|946.48
1788884495|20260909002135|946.61
1788884500|20260909002140|946.75
1788884505|20260909002145|946.78
1788884510|20260909002150|946.76
1788884515|20260909002155|946.83
1788884530|20260909002210|946.99
1788884535|20260909002215|946.99
1788884540|20260909002220|947.21
1788884545|20260909002225|947.27
1788884555|20260909002235|947.43
1788884560|20260909002240|947.43
1788884565|20260909002245|947.46
1788884570|20260909002250|947.48
1788884575|20260909002255|947.51
1788884590|20260909002310|947.57
1788884600|20260909002320|947.57
1788884605|20260909002325|947.46
1788884615|20260909002335|947.48
1788884620|20260909002340|947.47
1788884625|20260909002345|947.49
1788884630|20260909002350|947.45
1788884635|20260909002355|947.46
1788884645|20260909002405|947.46
1788884650|20260909002410|947.41
1788884665|20260909002425|947.56
1788884705|20260909002505|947.65
1788884710|20260909002510|947.55
1788884715|20260909002515|947.49
1788884720|20260909002520|947.49
1788884725|20260909002525|947.53
1788884735|20260909002535|947.57
1788884740|20260909002540|947.37
1788884745|20260909002545|947.31
1788884750|20260909002550|947.89
1788884755|20260909002555|947.77
1788884765|20260909002605|947.81
1788884770|20260909002610|947.86
1788884775|20260909002615|947.90
1788884785|20260909002625|947.79
1788884795|20260909002635|947.58
1788884800|20260909002640|947.60
1788884805|20260909002645|947.62
1788884810|20260909002650|947.62
1788884815|20260909002655|947.68
1788884825|20260909002705|947.67
1788884855|20260909002735|947.67
1788884860|20260909002740|947.70
1788884865|20260909002745|947.69
1788884870|20260909002750|947.52
1788884875|20260909002755|947.51
1788884885|20260909002805|947.58
1788884890|20260909002810|947.52
1788884895|20260909002815|947.61
1788884900|20260909002820|947.76
1788884915|20260909002835|947.74
1788884920|20260909002840|947.76
1788884925|20260909002845|947.85
1788884935|20260909002855|947.83
1788884945|20260909002905|947.84
1788884950|20260909002910|947.79
1788884955|20260909002915|947.79
1788884960|20260909002920|947.83
1788884965|20260909002925|947.76
1788885000|20260909003000|947.99
1788885005|20260909003005|947.89
1788885010|20260909003010|947.93
1788885020|20260909003020|947.83
1788885025|20260909003025|948.25
1788885035|20260909003035|948.35
1788885040|20260909003040|948.22
1788885045|20260909003045|948.14
1788885050|20260909003050|948.21
1788885055|20260909003055|948.25
1788885060|20260909003100|948.33
1788885065|20260909003105|948.36
1788885070|20260909003110|948.30
1788885080|20260909003120|948.41
1788885085|20260909003125|948.30
1788885095|20260909003135|948.24
1788885100|20260909003140|948.26
1788885105|20260909003145|948.24
1788885110|20260909003150|948.17
1788885115|20260909003155|948.19
1788885120|20260909003200|948.28
1788885125|20260909003205|948.24
1788885130|20260909003210|948.16
1788885135|20260909003215|948.20
1788885140|20260909003220|948.26
1788885145|20260909003225|948.25
1788885155|20260909003235|948.22
1788885160|20260909003240|948.23
1788885165|20260909003245|948.25
1788885170|20260909003250|948.23
1788885175|20260909003255|948.17
1788885180|20260909003300|948.14
1788885185|20260909003305|948.06
1788885190|20260909003310|948.08
1788885195|20260909003315|947.99
1788885200|20260909003320|947.93
1788885205|20260909003325|947.99
1788885220|20260909003340|948.08
1788885225|20260909003345|947.99
1788885230|20260909003350|948.02
1788885235|20260909003355|948.01
1788885245|20260909003405|948.13
1788885250|20260909003410|948.14
1788885255|20260909003415|948.11
1788885260|20260909003420|948.18
1788885265|20260909003425|948.18
1788885275|20260909003435|948.19
1788885305|20260909003505|948.20
1788885315|20260909003515|948.21
1788885320|20260909003520|948.25
1788885325|20260909003525|948.25
1788885335|20260909003535|948.44
1788885340|20260909003540|948.38
1788885345|20260909003545|948.35
1788885350|20260909003550|948.32
1788885355|20260909003555|948.26
1788885360|20260909003600|948.25
1788885365|20260909003605|948.23
1788885370|20260909003610|948.28
1788885375|20260909003615|948.42
1788885395|20260909003635|948.18
1788885400|20260909003640|948.18
1788885405|20260909003645|948.20
1788885410|20260909003650|948.18
1788885415|20260909003655|948.18
1788885420|20260909003700|948.25
1788885425|20260909003705|948.20
1788885430|20260909003710|948.14
1788885440|20260909003720|948.26
1788885465|20260909003745|947.99
1788885475|20260909003755|948.06
1788885480|20260909003800|948.08
1788885485|20260909003805|948.09
1788885490|20260909003810|948.10
1788885495|20260909003815|947.93
1788885500|20260909003820|947.90
1788885505|20260909003825|947.98
1788885515|20260909003835|947.97
1788885520|20260909003840|947.96
1788885525|20260909003845|947.95
1788885530|20260909003850|948.05
1788885535|20260909003855|948.07
1788885540|20260909003900|948.10
1788885545|20260909003905|948.15
1788885550|20260909003910|948.11
1788885555|20260909003915|948.13
1788885560|20260909003920|948.10
1788885575|20260909003935|948.05
1788885605|20260909004005|948.13
1788885610|20260909004010|948.09
1788885615|20260909004015|948.13
1788885620|20260909004020|948.24
1788885625|20260909004025|948.21
1788885635|20260909004035|947.92
1788885640|20260909004040|948.08
1788885645|20260909004045|948.01
1788885650|20260909004050|948.06
1788885655|20260909004055|947.93
1788885660|20260909004100|948.01
1788885665|20260909004105|947.99
1788885670|20260909004110|948.09
1788885675|20260909004115|948.07
1788885680|20260909004120|947.88
1788885685|20260909004125|947.95
1788885700|20260909004140|947.94
1788885710|20260909004150|948.10
1788885715|20260909004155|948.24
1788885720|20260909004200|948.23
1788885725|20260909004205|948.16
1788885730|20260909004210|948.12
1788885740|20260909004220|948.29
1788885755|20260909004235|948.24
1788885765|20260909004245|948.23
1788885770|20260909004250|948.20
1788885775|20260909004255|948.16
1788885780|20260909004300|948.23
1788885785|20260909004305|948.32
1788885795|20260909004315|948.22
1788885800|20260909004320|948.19
1788885805|20260909004325|948.01
1788885815|20260909004335|947.94
1788885820|20260909004340|947.99
1788885825|20260909004345|948.00
1788885830|20260909004350|947.94
1788885835|20260909004355|947.98
1788885845|20260909004405|947.95
1788885850|20260909004410|947.95
1788885855|20260909004415|947.91
1788885860|20260909004420|947.89
1788885865|20260909004425|947.90
1788885900|20260909004500|947.99
1788885905|20260909004505|947.98
1788885910|20260909004510|947.94
1788885915|20260909004515|947.98
1788885920|20260909004520|947.70
1788885935|20260909004535|947.79
1788885940|20260909004540|947.79
1788885955|20260909004555|947.80
1788885965|20260909004605|947.73
1788885970|20260909004610|947.73
1788885975|20260909004615|947.81
1788885980|20260909004620|947.79
1788885985|20260909004625|947.74
1788885995|20260909004635|947.71
1788886000|20260909004640|947.72
1788886010|20260909004650|947.77
1788886015|20260909004655|947.75
1788886025|20260909004705|947.80
1788886030|20260909004710|947.84
1788886035|20260909004715|947.85
1788886040|20260909004720|947.80
1788886045|20260909004725|947.76
1788886055|20260909004735|947.81
1788886065|20260909004745|947.76
1788886070|20260909004750|947.74
1788886075|20260909004755|947.71
1788886085|20260909004805|947.61
1788886090|20260909004810|947.61
1788886095|20260909004815|947.59
1788886100|20260909004820|947.60
1788886105|20260909004825|947.73
1788886125|20260909004845|947.86
1788886130|20260909004850|947.83
1788886135|20260909004855|947.79
1788886145|20260909004905|947.71
1788886155|20260909004915|947.75
1788886160|20260909004920|947.85
1788886165|20260909004925|947.84
1788886175|20260909004935|947.90
1788886180|20260909004940|947.94
1788886200|20260909005000|947.97
1788886205|20260909005005|947.97
1788886210|20260909005010|947.93
1788886215|20260909005015|947.81
1788886220|20260909005020|947.84
1788886225|20260909005025|947.83
1788886240|20260909005040|948.60
1788886245|20260909005045|948.62
1788886250|20260909005050|948.46
1788886255|20260909005055|948.45
1788886270|20260909005110|948.26
1788886275|20260909005115|948.15
1788886285|20260909005125|948.03
1788886295|20260909005135|947.98
1788886300|20260909005140|947.90
1788886305|20260909005145|947.92
1788886310|20260909005150|947.82
1788886315|20260909005155|947.85
1788886330|20260909005210|947.76
1788886335|20260909005215|947.78
1788886340|20260909005220|947.76
1788886360|20260909005240|948.04
1788886365|20260909005245|948.03
1788886375|20260909005255|947.96
1788886385|20260909005305|947.87
1788886390|20260909005310|947.84
1788886400|20260909005320|947.85
1788886405|20260909005325|947.93
1788886415|20260909005335|947.90
1788886420|20260909005340|947.96
1788886430|20260909005350|947.88
1788886445|20260909005405|948.09
1788886455|20260909005415|948.09
1788886460|20260909005420|948.00
1788886465|20260909005425|948.05
1788886505|20260909005505|948.07
1788886510|20260909005510|948.07
1788886525|20260909005525|948.09
1788886540|20260909005540|948.09
1788886550|20260909005550|948.14
1788886555|20260909005555|948.16
1788886565|20260909005605|948.07
1788886570|20260909005610|947.95
1788886575|20260909005615|947.89
1788886580|20260909005620|947.32
1788886585|20260909005625|947.48
1788886600|20260909005640|947.55
1788886610|20260909005650|947.62
1788886625|20260909005705|947.71
1788886630|20260909005710|947.91
1788886640|20260909005720|947.95
1788886655|20260909005735|948.02
1788886665|20260909005745|948.05
1788886670|20260909005750|948.11
1788886675|20260909005755|948.15
1788886690|20260909005810|948.14
1788886695|20260909005815|948.15
1788886700|20260909005820|948.12
1788886705|20260909005825|948.15
1788886715|20260909005835|948.17
1788886725|20260909005845|948.09
1788886765|20260909005925|947.38
1788886775|20260909005935|947.74
1788886810|20260909010010|947.99
1788886815|20260909010015|948.02
1788886820|20260909010020|948.10
1788886825|20260909010025|948.10
1788886835|20260909010035|948.18
1788886845|20260909010045|948.19
1788886850|20260909010050|948.28
1788886855|20260909010055|948.38
1788886865|20260909010105|948.36
1788886870|20260909010110|948.33
1788886875|20260909010115|948.29
1788886880|20260909010120|948.35
1788886885|20260909010125|948.33
1788886895|20260909010135|948.30
1788886900|20260909010140|948.55
1788886910|20260909010150|948.50
1788886930|20260909010210|948.59
1788886935|20260909010215|948.63
1788886940|20260909010220|948.80
1788886955|20260909010235|949.00
1788886960|20260909010240|948.84
1788886965|20260909010245|949.07
1788886970|20260909010250|949.11
1788886975|20260909010255|948.96
1788886985|20260909010305|949.07
1788886990|20260909010310|949.08
1788886995|20260909010315|949.03
1788887000|20260909010320|948.91
1788887005|20260909010325|948.92
1788887015|20260909010335|948.94
1788887020|20260909010340|949.00
1788887035|20260909010355|949.17
1788887055|20260909010415|949.19
1788887060|20260909010420|949.13
1788887065|20260909010425|949.17
1788887075|20260909010435|949.44
1788887105|20260909010505|949.83
1788887110|20260909010510|949.84
1788887135|20260909010535|949.86
1788887140|20260909010540|950.01
1788887145|20260909010545|949.90
1788887150|20260909010550|949.83
1788887170|20260909010610|949.50
1788887180|20260909010620|949.37
1788887200|20260909010640|949.33
1788887205|20260909010645|949.35
1788887215|20260909010655|949.49
1788887225|20260909010705|949.39
1788887230|20260909010710|949.33
1788887235|20260909010715|949.23
1788887240|20260909010720|949.33
1788887245|20260909010725|949.28
1788887255|20260909010735|949.25
1788887260|20260909010740|949.30
1788887265|20260909010745|949.19
1788887275|20260909010755|949.15
1788887285|20260909010805|948.91
1788887290|20260909010810|948.88
1788887295|20260909010815|948.99
1788887300|20260909010820|948.98
1788887305|20260909010825|948.78
1788887315|20260909010835|948.84
1788887320|20260909010840|948.85
1788887325|20260909010845|948.85
1788887335|20260909010855|948.88
1788887345|20260909010905|948.92
1788887350|20260909010910|948.94
1788887355|20260909010915|948.98
1788887360|20260909010920|949.02
1788887365|20260909010925|948.99
1788887400|20260909011000|948.76
1788887405|20260909011005|948.86
1788887415|20260909011015|948.84
1788887420|20260909011020|948.86
1788887425|20260909011025|948.85
1788887440|20260909011040|948.98
1788887445|20260909011045|949.03
1788887450|20260909011050|948.98
1788887455|20260909011055|948.88
1788887460|20260909011100|948.87
1788887465|20260909011105|948.81
1788887470|20260909011110|948.86
1788887480|20260909011120|948.66
1788887485|20260909011125|948.66
1788887490|20260909011130|948.68
1788887495|20260909011135|948.67
1788887500|20260909011140|948.62
1788887510|20260909011150|948.65
1788887515|20260909011155|948.64
1788887525|20260909011205|948.57
1788887530|20260909011210|948.50
1788887535|20260909011215|948.35
1788887540|20260909011220|948.38
1788887545|20260909011225|948.36
1788887555|20260909011235|948.49
1788887560|20260909011240|948.48
1788887565|20260909011245|948.44
1788887570|20260909011250|948.44
1788887575|20260909011255|948.33
1788887580|20260909011300|948.30
1788887585|20260909011305|948.32
1788887590|20260909011310|948.26
1788887595|20260909011315|948.31
1788887600|20260909011320|948.36
1788887605|20260909011325|948.33
1788887615|20260909011335|948.36
1788887625|20260909011345|948.27
1788887635|20260909011355|948.23
1788887645|20260909011405|948.20
1788887650|20260909011410|948.20
1788887655|20260909011415|948.20
1788887660|20260909011420|948.20
1788887665|20260909011425|948.13
1788887705|20260909011505|948.40
1788887710|20260909011510|948.39
1788887715|20260909011515|948.40
1788887725|20260909011525|948.43
1788887730|20260909011530|948.44
1788887735|20260909011535|948.40
1788887740|20260909011540|948.44
1788887745|20260909011545|948.36
1788887750|20260909011550|948.37
1788887755|20260909011555|948.46
1788887765|20260909011605|948.45
1788887770|20260909011610|948.58
1788887780|20260909011620|948.50
1788887785|20260909011625|948.50
1788887795|20260909011635|948.56
1788887800|20260909011640|948.54
1788887805|20260909011645|948.55
1788887815|20260909011655|948.60
1788887825|20260909011705|948.49
1788887830|20260909011710|948.60
1788887835|20260909011715|948.50
1788887840|20260909011720|948.51
1788887845|20260909011725|948.53
1788887855|20260909011735|948.53
1788887860|20260909011740|948.63
1788887865|20260909011745|948.65
1788887870|20260909011750|948.61
1788887875|20260909011755|948.68
1788887880|20260909011800|948.46
1788887885|20260909011805|948.46
1788887890|20260909011810|948.46
1788887895|20260909011815|948.46
1788887905|20260909011825|948.41
1788887915|20260909011835|948.53
1788887925|20260909011845|948.54
1788887935|20260909011855|948.57
1788887945|20260909011905|948.53
1788887950|20260909011910|948.61
1788887955|20260909011915|948.72
1788887960|20260909011920|948.60
1788887965|20260909011925|948.65
1788887985|20260909011945|948.59
1788888005|20260909012005|948.27
1788888010|20260909012010|948.28
1788888015|20260909012015|948.24
1788888025|20260909012025|948.23
1788888035|20260909012035|948.27
1788888045|20260909012045|948.24
1788888050|20260909012050|948.14
1788888055|20260909012055|948.15
1788888065|20260909012105|948.07
1788888075|20260909012115|948.07
1788888085|20260909012125|947.99
1788888095|20260909012135|948.07
1788888100|20260909012140|948.13
1788888105|20260909012145|948.14
1788888115|20260909012155|948.15
1788888125|20260909012205|948.10
1788888130|20260909012210|948.11
1788888140|20260909012220|947.82
1788888145|20260909012225|947.82
1788888160|20260909012240|947.87
1788888165|20260909012245|947.85
1788888170|20260909012250|947.85
1788888175|20260909012255|947.93
1788888190|20260909012310|947.91
1788888200|20260909012320|947.90
1788888205|20260909012325|947.92
1788888215|20260909012335|947.95
1788888220|20260909012340|947.96
1788888225|20260909012345|947.96
1788888230|20260909012350|947.94
1788888235|20260909012355|947.88
1788888245|20260909012405|947.84
1788888250|20260909012410|947.82
1788888255|20260909012415|947.82
1788888260|20260909012420|947.84
1788888265|20260909012425|947.85
1788888305|20260909012505|947.98
1788888310|20260909012510|947.95
1788888320|20260909012520|947.91
1788888325|20260909012525|947.81
1788888335|20260909012535|947.77
1788888340|20260909012540|947.74
1788888345|20260909012545|947.68
1788888350|20260909012550|947.71
1788888355|20260909012555|947.73
1788888360|20260909012600|947.76
1788888370|20260909012610|947.68
1788888380|20260909012620|947.80
1788888395|20260909012635|947.62
1788888400|20260909012640|947.61
1788888405|20260909012645|947.62
1788888410|20260909012650|947.60
1788888415|20260909012655|947.68
1788888420|20260909012700|947.69
1788888425|20260909012705|947.70
1788888430|20260909012710|947.75
1788888435|20260909012715|947.65
1788888440|20260909012720|947.66
1788888445|20260909012725|947.75
1788888455|20260909012735|947.75
1788888465|20260909012745|947.72
1788888470|20260909012750|947.72
1788888485|20260909012805|947.73
1788888490|20260909012810|947.82
1788888495|20260909012815|947.80
1788888500|20260909012820|947.87
1788888505|20260909012825|947.89
1788888520|20260909012840|947.97
1788888525|20260909012845|947.78
1788888530|20260909012850|947.84
1788888535|20260909012855|947.86
1788888540|20260909012900|948.08
1788888555|20260909012915|948.11
1788888560|20260909012920|947.98
1788888565|20260909012925|947.98
1788888580|20260909012940|947.99
1788888595|20260909012955|947.96
1788888605|20260909013005|948.07
1788888610|20260909013010|947.93
1788888615|20260909013015|947.99
1788888640|20260909013040|948.10
1788888650|20260909013050|948.14
1788888660|20260909013100|948.17
1788888670|20260909013110|948.15
1788888675|20260909013115|948.17
1788888680|20260909013120|948.20
1788888700|20260909013140|948.09
1788888705|20260909013145|947.94
1788888715|20260909013155|948.06
1788888720|20260909013200|948.08
1788888725|20260909013205|947.95
1788888730|20260909013210|947.94
1788888735|20260909013215|948.01
1788888745|20260909013225|947.96
1788888755|20260909013235|948.06
1788888760|20260909013240|948.10
1788888765|20260909013245|948.06
1788888770|20260909013250|948.08
1788888775|20260909013255|948.10
1788888785|20260909013305|948.13
1788888790|20260909013310|948.17
1788888795|20260909013315|948.15
1788888805|20260909013325|948.14
1788888815|20260909013335|948.00
1788888820|20260909013340|948.03
1788888825|20260909013345|948.03
1788888835|20260909013355|948.00
1788888845|20260909013405|947.96
1788888850|20260909013410|947.92
1788888855|20260909013415|947.92
1788888860|20260909013420|947.90
1788888865|20260909013425|947.91
1788888900|20260909013500|947.42
1788888905|20260909013505|947.45
1788888910|20260909013510|947.39
1788888915|20260909013515|947.43
1788888920|20260909013520|947.40
1788888925|20260909013525|947.37
1788888940|20260909013540|947.38
1788888945|20260909013545|947.33
1788888950|20260909013550|947.44
1788888960|20260909013600|947.54
1788888965|20260909013605|947.47
1788888970|20260909013610|947.44
1788888975|20260909013615|947.36
1788888980|20260909013620|947.31
1788888985|20260909013625|947.34
1788888995|20260909013635|947.26
1788889000|20260909013640|947.30
1788889005|20260909013645|947.27
1788889010|20260909013650|947.23
1788889015|20260909013655|947.21
1788889025|20260909013705|947.24
1788889030|20260909013710|947.17
1788889040|20260909013720|947.11
1788889045|20260909013725|947.13
1788889060|20260909013740|947.24
1788889065|20260909013745|947.37
1788889070|20260909013750|947.37
1788889085|20260909013805|947.50
1788889090|20260909013810|947.51
1788889095|20260909013815|947.57
1788889100|20260909013820|947.52
1788889105|20260909013825|947.55
1788889125|20260909013845|947.59
1788889135|20260909013855|947.58
1788889145|20260909013905|947.31
1788889160|20260909013920|947.35
1788889165|20260909013925|947.34
1788889200|20260909014000|947.01
1788889205|20260909014005|946.94
1788889210|20260909014010|946.91
1788889215|20260909014015|946.75
1788889220|20260909014020|946.74
1788889225|20260909014025|946.70
1788889240|20260909014040|946.73
1788889245|20260909014045|946.73
1788889255|20260909014055|946.75
1788889265|20260909014105|946.44
1788889275|20260909014115|946.47
1788889280|20260909014120|946.45
1788889295|20260909014135|946.42
1788889300|20260909014140|946.40
1788889305|20260909014145|946.41
1788889310|20260909014150|946.43
1788889315|20260909014155|946.35
1788889325|20260909014205|946.43
1788889330|20260909014210|946.49
1788889340|20260909014220|946.65
1788889345|20260909014225|946.65
1788889355|20260909014235|946.48
1788889360|20260909014240|946.42
1788889365|20260909014245|946.50
1788889370|20260909014250|946.55
1788889375|20260909014255|946.58
1788889385|20260909014305|946.55
1788889390|20260909014310|946.50
1788889400|20260909014320|946.37
1788889415|20260909014335|946.42
1788889420|20260909014340|946.40
1788889425|20260909014345|946.40
1788889430|20260909014350|946.42
1788889435|20260909014355|946.39
1788889445|20260909014405|946.41
1788889450|20260909014410|946.31
1788889455|20260909014415|946.34
1788889460|20260909014420|946.29
1788889505|20260909014505|946.14
1788889510|20260909014510|946.18
1788889515|20260909014515|946.22
1788889520|20260909014520|946.24
1788889525|20260909014525|946.25
1788889540|20260909014540|946.17
1788889545|20260909014545|946.13
1788889550|20260909014550|946.12
1788889555|20260909014555|946.14
1788889565|20260909014605|946.15
1788889570|20260909014610|946.21
1788889575|20260909014615|946.34
1788889580|20260909014620|946.32
1788889585|20260909014625|946.41
1788889595|20260909014635|946.32
1788889600|20260909014640|946.50
1788889605|20260909014645|946.53
1788889610|20260909014650|946.46
1788889625|20260909014705|946.41
1788889630|20260909014710|946.47
1788889635|20260909014715|946.51
1788889645|20260909014725|946.45
1788889655|20260909014735|946.39
1788889660|20260909014740|946.35
1788889665|20260909014745|946.39
1788889670|20260909014750|946.36
1788889685|20260909014805|946.47
1788889690|20260909014810|946.53
1788889695|20260909014815|946.59
1788889700|20260909014820|946.69
1788889715|20260909014835|946.56
1788889720|20260909014840|946.52
1788889725|20260909014845|946.55
1788889730|20260909014850|946.55
1788889735|20260909014855|946.58
1788889745|20260909014905|946.61
1788889750|20260909014910|946.51
1788889755|20260909014915|946.57
1788889760|20260909014920|946.60
1788889795|20260909014955|946.57
1788889800|20260909015000|946.50
1788889805|20260909015005|946.52
1788889810|20260909015010|946.54
1788889825|20260909015025|946.52
1788889835|20260909015035|946.78
1788889850|20260909015050|946.80
1788889855|20260909015055|946.74
1788889875|20260909015115|946.51
1788889880|20260909015120|946.59
1788889885|20260909015125|946.57
1788889895|20260909015135|946.52
1788889900|20260909015140|946.49
1788889905|20260909015145|946.54
1788889910|20260909015150|946.50
1788889915|20260909015155|946.51
1788889925|20260909015205|946.73
1788889930|20260909015210|946.87
1788889935|20260909015215|946.86
1788889940|20260909015220|946.87
1788889955|20260909015235|946.86
1788889960|20260909015240|946.88
1788889965|20260909015245|946.90
1788889970|20260909015250|946.89
1788889975|20260909015255|946.92
1788889985|20260909015305|946.85
1788889990|20260909015310|946.82
1788889995|20260909015315|946.81
1788890000|20260909015320|946.80
1788890005|20260909015325|946.79
1788890015|20260909015335|946.90
1788890020|20260909015340|946.87
1788890025|20260909015345|946.88
1788890035|20260909015355|946.94
1788890045|20260909015405|946.92
1788890050|20260909015410|946.89
1788890055|20260909015415|946.95
1788890060|20260909015420|946.96
1788890065|20260909015425|946.90
1788890105|20260909015505|946.86
1788890115|20260909015515|946.87
1788890120|20260909015520|946.85
1788890125|20260909015525|946.83
1788890140|20260909015540|946.67
1788890145|20260909015545|946.73
1788890150|20260909015550|946.79
1788890155|20260909015555|946.75
1788890165|20260909015605|946.80
1788890170|20260909015610|946.87
1788890175|20260909015615|946.88
1788890180|20260909015620|946.86
1788890185|20260909015625|946.63
1788890200|20260909015640|946.74
1788890210|20260909015650|946.82
1788890225|20260909015705|946.78
1788890230|20260909015710|946.76
1788890235|20260909015715|946.77
1788890240|20260909015720|946.77
1788890245|20260909015725|946.79
1788890255|20260909015735|946.80
1788890260|20260909015740|946.86
1788890265|20260909015745|946.86
1788890270|20260909015750|946.85
1788890275|20260909015755|946.91
1788890285|20260909015805|946.92
1788890290|20260909015810|946.97
1788890305|20260909015825|947.08
1788890315|20260909015835|947.06
1788890320|20260909015840|947.04
1788890325|20260909015845|947.15
1788890400|20260909020000|947.09
1788890405|20260909020005|947.13
1788890410|20260909020010|947.08
1788890415|20260909020015|947.16
1788890420|20260909020020|947.08
1788890425|20260909020025|947.04
1788890435|20260909020035|946.94
1788890440|20260909020040|946.98
1788890445|20260909020045|946.92
1788890450|20260909020050|946.78
1788890455|20260909020055|946.81
1788890465|20260909020105|946.70
1788890480|20260909020120|946.73
1788890495|20260909020135|946.81
1788890500|20260909020140|946.88
1788890505|20260909020145|946.72
1788890510|20260909020150|946.76
1788890525|20260909020205|946.79
1788890530|20260909020210|946.73
1788890535|20260909020215|946.82
1788890540|20260909020220|946.83
1788890555|20260909020235|946.65
1788890565|20260909020245|946.61
1788890575|20260909020255|946.54
1788890585|20260909020305|946.59
1788890600|20260909020320|946.67
1788890605|20260909020325|946.63
1788890615|20260909020335|946.59
1788890620|20260909020340|946.57
1788890630|20260909020350|946.53
1788890635|20260909020355|946.69
1788890640|20260909020400|946.78
1788890645|20260909020405|946.80
1788890650|20260909020410|946.73
1788890655|20260909020415|946.65
1788890660|20260909020420|946.76
1788890665|20260909020425|946.72
1788890705|20260909020505|946.39
1788890710|20260909020510|946.31
1788890715|20260909020515|946.31
1788890720|20260909020520|946.36
1788890725|20260909020525|946.43
1788890735|20260909020535|946.36
1788890740|20260909020540|946.45
1788890745|20260909020545|946.58
1788890750|20260909020550|946.56
1788890755|20260909020555|946.52
1788890760|20260909020600|946.53
1788890765|20260909020605|946.65
1788890770|20260909020610|946.66
1788890780|20260909020620|946.56
1788890785|20260909020625|946.54
1788890795|20260909020635|946.51
1788890800|20260909020640|946.58
1788890805|20260909020645|946.46
1788890810|20260909020650|946.46
1788890815|20260909020655|946.47
1788890825|20260909020705|946.38
1788890830|20260909020710|946.40
1788890835|20260909020715|946.38
1788890840|20260909020720|946.36
1788890855|20260909020735|946.39
1788890860|20260909020740|946.42
1788890865|20260909020745|946.26
1788890870|20260909020750|946.22
1788890875|20260909020755|946.31
1788890885|20260909020805|946.10
1788890890|20260909020810|946.10
1788890895|20260909020815|946.08
1788890900|20260909020820|946.04
1788890905|20260909020825|946.05
1788890915|20260909020835|946.12
1788890925|20260909020845|946.14
1788890930|20260909020850|946.15
1788890935|20260909020855|946.15
1788890940|20260909020900|946.13
1788890945|20260909020905|946.21
1788890950|20260909020910|946.08
1788890960|20260909020920|946.14
1788890965|20260909020925|946.07
1788890970|20260909020930|946.02
1788890975|20260909020935|946.09
1788890980|20260909020940|946.12
1788890985|20260909020945|946.10
1788890990|20260909020950|946.12
1788890995|20260909020955|946.09
1788891005|20260909021005|945.91
1788891010|20260909021010|945.88
1788891015|20260909021015|945.97
1788891020|20260909021020|945.97
1788891025|20260909021025|945.85
1788891035|20260909021035|946.07
1788891045|20260909021045|946.11
1788891050|20260909021050|946.15
1788891055|20260909021055|946.18
1788891060|20260909021100|946.27
1788891065|20260909021105|946.31
1788891070|20260909021110|946.25
1788891075|20260909021115|946.33
1788891080|20260909021120|946.28
1788891085|20260909021125|946.38
1788891095|20260909021135|946.46
1788891100|20260909021140|946.43
1788891105|20260909021145|946.39
1788891110|20260909021150|946.32
1788891115|20260909021155|946.33
1788891125|20260909021205|946.24
1788891130|20260909021210|946.26
1788891135|20260909021215|946.23
1788891140|20260909021220|946.29
1788891145|20260909021225|946.40
1788891155|20260909021235|946.33
1788891160|20260909021240|946.36
1788891165|20260909021245|946.36
1788891170|20260909021250|946.26
1788891175|20260909021255|946.33
1788891185|20260909021305|946.20
1788891190|20260909021310|946.27
1788891195|20260909021315|946.34
1788891200|20260909021320|946.33
1788891205|20260909021325|946.26
1788891215|20260909021335|946.07
1788891220|20260909021340|946.35
1788891225|20260909021345|946.34
1788891230|20260909021350|946.42
1788891240|20260909021400|946.39
1788891245|20260909021405|946.39
1788891250|20260909021410|946.44
1788891255|20260909021415|946.42
1788891260|20260909021420|946.45
1788891265|20260909021425|946.52
1788891300|20260909021500|946.55
1788891305|20260909021505|946.54
1788891310|20260909021510|946.59
1788891315|20260909021515|946.28
1788891320|20260909021520|946.20
1788891325|20260909021525|946.18
1788891335|20260909021535|946.26
1788891340|20260909021540|946.26
1788891345|20260909021545|946.33
1788891350|20260909021550|946.38
1788891355|20260909021555|946.43
1788891360|20260909021600|946.26
1788891365|20260909021605|946.27
1788891370|20260909021610|946.26
1788891375|20260909021615|946.29
1788891380|20260909021620|946.32
1788891385|20260909021625|946.35
1788891390|20260909021630|946.36
1788891395|20260909021635|946.32
1788891400|20260909021640|946.37
1788891415|20260909021655|946.26
1788891425|20260909021705|946.34
1788891430|20260909021710|946.38
1788891435|20260909021715|946.42
1788891440|20260909021720|946.41
1788891445|20260909021725|946.47
1788891455|20260909021735|946.49
1788891465|20260909021745|946.48
1788891480|20260909021800|946.31
1788891490|20260909021810|946.14
1788891495|20260909021815|946.11
1788891500|20260909021820|946.02
1788891505|20260909021825|946.05
1788891515|20260909021835|945.95
1788891520|20260909021840|945.92
1788891525|20260909021845|945.98
1788891530|20260909021850|946.02
1788891535|20260909021855|945.99
1788891545|20260909021905|945.95
1788891550|20260909021910|945.99
1788891555|20260909021915|946.27
1788891560|20260909021920|946.11
1788891565|20260909021925|946.05
1788891580|20260909021940|946.01
1788891600|20260909022000|946.15
1788891605|20260909022005|946.18
1788891610|20260909022010|946.28
1788891615|20260909022015|946.23
1788891620|20260909022020|946.20
1788891625|20260909022025|946.24
1788891635|20260909022035|946.25
1788891640|20260909022040|946.27
1788891645|20260909022045|946.27
1788891650|20260909022050|946.19
1788891655|20260909022055|946.25
1788891665|20260909022105|946.14
1788891670|20260909022110|946.05
1788891680|20260909022120|946.04
1788891685|20260909022125|945.97
1788891695|20260909022135|945.98
1788891700|20260909022140|945.97
1788891705|20260909022145|946.04
1788891710|20260909022150|945.96
1788891715|20260909022155|946.00
1788891730|20260909022210|946.09
1788891740|20260909022220|946.13
1788891745|20260909022225|946.13
1788891755|20260909022235|946.10
1788891760|20260909022240|946.05
1788891765|20260909022245|946.03
1788891770|20260909022250|946.07
1788891775|20260909022255|946.12
1788891785|20260909022305|946.08
1788891790|20260909022310|946.05
1788891795|20260909022315|946.15
1788891800|20260909022320|946.11
1788891815|20260909022335|946.18
1788891820|20260909022340|946.19
1788891825|20260909022345|946.13
1788891830|20260909022350|946.18
1788891835|20260909022355|946.19
1788891845|20260909022405|946.09
1788891850|20260909022410|946.16
1788891855|20260909022415|946.15
1788891860|20260909022420|946.23
1788891865|20260909022425|946.27
1788891905|20260909022505|946.10
1788891910|20260909022510|946.07
1788891915|20260909022515|946.17
1788891920|20260909022520|946.07
1788891925|20260909022525|946.08
1788891935|20260909022535|946.20
1788891940|20260909022540|945.98
1788891945|20260909022545|946.05
1788891950|20260909022550|946.01
1788891955|20260909022555|946.11
1788891965|20260909022605|946.10
1788891970|20260909022610|946.15
1788891975|20260909022615|946.13
1788891980|20260909022620|946.15
1788891985|20260909022625|946.13
1788891995|20260909022635|945.97
1788892000|20260909022640|945.96
1788892005|20260909022645|946.08
1788892010|20260909022650|946.10
1788892015|20260909022655|946.12
1788892025|20260909022705|946.04
1788892030|20260909022710|946.11
1788892035|20260909022715|946.11
1788892040|20260909022720|945.98
1788892045|20260909022725|945.95
1788892055|20260909022735|945.96
1788892060|20260909022740|945.95
1788892065|20260909022745|945.96
1788892070|20260909022750|945.93
1788892075|20260909022755|946.00
1788892085|20260909022805|945.95
1788892090|20260909022810|946.00
1788892095|20260909022815|946.02
1788892100|20260909022820|946.03
1788892105|20260909022825|945.99
1788892115|20260909022835|946.04
1788892120|20260909022840|946.00
1788892125|20260909022845|946.00
1788892145|20260909022905|946.01
1788892150|20260909022910|946.04
1788892155|20260909022915|945.99
1788892160|20260909022920|946.03
1788892165|20260909022925|946.06
1788892200|20260909023000|946.18
1788892205|20260909023005|946.12
1788892210|20260909023010|946.01
1788892215|20260909023015|945.89
1788892220|20260909023020|945.87
1788892225|20260909023025|945.89
1788892235|20260909023035|945.75
1788892240|20260909023040|945.80
1788892245|20260909023045|945.60
1788892250|20260909023050|945.58
1788892255|20260909023055|945.63
1788892265|20260909023105|945.65
1788892270|20260909023110|945.53
1788892275|20260909023115|945.52
1788892280|20260909023120|945.47
1788892285|20260909023125|945.61
1788892295|20260909023135|945.60
1788892300|20260909023140|945.50
1788892305|20260909023145|945.54
1788892310|20260909023150|945.56
1788892315|20260909023155|945.54
1788892325|20260909023205|945.40
1788892335|20260909023215|945.34
1788892340|20260909023220|945.41
1788892345|20260909023225|945.52
1788892355|20260909023235|945.54
1788892360|20260909023240|945.62
1788892365|20260909023245|945.63
1788892370|20260909023250|945.58
1788892375|20260909023255|945.69
1788892385|20260909023305|945.73
1788892390|20260909023310|945.63
1788892395|20260909023315|945.72
1788892400|20260909023320|945.69
1788892405|20260909023325|945.53
1788892415|20260909023335|945.68
1788892420|20260909023340|945.68
1788892425|20260909023345|945.69
1788892430|20260909023350|945.73
1788892435|20260909023355|945.62
1788892445|20260909023405|945.65
1788892450|20260909023410|945.57
1788892455|20260909023415|945.64
1788892460|20260909023420|945.66
1788892465|20260909023425|945.79
1788892505|20260909023505|945.81
1788892515|20260909023515|945.74
1788892520|20260909023520|945.75
1788892525|20260909023525|945.77
1788892535|20260909023535|945.76
1788892540|20260909023540|945.69
1788892545|20260909023545|945.78
1788892555|20260909023555|945.83
1788892565|20260909023605|945.64
1788892575|20260909023615|945.64
1788892580|20260909023620|945.58
1788892585|20260909023625|945.52
1788892600|20260909023640|945.64
1788892605|20260909023645|945.57
1788892615|20260909023655|945.64
1788892630|20260909023710|945.65
1788892635|20260909023715|945.70
1788892640|20260909023720|945.64
1788892645|20260909023725|945.75
1788892655|20260909023735|945.69
1788892660|20260909023740|945.67
1788892685|20260909023805|945.92
1788892690|20260909023810|945.90
1788892700|20260909023820|946.00
1788892705|20260909023825|945.99
1788892715|20260909023835|945.94
1788892720|20260909023840|945.93
1788892725|20260909023845|945.91
1788892730|20260909023850|945.94
1788892755|20260909023915|945.94
1788892760|20260909023920|945.76
1788892765|20260909023925|945.71
1788892800|20260909024000|945.87
1788892805|20260909024005|945.86
1788892810|20260909024010|945.93
1788892815|20260909024015|945.83
1788892820|20260909024020|945.78
1788892825|20260909024025|945.79
1788892835|20260909024035|945.81
1788892840|20260909024040|945.79
1788892845|20260909024045|945.82
1788892850|20260909024050|945.88
1788892855|20260909024055|945.89
1788892865|20260909024105|945.84
1788892870|20260909024110|945.85
1788892875|20260909024115|945.83
1788892880|20260909024120|945.82
1788892895|20260909024135|945.88
1788892900|20260909024140|945.91
1788892905|20260909024145|945.89
1788892910|20260909024150|945.74
1788892915|20260909024155|945.78
1788892920|20260909024200|945.75
1788892925|20260909024205|945.73
1788892930|20260909024210|945.82
1788892935|20260909024215|945.87
1788892940|20260909024220|945.89
1788892945|20260909024225|945.85
1788892955|20260909024235|945.83
1788892960|20260909024240|945.82
1788892965|20260909024245|945.89
1788892970|20260909024250|945.81
1788892975|20260909024255|945.87
1788892985|20260909024305|945.86
1788892990|20260909024310|945.83
1788892995|20260909024315|945.85
1788893000|20260909024320|945.91
1788893015|20260909024335|945.83
1788893020|20260909024340|945.83
1788893025|20260909024345|945.85
1788893030|20260909024350|945.86
1788893035|20260909024355|945.82
1788893045|20260909024405|945.79
1788893050|20260909024410|945.77
1788893055|20260909024415|945.86
1788893060|20260909024420|945.87
1788893065|20260909024425|945.84
1788893080|20260909024440|946.13
1788893100|20260909024500|946.16
1788893105|20260909024505|946.11
1788893110|20260909024510|946.18
1788893115|20260909024515|946.17
1788893120|20260909024520|946.09
1788893125|20260909024525|946.06
1788893135|20260909024535|946.06
1788893145|20260909024545|945.99
1788893150|20260909024550|946.01
1788893155|20260909024555|946.06
1788893165|20260909024605|945.98
1788893170|20260909024610|946.01
1788893175|20260909024615|945.95
1788893180|20260909024620|945.94
1788893185|20260909024625|945.93
1788893195|20260909024635|946.00
1788893200|20260909024640|946.00
1788893205|20260909024645|946.00
1788893210|20260909024650|945.90
1788893215|20260909024655|945.98
1788893225|20260909024705|946.13
1788893230|20260909024710|946.07
1788893235|20260909024715|946.08
1788893240|20260909024720|946.17
1788893245|20260909024725|946.23
1788893255|20260909024735|946.28
1788893260|20260909024740|946.35
1788893265|20260909024745|946.33
1788893270|20260909024750|946.28
1788893275|20260909024755|945.67
1788893285|20260909024805|945.43
1788893290|20260909024810|945.38
1788893295|20260909024815|945.46
1788893300|20260909024820|944.86
1788893305|20260909024825|944.74
1788893315|20260909024835|944.47
1788893320|20260909024840|944.39
1788893325|20260909024845|944.16
1788893330|20260909024850|943.74
1788893335|20260909024855|943.41
1788893340|20260909024900|942.83
1788893345|20260909024905|942.74
1788893350|20260909024910|942.49
1788893355|20260909024915|942.97
1788893360|20260909024920|942.71
1788893365|20260909024925|942.10
1788893415|20260909025015|942.19
1788893420|20260909025020|942.31
1788893425|20260909025025|942.29
1788893435|20260909025035|942.42
1788893450|20260909025050|942.22
1788893455|20260909025055|942.28
1788893465|20260909025105|941.97
1788893470|20260909025110|942.14
1788893475|20260909025115|942.37
1788893480|20260909025120|942.47
1788893485|20260909025125|942.58
1788893495|20260909025135|942.18
1788893500|20260909025140|942.35
1788893510|20260909025150|941.34
1788893525|20260909025205|940.71
1788893530|20260909025210|940.99
1788893535|20260909025215|940.93
1788893540|20260909025220|941.03
1788893555|20260909025235|940.82
1788893560|20260909025240|940.50
1788893565|20260909025245|941.06
1788893575|20260909025255|940.82
1788893585|20260909025305|940.83
1788893590|20260909025310|941.25
1788893595|20260909025315|941.81
1788893600|20260909025320|941.83
1788893605|20260909025325|941.99
1788893615|20260909025335|942.34
1788893620|20260909025340|942.26
1788893625|20260909025345|942.36
1788893635|20260909025355|942.87
1788893655|20260909025415|943.64
1788893660|20260909025420|943.53
1788893665|20260909025425|943.60
1788893705|20260909025505|944.16
1788893710|20260909025510|944.15
1788893715|20260909025515|944.18
1788893720|20260909025520|944.24
1788893735|20260909025535|944.24
1788893740|20260909025540|944.12
1788893745|20260909025545|944.25
1788893750|20260909025550|944.02
1788893755|20260909025555|944.55
1788893765|20260909025605|944.54
1788893770|20260909025610|944.56
1788893775|20260909025615|943.99
1788893795|20260909025635|943.86
1788893800|20260909025640|944.03
1788893805|20260909025645|943.93
1788893810|20260909025650|943.97
1788893815|20260909025655|943.94
1788893825|20260909025705|943.83
1788893830|20260909025710|943.73
1788893835|20260909025715|943.73
1788893840|20260909025720|943.76
1788893845|20260909025725|943.83
1788893855|20260909025735|943.67
1788893860|20260909025740|943.63
1788893870|20260909025750|943.58
1788893875|20260909025755|943.58
1788893885|20260909025805|943.63
1788893890|20260909025810|943.54
1788893895|20260909025815|943.56
1788893900|20260909025820|943.60
1788893905|20260909025825|943.55
1788893915|20260909025835|943.51
1788893920|20260909025840|943.50
1788893930|20260909025850|943.49
1788893935|20260909025855|943.83
1788893945|20260909025905|943.81
1788893950|20260909025910|943.66
1788893955|20260909025915|943.68
1788893980|20260909025940|943.66
1788894005|20260909030005|943.69
1788894010|20260909030010|943.82
1788894015|20260909030015|943.92
1788894020|20260909030020|944.05
1788894025|20260909030025|943.84
1788894040|20260909030040|943.63
1788894045|20260909030045|943.53
1788894050|20260909030050|943.40
1788894055|20260909030055|943.29
1788894065|20260909030105|943.52
1788894070|20260909030110|943.34
1788894075|20260909030115|943.22
1788894080|20260909030120|943.15
1788894095|20260909030135|943.15
1788894100|20260909030140|943.15
1788894115|20260909030155|943.33
1788894125|20260909030205|943.28
1788894135|20260909030215|943.41
1788894140|20260909030220|943.35
1788894145|20260909030225|943.32
1788894155|20260909030235|943.19
1788894160|20260909030240|943.33
1788894165|20260909030245|943.46
1788894175|20260909030255|943.48
1788894185|20260909030305|944.05
1788894190|20260909030310|943.98
1788894195|20260909030315|944.04
1788894200|20260909030320|943.96
1788894215|20260909030335|943.91
1788894220|20260909030340|943.88
1788894225|20260909030345|943.80
1788894230|20260909030350|943.92
1788894235|20260909030355|943.90
1788894245|20260909030405|944.09
1788894250|20260909030410|944.15
1788894255|20260909030415|943.98
1788894260|20260909030420|943.94
1788894265|20260909030425|943.85
1788894300|20260909030500|943.84
1788894310|20260909030510|943.87
1788894315|20260909030515|943.77
1788894325|20260909030525|943.56
1788894335|20260909030535|943.38
1788894340|20260909030540|943.37
1788894345|20260909030545|943.22
1788894350|20260909030550|943.23
1788894355|20260909030555|943.26
1788894365|20260909030605|943.43
1788894370|20260909030610|943.47
1788894380|20260909030620|943.67
1788894385|20260909030625|943.76
1788894395|20260909030635|943.78
1788894400|20260909030640|943.81
1788894405|20260909030645|943.47
1788894410|20260909030650|943.50
1788894425|20260909030705|943.44
1788894430|20260909030710|943.41
1788894435|20260909030715|943.24
1788894440|20260909030720|943.29
1788894445|20260909030725|943.11
1788894455|20260909030735|942.69
1788894460|20260909030740|942.69
1788894465|20260909030745|942.73
1788894475|20260909030755|942.90
1788894490|20260909030810|943.15
1788894500|20260909030820|943.08
1788894505|20260909030825|943.00
1788894515|20260909030835|943.13
1788894520|20260909030840|943.12
1788894525|20260909030845|943.21
1788894530|20260909030850|943.34
1788894535|20260909030855|943.29
1788894545|20260909030905|943.17
1788894550|20260909030910|943.19
1788894555|20260909030915|943.18
1788894560|20260909030920|943.18
1788894565|20260909030925|943.37
1788894580|20260909030940|943.29
1788894605|20260909031005|943.04
1788894615|20260909031015|943.14
1788894620|20260909031020|943.15
1788894625|20260909031025|943.22
1788894635|20260909031035|943.32
1788894640|20260909031040|943.28
1788894645|20260909031045|943.40
1788894650|20260909031050|943.38
1788894655|20260909031055|943.43
1788894665|20260909031105|943.41
1788894670|20260909031110|943.33
1788894675|20260909031115|943.43
1788894680|20260909031120|943.37
1788894695|20260909031135|943.33
1788894700|20260909031140|943.34
1788894705|20260909031145|943.29
1788894715|20260909031155|943.49
1788894725|20260909031205|943.52
1788894730|20260909031210|943.43
1788894745|20260909031225|943.64
1788894755|20260909031235|943.61
1788894760|20260909031240|943.67
1788894765|20260909031245|943.67
1788894775|20260909031255|943.65
1788894785|20260909031305|943.63
1788894790|20260909031310|943.58
1788894795|20260909031315|943.49
1788894800|20260909031320|943.33
1788894805|20260909031325|943.63
1788894815|20260909031335|943.44
1788894825|20260909031345|943.43
1788894830|20260909031350|943.41
1788894835|20260909031355|943.41
1788894845|20260909031405|943.15
1788894850|20260909031410|943.22
1788894855|20260909031415|943.17
1788894865|20260909031425|943.15
1788894905|20260909031505|942.90
1788894910|20260909031510|943.08
1788894915|20260909031515|943.09
1788894920|20260909031520|943.04
1788894925|20260909031525|943.17
1788894935|20260909031535|943.34
1788894940|20260909031540|943.03
1788894945|20260909031545|942.92
1788894950|20260909031550|942.87
1788894955|20260909031555|942.80
1788894965|20260909031605|942.56
1788894970|20260909031610|942.68
1788894975|20260909031615|942.62
1788894980|20260909031620|942.74
1788894985|20260909031625|942.68
1788894995|20260909031635|942.73
1788895000|20260909031640|942.87
1788895005|20260909031645|942.91
1788895010|20260909031650|942.94
1788895015|20260909031655|942.93
1788895025|20260909031705|942.97
1788895030|20260909031710|942.94
1788895035|20260909031715|942.76
1788895040|20260909031720|942.69
1788895045|20260909031725|942.66
1788895060|20260909031740|942.51
1788895065|20260909031745|942.41
1788895075|20260909031755|942.42
1788895095|20260909031815|942.57
1788895100|20260909031820|942.54
1788895115|20260909031835|942.56
1788895120|20260909031840|942.63
1788895125|20260909031845|942.53
1788895130|20260909031850|942.49
1788895135|20260909031855|942.35
1788895145|20260909031905|942.43
1788895155|20260909031915|942.39
1788895160|20260909031920|942.39
1788895165|20260909031925|942.38
1788895200|20260909032000|942.32
1788895205|20260909032005|942.28
1788895210|20260909032010|942.31
1788895220|20260909032020|942.27
1788895265|20260909032105|942.46
1788895270|20260909032110|942.52
1788895280|20260909032120|942.75
1788895285|20260909032125|942.55
1788895295|20260909032135|942.57
1788895300|20260909032140|942.60
1788895310|20260909032150|942.70
1788895315|20260909032155|942.86
1788895325|20260909032205|942.61
1788895330|20260909032210|942.51
1788895340|20260909032220|942.43
1788895345|20260909032225|942.27
1788895355|20260909032235|942.44
1788895365|20260909032245|942.43
1788895370|20260909032250|942.39
1788895375|20260909032255|942.40
1788895385|20260909032305|942.43
1788895390|20260909032310|942.41
1788895400|20260909032320|942.27
1788895405|20260909032325|942.31
1788895415|20260909032335|942.27
1788895420|20260909032340|942.53
1788895425|20260909032345|942.54
1788895430|20260909032350|942.58
1788895435|20260909032355|942.60
1788895450|20260909032410|942.57
1788895460|20260909032420|942.28
1788895465|20260909032425|942.27
1788895505|20260909032505|942.10
1788895510|20260909032510|942.16
1788895520|20260909032520|942.24
1788895525|20260909032525|942.18
1788895535|20260909032535|942.12
1788895540|20260909032540|942.06
1788895550|20260909032550|942.43
1788895555|20260909032555|942.42
1788895565|20260909032605|942.26
1788895570|20260909032610|942.35
1788895575|20260909032615|942.43
1788895580|20260909032620|942.33
1788895585|20260909032625|942.07
1788895595|20260909032635|942.23
1788895600|20260909032640|942.25
1788895605|20260909032645|942.27
1788895610|20260909032650|942.36
1788895615|20260909032655|942.43
1788895620|20260909032700|942.25
1788895635|20260909032715|942.32
1788895660|20260909032740|942.61
1788895665|20260909032745|942.69
1788895670|20260909032750|942.61
1788895675|20260909032755|942.64
1788895680|20260909032800|942.67
1788895685|20260909032805|942.54
1788895690|20260909032810|942.55
1788895695|20260909032815|942.44
1788895700|20260909032820|942.53
1788895705|20260909032825|942.41
1788895710|20260909032830|942.44
1788895715|20260909032835|942.49
1788895720|20260909032840|942.33
1788895725|20260909032845|942.51
1788895730|20260909032850|942.51
1788895735|20260909032855|942.44
1788895740|20260909032900|942.44
1788895750|20260909032910|942.50
1788895755|20260909032915|942.60
1788895760|20260909032920|942.64
1788895765|20260909032925|942.62
1788895805|20260909033005|942.40
1788895810|20260909033010|942.26
1788895815|20260909033015|942.30
1788895820|20260909033020|942.27
1788895825|20260909033025|942.03
1788895835|20260909033035|941.95
1788895840|20260909033040|941.86
1788895845|20260909033045|942.02
1788895850|20260909033050|941.91
1788895855|20260909033055|942.00
1788895860|20260909033100|942.02
1788895865|20260909033105|941.98
1788895875|20260909033115|941.88
1788895880|20260909033120|941.87
1788895885|20260909033125|941.95
1788895895|20260909033135|941.88
1788895900|20260909033140|941.95
1788895905|20260909033145|941.95
1788895910|20260909033150|941.91
1788895925|20260909033205|941.90
1788895930|20260909033210|941.86
1788895935|20260909033215|941.88
1788895940|20260909033220|941.82
1788895945|20260909033225|941.84
1788895955|20260909033235|941.91
1788895960|20260909033240|941.82
1788895965|20260909033245|941.78
1788895970|20260909033250|941.79
1788895975|20260909033255|941.75
1788895985|20260909033305|941.59
1788895990|20260909033310|941.30
1788895995|20260909033315|941.38
1788896000|20260909033320|941.30
1788896005|20260909033325|941.25
1788896015|20260909033335|941.21
1788896025|20260909033345|941.21
1788896035|20260909033355|941.27
1788896045|20260909033405|941.02
1788896050|20260909033410|941.07
1788896055|20260909033415|941.00
1788896060|20260909033420|941.31
1788896065|20260909033425|941.28
1788896100|20260909033500|941.56
1788896105|20260909033505|941.60
1788896110|20260909033510|941.87
1788896115|20260909033515|941.88
1788896120|20260909033520|941.80
1788896125|20260909033525|941.84
1788896135|20260909033535|942.00
1788896140|20260909033540|942.01
1788896145|20260909033545|941.97
1788896150|20260909033550|941.99
1788896155|20260909033555|942.04
1788896165|20260909033605|942.03
1788896170|20260909033610|942.08
1788896175|20260909033615|942.31
1788896180|20260909033620|942.32
1788896185|20260909033625|942.20
1788896195|20260909033635|942.21
1788896200|20260909033640|942.15
1788896205|20260909033645|942.01
1788896215|20260909033655|941.99
1788896220|20260909033700|941.97
1788896225|20260909033705|942.06
1788896230|20260909033710|941.99
1788896235|20260909033715|942.07
1788896245|20260909033725|942.35
1788896255|20260909033735|942.29
1788896260|20260909033740|942.20
1788896265|20260909033745|942.18
1788896270|20260909033750|942.14
1788896275|20260909033755|942.14
1788896280|20260909033800|942.24
1788896285|20260909033805|942.18
1788896290|20260909033810|942.42
1788896295|20260909033815|942.36
1788896300|20260909033820|942.47
1788896315|20260909033835|942.67
1788896320|20260909033840|942.65
1788896330|20260909033850|942.53
1788896335|20260909033855|942.54
1788896340|20260909033900|942.60
1788896350|20260909033910|942.60
1788896355|20260909033915|942.62
1788896360|20260909033920|942.61
1788896365|20260909033925|942.38
1788896405|20260909034005|942.22
1788896410|20260909034010|942.22
1788896415|20260909034015|942.23
1788896420|20260909034020|942.19
1788896425|20260909034025|942.16
1788896440|20260909034040|942.18
1788896450|20260909034050|942.28
1788896460|20260909034100|942.37
1788896465|20260909034105|942.22
1788896470|20260909034110|942.19
1788896475|20260909034115|942.31
1788896480|20260909034120|942.30
1788896500|20260909034140|942.29
1788896510|20260909034150|942.29
1788896515|20260909034155|942.28
1788896525|20260909034205|942.17
1788896530|20260909034210|942.02
1788896535|20260909034215|942.12
1788896540|20260909034220|942.34
1788896545|20260909034225|942.32
1788896555|20260909034235|942.59
1788896560|20260909034240|942.59
1788896565|20260909034245|942.49
1788896570|20260909034250|942.53
1788896575|20260909034255|942.60
1788896585|20260909034305|942.55
1788896590|20260909034310|942.49
1788896595|20260909034315|942.46
1788896600|20260909034320|942.41
1788896605|20260909034325|942.46
1788896615|20260909034335|942.63
1788896625|20260909034345|942.66
1788896645|20260909034405|942.35
1788896650|20260909034410|942.37
1788896655|20260909034415|942.40
1788896660|20260909034420|942.47
1788896700|20260909034500|942.46
1788896705|20260909034505|942.47
1788896710|20260909034510|942.46
1788896715|20260909034515|942.28
1788896720|20260909034520|942.22
1788896725|20260909034525|942.24
1788896735|20260909034535|942.23
1788896750|20260909034550|942.15
1788896755|20260909034555|942.11
1788896765|20260909034605|941.99
1788896770|20260909034610|942.00
1788896775|20260909034615|941.93
1788896780|20260909034620|941.97
1788896795|20260909034635|942.07
1788896800|20260909034640|942.00
1788896805|20260909034645|941.89
1788896810|20260909034650|942.00
1788896815|20260909034655|941.81
1788896825|20260909034705|941.81
1788896835|20260909034715|941.88
1788896840|20260909034720|941.81
1788896855|20260909034735|941.85
1788896860|20260909034740|941.86
1788896865|20260909034745|941.83
1788896870|20260909034750|941.80
1788896875|20260909034755|941.97
1788896885|20260909034805|942.05
1788896890|20260909034810|942.00
1788896895|20260909034815|941.87
1788896900|20260909034820|941.86
1788896905|20260909034825|941.97
1788896915|20260909034835|941.86
1788896920|20260909034840|941.88
1788896925|20260909034845|941.92
1788896935|20260909034855|941.71
1788896945|20260909034905|941.78
1788896950|20260909034910|941.74
1788896955|20260909034915|941.79
1788896960|20260909034920|941.92
1788896965|20260909034925|941.86
1788897000|20260909035000|941.92
1788897005|20260909035005|941.81
1788897010|20260909035010|941.71
1788897020|20260909035020|941.19
1788897025|20260909035025|941.12
1788897035|20260909035035|941.22
1788897040|20260909035040|941.11
1788897050|20260909035050|941.15
1788897065|20260909035105|941.24
1788897070|20260909035110|941.38
1788897075|20260909035115|941.29
1788897080|20260909035120|941.35
1788897085|20260909035125|941.37
1788897090|20260909035130|941.31
1788897095|20260909035135|941.28
1788897105|20260909035145|941.53
1788897115|20260909035155|941.43
1788897120|20260909035200|941.38
1788897130|20260909035210|941.21
1788897135|20260909035215|941.44
1788897140|20260909035220|941.30
1788897145|20260909035225|941.22
1788897165|20260909035245|941.23
1788897170|20260909035250|941.06
1788897175|20260909035255|940.97
1788897180|20260909035300|941.13
1788897185|20260909035305|941.12
1788897190|20260909035310|941.24
1788897195|20260909035315|941.15
1788897200|20260909035320|941.24
1788897205|20260909035325|941.17
1788897210|20260909035330|941.19
1788897215|20260909035335|941.20
1788897220|20260909035340|941.13
1788897230|20260909035350|941.10
1788897235|20260909035355|941.01
1788897240|20260909035400|940.97
1788897245|20260909035405|940.90
1788897250|20260909035410|941.17
1788897255|20260909035415|941.19
1788897260|20260909035420|941.23
1788897285|20260909035445|941.32
1788897290|20260909035450|941.38
1788897300|20260909035500|941.44
1788897305|20260909035505|941.40
1788897310|20260909035510|941.35
1788897315|20260909035515|941.32
1788897320|20260909035520|940.92
1788897335|20260909035535|940.89
1788897340|20260909035540|940.94
1788897350|20260909035550|940.95
1788897355|20260909035555|940.95
1788897370|20260909035610|941.03
1788897375|20260909035615|941.23
1788897380|20260909035620|941.25
1788897385|20260909035625|941.17
1788897395|20260909035635|941.09
1788897400|20260909035640|941.04
1788897405|20260909035645|940.95
1788897410|20260909035650|940.79
1788897420|20260909035700|940.73
1788897430|20260909035710|940.93
1788897435|20260909035715|941.00
1788897440|20260909035720|941.02
1788897455|20260909035735|941.08
1788897460|20260909035740|941.15
1788897465|20260909035745|941.21
1788897470|20260909035750|941.20
1788897475|20260909035755|941.29
1788897485|20260909035805|941.20
1788897490|20260909035810|941.18
1788897495|20260909035815|941.17
1788897500|20260909035820|941.19
1788897505|20260909035825|941.27
1788897510|20260909035830|941.19
1788897515|20260909035835|941.27
1788897525|20260909035845|940.92
1788897530|20260909035850|940.79
1788897535|20260909035855|940.51
1788897540|20260909035900|940.33
1788897545|20260909035905|940.27
1788897550|20260909035910|940.02
1788897555|20260909035915|940.00
1788897560|20260909035920|940.01
1788897565|20260909035925|940.08
1788897575|20260909035935|940.34
1788897600|20260909040000|940.49
1788897605|20260909040005|940.54
1788897610|20260909040010|940.67
1788897615|20260909040015|940.87
1788897620|20260909040020|940.81
1788897625|20260909040025|941.03
1788897630|20260909040030|940.86
1788897635|20260909040035|940.97
1788897640|20260909040040|940.94
1788897645|20260909040045|940.98
1788897650|20260909040050|940.99
1788897655|20260909040055|941.10
1788897660|20260909040100|941.12
1788897665|20260909040105|941.07
1788897670|20260909040110|941.07
1788897680|20260909040120|941.24
1788897685|20260909040125|941.36
1788897695|20260909040135|941.43
1788897700|20260909040140|941.41
1788897705|20260909040145|941.24
1788897710|20260909040150|941.05
1788897715|20260909040155|940.87
1788897725|20260909040205|940.93
1788897730|20260909040210|940.95
1788897735|20260909040215|941.11
1788897740|20260909040220|940.90
1788897745|20260909040225|940.85
1788897755|20260909040235|940.94
1788897760|20260909040240|940.94
1788897765|20260909040245|940.95
1788897770|20260909040250|940.93
1788897775|20260909040255|940.75
1788897780|20260909040300|940.83
1788897785|20260909040305|940.92
1788897790|20260909040310|940.91
1788897795|20260909040315|940.90
1788897800|20260909040320|940.90
1788897815|20260909040335|940.67
1788897820|20260909040340|940.67
1788897830|20260909040350|940.64
1788897835|20260909040355|940.53
1788897840|20260909040400|940.52
1788897845|20260909040405|940.37
1788897855|20260909040415|940.22
1788897860|20260909040420|940.27
1788897865|20260909040425|940.21
1788897905|20260909040505|940.16
1788897910|20260909040510|940.09
1788897915|20260909040515|940.11
1788897925|20260909040525|940.13
1788897940|20260909040540|940.27
1788897945|20260909040545|940.25
1788897950|20260909040550|940.21
1788897955|20260909040555|940.16
1788897960|20260909040600|940.17
1788897965|20260909040605|940.12
1788897970|20260909040610|940.26
1788897975|20260909040615|940.19
1788897980|20260909040620|940.02
1788897985|20260909040625|940.13
1788897995|20260909040635|939.92
1788898000|20260909040640|939.88
1788898005|20260909040645|939.91
1788898010|20260909040650|939.91
1788898020|20260909040700|940.09
1788898025|20260909040705|940.17
1788898030|20260909040710|940.24
1788898035|20260909040715|940.34
1788898040|20260909040720|940.25
1788898055|20260909040735|940.24
1788898065|20260909040745|940.26
1788898080|20260909040800|940.19
1788898085|20260909040805|940.26
1788898100|20260909040820|940.30
1788898105|20260909040825|940.16
1788898115|20260909040835|940.26
1788898125|20260909040845|940.12
1788898135|20260909040855|940.12
1788898150|20260909040910|939.87
1788898160|20260909040920|939.78
1788898165|20260909040925|939.80
1788898205|20260909041005|940.05
1788898210|20260909041010|940.04
1788898215|20260909041015|939.99
1788898220|20260909041020|939.97
1788898225|20260909041025|940.05
1788898235|20260909041035|940.05
1788898245|20260909041045|940.09
1788898250|20260909041050|940.13
1788898260|20260909041100|940.28
1788898270|20260909041110|940.43
1788898280|20260909041120|940.51
1788898285|20260909041125|940.46
1788898295|20260909041135|940.50
1788898300|20260909041140|940.53
1788898310|20260909041150|940.55
1788898315|20260909041155|940.57
1788898325|20260909041205|940.62
1788898330|20260909041210|940.61
1788898340|20260909041220|940.58
1788898360|20260909041240|940.38
1788898370|20260909041250|940.59
1788898375|20260909041255|940.64
1788898380|20260909041300|940.69
1788898385|20260909041305|940.68
1788898395|20260909041315|940.83
1788898400|20260909041320|940.93
1788898405|20260909041325|940.89
1788898415|20260909041335|940.90
1788898420|20260909041340|940.84
1788898425|20260909041345|940.86
1788898430|20260909041350|940.86
1788898435|20260909041355|940.83
1788898440|20260909041400|940.88
1788898445|20260909041405|940.97
1788898455|20260909041415|941.03
1788898465|20260909041425|940.97
1788898500|20260909041500|940.67
1788898505|20260909041505|940.73
1788898510|20260909041510|940.63
1788898515|20260909041515|940.69
1788898520|20260909041520|940.64
1788898525|20260909041525|940.72
1788898540|20260909041540|940.60
1788898545|20260909041545|940.63
1788898550|20260909041550|940.76
1788898565|20260909041605|940.56
1788898575|20260909041615|940.53
1788898580|20260909041620|940.53
1788898585|20260909041625|940.52
1788898595|20260909041635|940.52
1788898600|20260909041640|940.50
1788898605|20260909041645|940.49
1788898610|20260909041650|940.55
1788898615|20260909041655|940.58
1788898635|20260909041715|940.62
1788898640|20260909041720|940.66
1788898645|20260909041725|940.64
1788898655|20260909041735|940.67
1788898665|20260909041745|940.75
1788898670|20260909041750|940.75
1788898675|20260909041755|940.72
1788898685|20260909041805|940.70
1788898695|20260909041815|940.72
1788898700|20260909041820|940.61
1788898705|20260909041825|940.59
1788898715|20260909041835|940.62
1788898720|20260909041840|940.65
1788898725|20260909041845|940.67
1788898730|20260909041850|940.67
1788898735|20260909041855|940.71
1788898745|20260909041905|940.72
1788898750|20260909041910|940.69
1788898760|20260909041920|940.76
1788898765|20260909041925|940.72
1788898805|20260909042005|940.89
1788898810|20260909042010|940.91
1788898815|20260909042015|940.84
1788898820|20260909042020|940.82
1788898825|20260909042025|940.82
1788898835|20260909042035|940.82
1788898840|20260909042040|940.89
1788898845|20260909042045|940.84
1788898850|20260909042050|940.83
1788898855|20260909042055|940.82
1788898865|20260909042105|940.75
1788898880|20260909042120|940.62
1788898885|20260909042125|940.62
1788898895|20260909042135|940.66
1788898900|20260909042140|940.63
1788898905|20260909042145|940.60
1788898915|20260909042155|940.56
1788898925|20260909042205|940.70
1788898930|20260909042210|940.73
1788898940|20260909042220|940.74
1788898945|20260909042225|940.69
1788898960|20260909042240|940.71
1788898965|20260909042245|940.84
1788898975|20260909042255|940.82
1788898985|20260909042305|940.83
1788898990|20260909042310|940.81
1788898995|20260909042315|940.75
1788899000|20260909042320|940.75
1788899005|20260909042325|940.78
1788899020|20260909042340|940.78
1788899025|20260909042345|940.80
1788899030|20260909042350|940.74
1788899035|20260909042355|940.62
1788899045|20260909042405|940.68
1788899050|20260909042410|940.67
1788899055|20260909042415|940.70
1788899060|20260909042420|940.70
1788899065|20260909042425|940.67
1788899100|20260909042500|940.42
1788899105|20260909042505|940.48
1788899115|20260909042515|940.47
1788899120|20260909042520|940.41
1788899145|20260909042545|940.39
1788899150|20260909042550|940.36
1788899155|20260909042555|940.36
1788899165|20260909042605|940.37
1788899170|20260909042610|940.38
1788899175|20260909042615|940.30
1788899180|20260909042620|940.30
1788899185|20260909042625|940.35
1788899195|20260909042635|940.38
1788899200|20260909042640|940.42
1788899205|20260909042645|940.32
1788899210|20260909042650|940.32
1788899215|20260909042655|940.23
1788899225|20260909042705|940.12
1788899235|20260909042715|940.15
1788899240|20260909042720|940.15
1788899245|20260909042725|940.14
1788899255|20260909042735|940.22
1788899260|20260909042740|940.22
1788899265|20260909042745|940.24
1788899270|20260909042750|940.24
1788899275|20260909042755|940.38
1788899285|20260909042805|940.35
1788899290|20260909042810|940.31
1788899295|20260909042815|940.29
1788899300|20260909042820|940.29
1788899305|20260909042825|940.29
1788899315|20260909042835|940.29
1788899320|20260909042840|940.29
1788899345|20260909042905|939.85
1788899350|20260909042910|939.86
1788899355|20260909042915|939.86
1788899360|20260909042920|939.80
1788899365|20260909042925|939.79
1788899400|20260909043000|939.91
1788899405|20260909043005|940.10
1788899410|20260909043010|940.15
1788899415|20260909043015|940.12
1788899420|20260909043020|940.17
1788899425|20260909043025|940.23
1788899440|20260909043040|940.19
1788899445|20260909043045|940.13
1788899450|20260909043050|940.17
1788899455|20260909043055|940.17
1788899460|20260909043100|940.15
1788899465|20260909043105|940.08
1788899470|20260909043110|939.96
1788899475|20260909043115|940.04
1788899480|20260909043120|940.05
1788899485|20260909043125|940.02
1788899495|20260909043135|940.07
1788899505|20260909043145|940.00
1788899515|20260909043155|939.97
1788899525|20260909043205|939.92
1788899530|20260909043210|939.92
1788899535|20260909043215|939.90
1788899545|20260909043225|940.02
1788899560|20260909043240|940.10
1788899565|20260909043245|940.00
1788899575|20260909043255|940.00
1788899585|20260909043305|939.97
1788899590|20260909043310|939.99
1788899595|20260909043315|939.89
1788899600|20260909043320|939.97
1788899605|20260909043325|939.95
1788899615|20260909043335|939.95
1788899620|20260909043340|939.90
1788899625|20260909043345|940.02
1788899630|20260909043350|940.14
1788899635|20260909043355|940.19
1788899650|20260909043410|940.20
1788899660|20260909043420|940.20
1788899665|20260909043425|940.20
1788899670|20260909043430|940.20
1788899690|20260909043450|940.21
1788899700|20260909043500|940.19
1788899705|20260909043505|940.22
1788899710|20260909043510|940.23
1788899720|20260909043520|940.33
1788899735|20260909043535|940.27
1788899740|20260909043540|940.25
1788899765|20260909043605|940.30
1788899770|20260909043610|940.33
1788899775|20260909043615|940.33
1788899780|20260909043620|940.33
1788899785|20260909043625|940.33
1788899795|20260909043635|940.27
1788899800|20260909043640|940.27
1788899805|20260909043645|940.21
1788899810|20260909043650|940.22
1788899815|20260909043655|940.24
1788899820|20260909043700|940.18
1788899825|20260909043705|940.16
1788899830|20260909043710|940.21
1788899835|20260909043715|940.19
1788899840|20260909043720|940.26
1788899845|20260909043725|940.33
1788899855|20260909043735|940.10
1788899865|20260909043745|940.10
1788899870|20260909043750|940.08
1788899875|20260909043755|940.13
1788899885|20260909043805|940.13
1788899890|20260909043810|940.08
1788899895|20260909043815|940.08
1788899900|20260909043820|940.07
1788899905|20260909043825|940.07
1788899915|20260909043835|940.04
1788899920|20260909043840|940.07
1788899925|20260909043845|940.07
1788899930|20260909043850|940.02
1788899935|20260909043855|940.01
1788899940|20260909043900|940.01
1788899945|20260909043905|940.01
1788899950|20260909043910|940.01
1788899955|20260909043915|939.99
1788899960|20260909043920|940.15
1788899970|20260909043930|940.04
1788899975|20260909043935|940.09
1788900000|20260909044000|940.11
1788900005|20260909044005|940.12
1788900015|20260909044015|940.19
1788900020|20260909044020|940.22
1788900025|20260909044025|940.22
1788900035|20260909044035|940.25
1788900040|20260909044040|940.25
1788900045|20260909044045|940.15
1788900050|20260909044050|940.12
1788900055|20260909044055|940.08
1788900065|20260909044105|940.11
1788900075|20260909044115|940.05
1788900080|20260909044120|940.06
1788900085|20260909044125|940.06
1788900095|20260909044135|940.07
1788900100|20260909044140|940.07
1788900110|20260909044150|940.07
1788900115|20260909044155|940.09
1788900120|20260909044200|940.12
1788900125|20260909044205|940.09
1788900130|20260909044210|940.07
1788900140|20260909044220|940.09
1788900145|20260909044225|940.07
1788900155|20260909044235|940.09
1788900160|20260909044240|940.07
1788900185|20260909044305|940.11
1788900190|20260909044310|940.11
1788900195|20260909044315|940.11
1788900200|20260909044320|940.11
1788900205|20260909044325|940.11
1788900210|20260909044330|940.20
1788900215|20260909044335|940.20
1788900220|20260909044340|940.20
1788900230|20260909044350|940.20
1788900235|20260909044355|940.23
1788900240|20260909044400|940.26
1788900245|20260909044405|940.28
1788900250|20260909044410|940.28
1788900255|20260909044415|940.21
1788900265|20260909044425|940.05
1788900285|20260909044445|940.14
1788900300|20260909044500|940.18
1788900310|20260909044510|940.18
1788900315|20260909044515|940.15
1788900325|20260909044525|940.10
1788900335|20260909044535|940.15
1788900340|20260909044540|940.09
1788900345|20260909044545|940.06
1788900350|20260909044550|940.07
1788900355|20260909044555|940.08
1788900365|20260909044605|939.90
1788900370|20260909044610|939.84
1788900380|20260909044620|939.80
1788900385|20260909044625|939.79
1788900390|20260909044630|939.82
1788900395|20260909044635|939.73
1788900400|20260909044640|939.80
1788900405|20260909044645|939.89
1788900410|20260909044650|939.90
1788900415|20260909044655|939.83
1788900420|20260909044700|939.83
1788900425|20260909044705|939.83
1788900430|20260909044710|939.80
1788900435|20260909044715|939.81
1788900440|20260909044720|939.81
1788900450|20260909044730|939.82
1788900455|20260909044735|939.82
1788900460|20260909044740|939.81
1788900465|20260909044745|939.81
1788900470|20260909044750|939.84
1788900475|20260909044755|939.83
1788900480|20260909044800|939.81
1788900485|20260909044805|939.81
1788900495|20260909044815|939.81
1788900500|20260909044820|939.81
1788900505|20260909044825|939.81
1788900515|20260909044835|939.87
1788900520|20260909044840|939.75
1788900525|20260909044845|939.72
1788900530|20260909044850|939.72
1788900535|20260909044855|939.72
1788900545|20260909044905|939.70
1788900550|20260909044910|939.70
1788900555|20260909044915|939.70
1788900560|20260909044920|939.70
1788900565|20260909044925|939.70
1788900570|20260909044930|939.71
1788900575|20260909044935|939.71
1788900580|20260909044940|939.71
1788900605|20260909045005|938.60
1788900610|20260909045010|938.49
1788900615|20260909045015|938.66
1788900620|20260909045020|938.73
1788900625|20260909045025|938.69
1788900640|20260909045040|938.59
1788900645|20260909045045|938.70
1788900650|20260909045050|938.72
1788900655|20260909045055|938.67
1788900660|20260909045100|938.65
1788900665|20260909045105|938.75
1788900670|20260909045110|938.74
1788900675|20260909045115|938.84
1788900680|20260909045120|939.11
1788900685|20260909045125|938.93
1788900695|20260909045135|939.04
1788900705|20260909045145|939.02
1788900710|20260909045150|939.02
1788900715|20260909045155|938.99
1788900720|20260909045200|938.94
1788900725|20260909045205|938.94
1788900730|20260909045210|939.01
1788900735|20260909045215|938.91
1788900740|20260909045220|938.98
1788900745|20260909045225|938.96
1788900755|20260909045235|939.23
1788900760|20260909045240|939.14
1788900765|20260909045245|939.05
1788900775|20260909045255|939.10
1788900780|20260909045300|939.16
1788900785|20260909045305|939.18
1788900790|20260909045310|939.54
1788900800|20260909045320|939.65
1788900805|20260909045325|939.64
1788900815|20260909045335|939.58
1788900820|20260909045340|939.61
1788900825|20260909045345|939.61
1788900830|20260909045350|939.61
1788900840|20260909045400|939.61
1788900845|20260909045405|939.39
1788900850|20260909045410|939.32
1788900855|20260909045415|939.28
1788900860|20260909045420|939.27
1788900865|20260909045425|939.26
1788900905|20260909045505|939.19
1788900910|20260909045510|939.26
1788900915|20260909045515|939.23
1788900920|20260909045520|939.45
1788900925|20260909045525|939.43
1788900935|20260909045535|939.53
1788900940|20260909045540|939.56
1788900945|20260909045545|939.55
1788900950|20260909045550|939.50
1788900955|20260909045555|939.50
1788900980|20260909045620|939.56
1788900995|20260909045635|939.57
1788901000|20260909045640|939.59
1788901005|20260909045645|939.59
1788901010|20260909045650|939.62
1788901015|20260909045655|939.58
1788901025|20260909045705|939.53
1788901030|20260909045710|939.43
1788901035|20260909045715|939.43
1788901040|20260909045720|939.47
1788901055|20260909045735|939.38
1788901060|20260909045740|939.41
1788901065|20260909045745|939.56
1788901070|20260909045750|939.59
1788901075|20260909045755|939.65
1788901095|20260909045815|939.63
1788901100|20260909045820|939.73
1788901115|20260909045835|939.65
1788901120|20260909045840|939.66
1788901125|20260909045845|939.68
1788901130|20260909045850|939.65
1788901135|20260909045855|939.68
1788901150|20260909045910|939.58
1788901155|20260909045915|939.65
1788901160|20260909045920|939.70
1788901161|20260909045921|939.70
