1790352005|20260926000005|927.00
1790352015|20260926000015|927.04
1790352020|20260926000020|926.91
1790352035|20260926000035|926.81
1790352045|20260926000045|926.77
1790352050|20260926000050|926.96
1790352055|20260926000055|927.22
1790352070|20260926000110|927.77
1790352075|20260926000115|927.85
1790352085|20260926000125|927.36
1790352095|20260926000135|927.45
1790352105|20260926000145|927.29
1790352115|20260926000155|927.10
1790352125|20260926000205|927.06
1790352130|20260926000210|926.70
1790352135|20260926000215|927.23
1790352160|20260926000240|927.24
1790352165|20260926000245|927.20
1790352185|20260926000305|927.29
1790352195|20260926000315|927.46
1790352200|20260926000320|927.66
1790352205|20260926000325|927.55
1790352215|20260926000335|927.73
1790352220|20260926000340|927.89
1790352225|20260926000345|928.22
1790352250|20260926000410|928.25
1790352255|20260926000415|927.98
1790352260|20260926000420|927.69
1790352290|20260926000450|927.11
1790352305|20260926000505|927.80
1790352315|20260926000515|927.27
1790352335|20260926000535|927.80
1790352340|20260926000540|927.80
1790352345|20260926000545|927.79
1790352350|20260926000550|927.46
1790352370|20260926000610|927.40
1790352375|20260926000615|927.21
1790352380|20260926000620|927.52
1790352385|20260926000625|927.95
1790352395|20260926000635|928.31
1790352400|20260926000640|928.70
1790352410|20260926000650|928.73
1790352415|20260926000655|928.52
1790352430|20260926000710|928.79
1790352435|20260926000715|928.29
1790352440|20260926000720|928.25
1790352445|20260926000725|928.31
1790352455|20260926000735|927.86
1790352465|20260926000745|927.52
1790352470|20260926000750|927.47
1790352475|20260926000755|927.54
1790352485|20260926000805|927.49
1790352490|20260926000810|927.41
1790352495|20260926000815|927.55
1790352500|20260926000820|927.67
1790352515|20260926000835|927.54
1790352525|20260926000845|927.14
1790352530|20260926000850|927.47
1790352535|20260926000855|927.46
1790352545|20260926000905|927.33
1790352560|20260926000920|927.20
1790352565|20260926000925|927.20
1790352595|20260926000955|927.52
1790352605|20260926001005|927.66
1790352610|20260926001010|927.43
1790352615|20260926001015|927.39
1790352620|20260926001020|927.63
1790352625|20260926001025|927.86
1790352635|20260926001035|927.81
1790352640|20260926001040|927.96
1790352645|20260926001045|927.82
1790352650|20260926001050|927.82
1790352665|20260926001105|927.58
1790352670|20260926001110|927.29
1790352675|20260926001115|927.33
1790352680|20260926001120|927.17
1790352685|20260926001125|927.19
1790352695|20260926001135|927.14
1790352700|20260926001140|927.14
1790352705|20260926001145|927.06
1790352710|20260926001150|927.06
1790352715|20260926001155|927.12
1790352725|20260926001205|927.33
1790352730|20260926001210|927.43
1790352735|20260926001215|927.40
1790352740|20260926001220|927.13
1790352745|20260926001225|927.21
1790352755|20260926001235|927.25
1790352765|20260926001245|926.91
1790352770|20260926001250|926.94
1790352775|20260926001255|927.18
1790352785|20260926001305|927.27
1790352795|20260926001315|926.97
1790352800|20260926001320|926.76
1790352805|20260926001325|926.82
1790352830|20260926001350|926.92
1790352835|20260926001355|926.81
1790352845|20260926001405|926.88
1790352850|20260926001410|926.83
1790352855|20260926001415|926.51
1790352860|20260926001420|926.72
1790352905|20260926001505|926.61
1790352915|20260926001515|926.54
1790352920|20260926001520|926.54
1790352935|20260926001535|926.63
1790352940|20260926001540|926.62
1790352945|20260926001545|926.74
1790352950|20260926001550|926.75
1790352955|20260926001555|926.61
1790352965|20260926001605|926.81
1790352970|20260926001610|926.36
1790352995|20260926001635|926.54
1790353000|20260926001640|926.63
1790353005|20260926001645|926.79
1790353010|20260926001650|926.82
1790353015|20260926001655|926.97
1790353025|20260926001705|927.03
1790353030|20260926001710|927.12
1790353035|20260926001715|927.04
1790353040|20260926001720|927.06
1790353055|20260926001735|926.93
1790353065|20260926001745|926.87
1790353070|20260926001750|926.86
1790353075|20260926001755|926.62
1790353085|20260926001805|926.57
1790353090|20260926001810|926.54
1790353095|20260926001815|926.69
1790353100|20260926001820|926.72
1790353105|20260926001825|926.61
1790353120|20260926001840|926.65
1790353125|20260926001845|926.59
1790353145|20260926001905|926.40
1790353150|20260926001910|926.38
1790353155|20260926001915|926.30
1790353160|20260926001920|926.30
1790353165|20260926001925|926.39
1790353205|20260926002005|926.40
1790353210|20260926002010|926.33
1790353215|20260926002015|926.27
1790353220|20260926002020|926.77
1790353225|20260926002025|926.54
1790353240|20260926002040|926.65
1790353245|20260926002045|926.47
1790353250|20260926002050|926.35
1790353255|20260926002055|926.34
1790353265|20260926002105|926.19
1790353270|20260926002110|926.25
1790353275|20260926002115|926.25
1790353280|20260926002120|926.35
1790353295|20260926002135|926.49
1790353300|20260926002140|926.40
1790353310|20260926002150|926.33
1790353325|20260926002205|926.29
1790353330|20260926002210|926.24
1790353335|20260926002215|926.21
1790353340|20260926002220|926.09
1790353345|20260926002225|926.22
1790353385|20260926002305|926.19
1790353390|20260926002310|926.13
1790353395|20260926002315|926.15
1790353405|20260926002325|926.09
1790353420|20260926002340|925.92
1790353425|20260926002345|926.05
1790353430|20260926002350|926.20
1790353445|20260926002405|926.06
1790353450|20260926002410|925.87
1790353460|20260926002420|925.99
1790353465|20260926002425|925.73
1790353505|20260926002505|926.42
1790353515|20260926002515|926.43
1790353520|20260926002520|926.34
1790353525|20260926002525|926.35
1790353535|20260926002535|926.44
1790353540|20260926002540|926.19
1790353555|20260926002555|926.30
1790353565|20260926002605|926.45
1790353570|20260926002610|926.48
1790353575|20260926002615|926.68
1790353595|20260926002635|926.89
1790353600|20260926002640|926.65
1790353605|20260926002645|926.72
1790353610|20260926002650|926.65
1790353625|20260926002705|927.00
1790353630|20260926002710|927.36
1790353635|20260926002715|927.04
1790353645|20260926002725|926.96
1790353655|20260926002735|926.98
1790353660|20260926002740|927.00
1790353670|20260926002750|927.04
1790353675|20260926002755|927.22
1790353685|20260926002805|926.97
1790353695|20260926002815|926.96
1790353700|20260926002820|926.98
1790353705|20260926002825|926.87
1790353715|20260926002835|926.88
1790353725|20260926002845|927.02
1790353735|20260926002855|927.10
1790353745|20260926002905|927.15
1790353750|20260926002910|927.15
1790353760|20260926002920|927.13
1790353800|20260926003000|927.04
1790353805|20260926003005|927.13
1790353810|20260926003010|927.22
1790353815|20260926003015|927.00
1790353820|20260926003020|927.00
1790353835|20260926003035|927.24
1790353840|20260926003040|927.12
1790353845|20260926003045|927.12
1790353850|20260926003050|927.20
1790353855|20260926003055|927.25
1790353865|20260926003105|926.95
1790353870|20260926003110|927.02
1790353875|20260926003115|926.95
1790353880|20260926003120|927.04
1790353885|20260926003125|927.00
1790353895|20260926003135|927.12
1790353900|20260926003140|927.13
1790353905|20260926003145|927.18
1790353925|20260926003205|927.03
1790353930|20260926003210|927.19
1790353935|20260926003215|927.19
1790353940|20260926003220|927.20
1790353945|20260926003225|927.32
1790353955|20260926003235|927.17
1790353965|20260926003245|927.01
1790353985|20260926003305|926.71
1790353990|20260926003310|926.83
1790353995|20260926003315|926.91
1790354000|20260926003320|926.92
1790354005|20260926003325|926.72
1790354015|20260926003335|926.68
1790354020|20260926003340|926.53
1790354030|20260926003350|926.43
1790354035|20260926003355|926.35
1790354045|20260926003405|926.39
1790354055|20260926003415|924.93
1790354060|20260926003420|925.00
1790354075|20260926003435|925.32
1790354100|20260926003500|925.55
1790354105|20260926003505|925.46
1790354110|20260926003510|925.52
1790354115|20260926003515|925.57
1790354120|20260926003520|925.59
1790354125|20260926003525|925.60
1790354140|20260926003540|925.93
1790354145|20260926003545|926.02
1790354165|20260926003605|925.83
1790354170|20260926003610|925.64
1790354175|20260926003615|925.59
1790354180|20260926003620|925.56
1790354185|20260926003625|925.20
1790354195|20260926003635|925.40
1790354215|20260926003655|925.65
1790354230|20260926003710|925.90
1790354235|20260926003715|925.93
1790354240|20260926003720|926.15
1790354245|20260926003725|926.17
1790354255|20260926003735|926.03
1790354260|20260926003740|926.31
1790354265|20260926003745|926.13
1790354275|20260926003755|926.03
1790354285|20260926003805|926.09
1790354290|20260926003810|925.94
1790354300|20260926003820|926.10
1790354305|20260926003825|925.86
1790354315|20260926003835|925.74
1790354320|20260926003840|925.71
1790354325|20260926003845|925.77
1790354335|20260926003855|925.92
1790354345|20260926003905|926.01
1790354350|20260926003910|926.20
1790354355|20260926003915|926.08
1790354360|20260926003920|926.08
1790354365|20260926003925|926.11
1790354400|20260926004000|926.22
1790354405|20260926004005|926.09
1790354415|20260926004015|926.01
1790354420|20260926004020|926.04
1790354425|20260926004025|926.21
1790354440|20260926004040|925.96
1790354445|20260926004045|925.74
1790354450|20260926004050|925.91
1790354455|20260926004055|925.63
1790354470|20260926004110|925.56
1790354475|20260926004115|925.68
1790354480|20260926004120|925.62
1790354495|20260926004135|925.72
1790354500|20260926004140|925.58
1790354505|20260926004145|925.81
1790354510|20260926004150|925.43
1790354515|20260926004155|925.59
1790354525|20260926004205|926.05
1790354530|20260926004210|926.15
1790354535|20260926004215|925.97
1790354540|20260926004220|926.05
1790354545|20260926004225|926.03
1790354555|20260926004235|926.05
1790354560|20260926004240|926.00
1790354575|20260926004255|926.02
1790354590|20260926004310|925.92
1790354595|20260926004315|926.06
1790354600|20260926004320|926.20
1790354605|20260926004325|926.21
1790354625|20260926004345|926.31
1790354630|20260926004350|926.19
1790354635|20260926004355|926.34
1790354650|20260926004410|926.28
1790354655|20260926004415|926.37
1790354660|20260926004420|926.35
1790354665|20260926004425|926.32
1790354700|20260926004500|925.96
1790354705|20260926004505|925.98
1790354710|20260926004510|925.99
1790354715|20260926004515|926.02
1790354720|20260926004520|925.88
1790354725|20260926004525|926.05
1790354740|20260926004540|925.76
1790354745|20260926004545|925.70
1790354755|20260926004555|925.53
1790354765|20260926004605|925.58
1790354770|20260926004610|925.54
1790354775|20260926004615|925.49
1790354780|20260926004620|925.56
1790354785|20260926004625|925.49
1790354795|20260926004635|925.52
1790354805|20260926004645|925.43
1790354810|20260926004650|925.48
1790354815|20260926004655|925.47
1790354825|20260926004705|925.56
1790354830|20260926004710|925.53
1790354835|20260926004715|925.51
1790354845|20260926004725|925.67
1790354855|20260926004735|925.52
1790354860|20260926004740|925.54
1790354865|20260926004745|925.56
1790354870|20260926004750|925.49
1790354910|20260926004830|925.38
1790354930|20260926004850|925.07
1790354935|20260926004855|925.10
1790354945|20260926004905|924.88
1790354950|20260926004910|924.92
1790354955|20260926004915|924.94
1790354965|20260926004925|925.02
1790355000|20260926005000|925.10
1790355020|20260926005020|925.18
1790355025|20260926005025|925.27
1790355035|20260926005035|925.31
1790355045|20260926005045|925.30
1790355050|20260926005050|925.28
1790355055|20260926005055|925.28
1790355065|20260926005105|925.19
1790355080|20260926005120|925.42
1790355095|20260926005135|925.34
1790355105|20260926005145|925.57
1790355125|20260926005205|925.31
1790355135|20260926005215|925.48
1790355140|20260926005220|925.43
1790355145|20260926005225|925.48
1790355155|20260926005235|925.66
1790355160|20260926005240|925.61
1790355165|20260926005245|925.61
1790355170|20260926005250|925.52
1790355175|20260926005255|925.80
1790355185|20260926005305|925.69
1790355190|20260926005310|925.69
1790355200|20260926005320|925.79
1790355205|20260926005325|925.53
1790355215|20260926005335|925.45
1790355220|20260926005340|925.59
1790355245|20260926005405|925.48
1790355250|20260926005410|925.41
1790355260|20260926005420|925.40
1790355265|20260926005425|925.41
1790355280|20260926005440|925.58
1790355305|20260926005505|925.71
1790355315|20260926005515|925.64
1790355320|20260926005520|925.85
1790355325|20260926005525|926.00
1790355335|20260926005535|925.75
1790355340|20260926005540|925.84
1790355345|20260926005545|925.86
1790355355|20260926005555|925.81
1790355365|20260926005605|925.96
1790355370|20260926005610|925.91
1790355375|20260926005615|925.94
1790355395|20260926005635|926.09
1790355400|20260926005640|925.94
1790355405|20260926005645|926.01
1790355415|20260926005655|925.93
1790355425|20260926005705|925.82
1790355430|20260926005710|925.81
1790355435|20260926005715|925.89
1790355440|20260926005720|925.65
1790355445|20260926005725|925.67
1790355460|20260926005740|925.80
1790355470|20260926005750|925.93
1790355485|20260926005805|925.87
1790355495|20260926005815|925.77
1790355520|20260926005840|925.75
1790355525|20260926005845|925.69
1790355535|20260926005855|925.71
1790355550|20260926005910|925.94
1790355555|20260926005915|925.79
1790355565|20260926005925|925.51
1790355600|20260926010000|925.91
1790355605|20260926010005|925.91
1790355615|20260926010015|926.03
1790355620|20260926010020|925.65
1790355635|20260926010035|925.96
1790355640|20260926010040|926.10
1790355645|20260926010045|926.26
1790355650|20260926010050|926.19
1790355665|20260926010105|926.28
1790355675|20260926010115|926.41
1790355680|20260926010120|926.42
1790355685|20260926010125|926.60
1790355695|20260926010135|926.76
1790355700|20260926010140|926.98
1790355705|20260926010145|926.88
1790355710|20260926010150|926.84
1790355715|20260926010155|926.76
1790355745|20260926010225|926.68
1790355750|20260926010230|926.84
1790355760|20260926010240|926.89
1790355765|20260926010245|926.83
1790355770|20260926010250|926.73
1790355785|20260926010305|926.82
1790355790|20260926010310|926.79
1790355795|20260926010315|926.81
1790355820|20260926010340|926.90
1790355825|20260926010345|927.20
1790355830|20260926010350|927.21
1790355845|20260926010405|926.90
1790355850|20260926010410|926.83
1790355855|20260926010415|926.91
1790355860|20260926010420|926.87
1790355865|20260926010425|926.90
1790355895|20260926010455|926.99
1790355905|20260926010505|926.89
1790355915|20260926010515|926.84
1790355920|20260926010520|927.02
1790355925|20260926010525|927.01
1790355940|20260926010540|927.02
1790355945|20260926010545|926.99
1790355950|20260926010550|926.88
1790355955|20260926010555|926.85
1790355965|20260926010605|926.98
1790355980|20260926010620|926.98
1790355985|20260926010625|927.02
1790356000|20260926010640|926.97
1790356005|20260926010645|927.00
1790356015|20260926010655|926.68
1790356025|20260926010705|926.69
1790356030|20260926010710|926.92
1790356040|20260926010720|926.99
1790356055|20260926010735|927.01
1790356065|20260926010745|926.92
1790356070|20260926010750|927.01
1790356075|20260926010755|927.02
1790356085|20260926010805|927.26
1790356105|20260926010825|926.83
1790356115|20260926010835|926.69
1790356130|20260926010850|926.79
1790356155|20260926010915|926.91
1790356160|20260926010920|927.06
1790356165|20260926010925|927.13
1790356200|20260926011000|927.24
1790356205|20260926011005|927.18
1790356210|20260926011010|927.13
1790356215|20260926011015|927.02
1790356220|20260926011020|927.07
1790356225|20260926011025|927.02
1790356235|20260926011035|927.13
1790356240|20260926011040|927.26
1790356245|20260926011045|927.23
1790356250|20260926011050|927.13
1790356255|20260926011055|927.07
1790356265|20260926011105|927.05
1790356270|20260926011110|927.06
1790356280|20260926011120|927.22
1790356285|20260926011125|927.38
1790356310|20260926011150|927.09
1790356315|20260926011155|927.08
1790356320|20260926011200|927.08
1790356325|20260926011205|927.15
1790356335|20260926011215|927.16
1790356345|20260926011225|927.01
1790356360|20260926011240|927.03
1790356365|20260926011245|927.03
1790356375|20260926011255|927.22
1790356385|20260926011305|927.24
1790356390|20260926011310|927.19
1790356395|20260926011315|927.12
1790356400|20260926011320|927.15
1790356405|20260926011325|927.26
1790356415|20260926011335|927.10
1790356425|20260926011345|927.12
1790356430|20260926011350|927.15
1790356435|20260926011355|927.08
1790356450|20260926011410|927.20
1790356460|20260926011420|926.99
1790356465|20260926011425|927.08
1790356505|20260926011505|926.93
1790356510|20260926011510|926.98
1790356515|20260926011515|927.02
1790356520|20260926011520|927.03
1790356525|20260926011525|926.90
1790356535|20260926011535|926.63
1790356540|20260926011540|926.63
1790356545|20260926011545|926.66
1790356550|20260926011550|926.69
1790356565|20260926011605|926.72
1790356570|20260926011610|926.69
1790356575|20260926011615|926.69
1790356580|20260926011620|926.95
1790356585|20260926011625|926.66
1790356595|20260926011635|926.69
1790356600|20260926011640|926.69
1790356605|20260926011645|926.91
1790356615|20260926011655|926.91
1790356625|20260926011705|926.93
1790356635|20260926011715|927.04
1790356640|20260926011720|927.06
1790356655|20260926011735|926.85
1790356665|20260926011745|926.90
1790356670|20260926011750|926.95
1790356675|20260926011755|926.82
1790356685|20260926011805|926.83
1790356690|20260926011810|926.82
1790356695|20260926011815|926.84
1790356700|20260926011820|926.85
1790356705|20260926011825|927.10
1790356715|20260926011835|926.69
1790356720|20260926011840|926.76
1790356725|20260926011845|926.81
1790356730|20260926011850|926.66
1790356735|20260926011855|926.62
1790356745|20260926011905|926.70
1790356750|20260926011910|926.57
1790356755|20260926011915|926.66
1790356760|20260926011920|926.61
1790356765|20260926011925|926.60
1790356805|20260926012005|926.74
1790356810|20260926012010|926.87
1790356820|20260926012020|926.97
1790356825|20260926012025|926.96
1790356835|20260926012035|927.10
1790356840|20260926012040|926.99
1790356845|20260926012045|926.86
1790356850|20260926012050|927.06
1790356865|20260926012105|926.92
1790356875|20260926012115|926.85
1790356885|20260926012125|926.90
1790356905|20260926012145|926.77
1790356910|20260926012150|926.67
1790356925|20260926012205|926.56
1790356930|20260926012210|926.58
1790356935|20260926012215|926.67
1790356940|20260926012220|926.67
1790356945|20260926012225|926.70
1790356965|20260926012245|926.64
1790356975|20260926012255|926.65
1790356985|20260926012305|926.74
1790356995|20260926012315|926.69
1790357000|20260926012320|926.75
1790357005|20260926012325|926.77
1790357020|20260926012340|926.88
1790357025|20260926012345|926.78
1790357035|20260926012355|927.08
1790357045|20260926012405|926.97
1790357060|20260926012420|926.77
1790357105|20260926012505|927.00
1790357110|20260926012510|926.98
1790357115|20260926012515|927.07
1790357120|20260926012520|927.24
1790357135|20260926012535|927.21
1790357140|20260926012540|927.19
1790357150|20260926012550|927.17
1790357175|20260926012615|927.13
1790357180|20260926012620|927.13
1790357195|20260926012635|927.11
1790357210|20260926012650|927.09
1790357225|20260926012705|926.86
1790357245|20260926012725|926.88
1790357265|20260926012745|926.42
1790357270|20260926012750|926.42
1790357275|20260926012755|926.44
1790357285|20260926012805|926.42
1790357295|20260926012815|926.42
1790357300|20260926012820|926.53
1790357305|20260926012825|926.52
1790357315|20260926012835|926.59
1790357325|20260926012845|926.39
1790357335|20260926012855|926.17
1790357345|20260926012905|925.94
1790357350|20260926012910|925.62
1790357355|20260926012915|925.77
1790357360|20260926012920|925.77
1790357400|20260926013000|925.95
1790357405|20260926013005|925.90
1790357410|20260926013010|925.80
1790357415|20260926013015|925.74
1790357425|20260926013025|925.84
1790357435|20260926013035|925.81
1790357445|20260926013045|925.80
1790357455|20260926013055|925.77
1790357465|20260926013105|925.79
1790357470|20260926013110|925.77
1790357475|20260926013115|925.59
1790357480|20260926013120|925.70
1790357495|20260926013135|925.75
1790357500|20260926013140|925.70
1790357505|20260926013145|925.72
1790357530|20260926013210|925.85
1790357535|20260926013215|925.93
1790357540|20260926013220|925.89
1790357545|20260926013225|925.76
1790357555|20260926013235|925.79
1790357560|20260926013240|925.93
1790357565|20260926013245|925.75
1790357570|20260926013250|925.77
1790357575|20260926013255|925.76
1790357585|20260926013305|925.74
1790357590|20260926013310|925.95
1790357595|20260926013315|925.95
1790357600|20260926013320|926.11
1790357605|20260926013325|926.28
1790357615|20260926013335|926.01
1790357620|20260926013340|925.91
1790357625|20260926013345|925.91
1790357630|20260926013350|925.85
1790357655|20260926013415|925.67
1790357660|20260926013420|925.64
1790357705|20260926013505|925.69
1790357710|20260926013510|925.38
1790357715|20260926013515|925.56
1790357720|20260926013520|925.34
1790357725|20260926013525|925.34
1790357740|20260926013540|925.18
1790357745|20260926013545|925.21
1790357750|20260926013550|925.28
1790357755|20260926013555|925.22
1790357770|20260926013610|925.33
1790357780|20260926013620|925.18
1790357785|20260926013625|925.14
1790357795|20260926013635|925.18
1790357805|20260926013645|924.96
1790357810|20260926013650|925.01
1790357835|20260926013715|924.80
1790357855|20260926013735|924.59
1790357860|20260926013740|924.45
1790357865|20260926013745|924.51
1790357870|20260926013750|924.87
1790357875|20260926013755|924.81
1790357890|20260926013810|924.73
1790357895|20260926013815|924.75
1790357905|20260926013825|924.97
1790357945|20260926013905|924.92
1790357950|20260926013910|925.23
1790357955|20260926013915|924.97
1790357960|20260926013920|924.95
1790357965|20260926013925|925.00
1790358000|20260926014000|925.40
1790358005|20260926014005|925.31
1790358010|20260926014010|925.39
1790358015|20260926014015|925.44
1790358020|20260926014020|925.89
1790358025|20260926014025|925.78
1790358035|20260926014035|925.73
1790358040|20260926014040|925.72
1790358045|20260926014045|925.70
1790358050|20260926014050|925.56
1790358055|20260926014055|925.53
1790358075|20260926014115|925.66
1790358080|20260926014120|925.66
1790358085|20260926014125|925.69
1790358115|20260926014155|925.98
1790358125|20260926014205|926.05
1790358130|20260926014210|926.04
1790358135|20260926014215|926.04
1790358140|20260926014220|925.86
1790358145|20260926014225|925.89
1790358155|20260926014235|925.99
1790358165|20260926014245|926.16
1790358170|20260926014250|926.19
1790358175|20260926014255|926.14
1790358185|20260926014305|926.13
1790358190|20260926014310|925.97
1790358195|20260926014315|925.96
1790358200|20260926014320|926.06
1790358215|20260926014335|925.87
1790358220|20260926014340|925.87
1790358225|20260926014345|925.79
1790358230|20260926014350|925.78
1790358245|20260926014405|925.74
1790358250|20260926014410|925.76
1790358260|20260926014420|926.08
1790358265|20260926014425|926.19
1790358275|20260926014435|925.82
1790358305|20260926014505|925.68
1790358310|20260926014510|925.81
1790358315|20260926014515|926.13
1790358320|20260926014520|926.00
1790358325|20260926014525|925.90
1790358335|20260926014535|925.87
1790358345|20260926014545|925.85
1790358365|20260926014605|925.73
1790358370|20260926014610|925.82
1790358375|20260926014615|925.81
1790358380|20260926014620|926.05
1790358385|20260926014625|925.61
1790358395|20260926014635|925.66
1790358405|20260926014645|925.35
1790358415|20260926014655|925.31
1790358425|20260926014705|925.10
1790358430|20260926014710|925.08
1790358435|20260926014715|925.18
1790358440|20260926014720|925.06
1790358445|20260926014725|925.07
1790358460|20260926014740|925.01
1790358465|20260926014745|925.02
1790358470|20260926014750|924.93
1790358485|20260926014805|924.99
1790358495|20260926014815|925.01
1790358500|20260926014820|924.99
1790358505|20260926014825|925.02
1790358525|20260926014845|925.34
1790358530|20260926014850|925.23
1790358545|20260926014905|925.26
1790358550|20260926014910|925.33
1790358565|20260926014925|925.34
1790358600|20260926015000|925.35
1790358605|20260926015005|925.25
1790358610|20260926015010|925.24
1790358615|20260926015015|925.23
1790358620|20260926015020|925.31
1790358640|20260926015040|925.51
1790358645|20260926015045|925.52
1790358650|20260926015050|925.48
1790358655|20260926015055|925.41
1790358665|20260926015105|925.44
1790358675|20260926015115|925.37
1790358680|20260926015120|925.42
1790358705|20260926015145|925.67
1790358710|20260926015150|925.29
1790358720|20260926015200|925.44
1790358725|20260926015205|925.43
1790358730|20260926015210|925.29
1790358735|20260926015215|925.28
1790358740|20260926015220|925.27
1790358745|20260926015225|925.25
1790358755|20260926015235|925.21
1790358765|20260926015245|925.23
1790358785|20260926015305|925.49
1790358790|20260926015310|925.49
1790358795|20260926015315|925.55
1790358800|20260926015320|925.41
1790358815|20260926015335|925.49
1790358820|20260926015340|925.55
1790358830|20260926015350|925.44
1790358845|20260926015405|925.39
1790358855|20260926015415|925.49
1790358860|20260926015420|925.19
1790358865|20260926015425|925.22
1790358920|20260926015520|925.43
1790358940|20260926015540|925.47
1790358945|20260926015545|925.50
1790358950|20260926015550|925.49
1790358955|20260926015555|925.50
1790358965|20260926015605|925.52
1790358975|20260926015615|925.56
1790358980|20260926015620|925.52
1790359000|20260926015640|925.46
1790359005|20260926015645|925.58
1790359030|20260926015710|925.32
1790359035|20260926015715|925.33
1790359055|20260926015735|925.23
1790359060|20260926015740|925.16
1790359065|20260926015745|925.03
1790359095|20260926015815|925.07
1790359100|20260926015820|925.07
1790359105|20260926015825|925.05
1790359115|20260926015835|925.07
1790359125|20260926015845|925.17
1790359130|20260926015850|924.99
1790359145|20260926015905|925.20
1790359150|20260926015910|925.09
1790359155|20260926015915|925.22
1790359165|20260926015925|925.09
1790359200|20260926020000|925.15
1790359220|20260926020020|925.26
1790359225|20260926020025|925.41
1790359235|20260926020035|925.41
1790359240|20260926020040|925.49
1790359255|20260926020055|925.38
1790359265|20260926020105|925.32
1790359270|20260926020110|925.31
1790359275|20260926020115|925.36
1790359300|20260926020140|925.31
1790359305|20260926020145|925.30
1790359310|20260926020150|925.27
1790359315|20260926020155|925.43
1790359325|20260926020205|925.34
1790359330|20260926020210|925.20
1790359340|20260926020220|925.33
1790359345|20260926020225|925.16
1790359355|20260926020235|925.26
1790359365|20260926020245|925.25
1790359370|20260926020250|925.26
1790359375|20260926020255|925.25
1790359390|20260926020310|925.36
1790359395|20260926020315|925.22
1790359400|20260926020320|925.22
1790359405|20260926020325|925.34
1790359425|20260926020345|925.17
1790359445|20260926020405|925.20
1790359450|20260926020410|925.59
1790359455|20260926020415|925.20
1790359460|20260926020420|925.20
1790359465|20260926020425|925.16
1790359505|20260926020505|925.18
1790359515|20260926020515|925.24
1790359525|20260926020525|925.32
1790359540|20260926020540|925.36
1790359545|20260926020545|925.52
1790359550|20260926020550|925.32
1790359555|20260926020555|925.26
1790359570|20260926020610|925.44
1790359575|20260926020615|925.29
1790359580|20260926020620|925.25
1790359585|20260926020625|925.26
1790359600|20260926020640|925.20
1790359605|20260926020645|925.20
1790359610|20260926020650|925.35
1790359615|20260926020655|925.36
1790359625|20260926020705|925.25
1790359630|20260926020710|925.24
1790359635|20260926020715|925.22
1790359640|20260926020720|925.21
1790359645|20260926020725|925.35
1790359655|20260926020735|925.37
1790359660|20260926020740|925.26
1790359665|20260926020745|925.22
1790359675|20260926020755|925.45
1790359685|20260926020805|925.32
1790359690|20260926020810|925.42
1790359695|20260926020815|925.36
1790359700|20260926020820|925.56
1790359705|20260926020825|925.41
1790359715|20260926020835|925.44
1790359720|20260926020840|925.37
1790359725|20260926020845|925.37
1790359730|20260926020850|925.54
1790359735|20260926020855|925.42
1790359745|20260926020905|925.63
1790359750|20260926020910|925.47
1790359760|20260926020920|925.52
1790359765|20260926020925|925.57
1790359800|20260926021000|925.70
1790359805|20260926021005|925.70
1790359810|20260926021010|925.67
1790359815|20260926021015|925.64
1790359820|20260926021020|925.64
1790359825|20260926021025|925.67
1790359835|20260926021035|925.61
1790359840|20260926021040|925.56
1790359845|20260926021045|925.72
1790359850|20260926021050|925.53
1790359865|20260926021105|925.50
1790359870|20260926021110|925.36
1790359885|20260926021125|925.63
1790359900|20260926021140|925.33
1790359905|20260926021145|925.33
1790359915|20260926021155|925.38
1790359925|20260926021205|925.30
1790359930|20260926021210|925.31
1790359935|20260926021215|925.34
1790359940|20260926021220|925.38
1790359965|20260926021245|925.24
1790359975|20260926021255|925.26
1790359995|20260926021315|925.28
1790360000|20260926021320|925.30
1790360005|20260926021325|925.33
1790360015|20260926021335|925.38
1790360020|20260926021340|925.38
1790360030|20260926021350|925.50
1790360045|20260926021405|925.37
1790360060|20260926021420|925.38
1790360065|20260926021425|925.64
1790360105|20260926021505|925.42
1790360110|20260926021510|925.51
1790360115|20260926021515|925.43
1790360120|20260926021520|925.46
1790360125|20260926021525|925.51
1790360145|20260926021545|925.64
1790360150|20260926021550|925.66
1790360165|20260926021605|925.85
1790360175|20260926021615|925.76
1790360185|20260926021625|925.88
1790360195|20260926021635|925.78
1790360200|20260926021640|925.78
1790360205|20260926021645|925.88
1790360215|20260926021655|925.78
1790360230|20260926021710|925.77
1790360235|20260926021715|925.71
1790360240|20260926021720|925.62
1790360255|20260926021735|925.64
1790360265|20260926021745|925.64
1790360275|20260926021755|925.59
1790360290|20260926021810|925.65
1790360295|20260926021815|925.79
1790360300|20260926021820|925.68
1790360325|20260926021845|925.99
1790360330|20260926021850|926.03
1790360335|20260926021855|925.98
1790360350|20260926021910|925.95
1790360355|20260926021915|925.97
1790360360|20260926021920|925.96
1790360365|20260926021925|925.93
1790360400|20260926022000|926.31
1790360405|20260926022005|926.24
1790360410|20260926022010|926.24
1790360415|20260926022015|926.21
1790360420|20260926022020|926.22
1790360440|20260926022040|926.41
1790360445|20260926022045|926.31
1790360450|20260926022050|926.13
1790360455|20260926022055|926.27
1790360470|20260926022110|926.13
1790360475|20260926022115|926.01
1790360480|20260926022120|925.96
1790360485|20260926022125|925.98
1790360495|20260926022135|925.92
1790360505|20260926022145|926.04
1790360510|20260926022150|926.18
1790360525|20260926022205|926.16
1790360530|20260926022210|925.94
1790360535|20260926022215|925.92
1790360540|20260926022220|925.94
1790360555|20260926022235|925.85
1790360560|20260926022240|925.86
1790360565|20260926022245|925.87
1790360575|20260926022255|925.96
1790360585|20260926022305|925.84
1790360590|20260926022310|925.90
1790360600|20260926022320|926.03
1790360605|20260926022325|926.07
1790360615|20260926022335|925.95
1790360625|20260926022345|926.11
1790360650|20260926022410|926.36
1790360655|20260926022415|926.34
1790360665|20260926022425|926.61
1790360705|20260926022505|926.42
1790360710|20260926022510|926.38
1790360720|20260926022520|926.45
1790360725|20260926022525|926.57
1790360735|20260926022535|926.58
1790360740|20260926022540|926.46
1790360755|20260926022555|926.58
1790360765|20260926022605|926.55
1790360770|20260926022610|926.66
1790360775|20260926022615|926.59
1790360780|20260926022620|926.64
1790360795|20260926022635|926.48
1790360800|20260926022640|926.08
1790360805|20260926022645|926.31
1790360810|20260926022650|926.25
1790360815|20260926022655|926.24
1790360835|20260926022715|925.71
1790360840|20260926022720|925.92
1790360860|20260926022740|926.21
1790360865|20260926022745|926.24
1790360870|20260926022750|925.99
1790360875|20260926022755|925.78
1790360885|20260926022805|925.72
1790360890|20260926022810|925.64
1790360895|20260926022815|925.55
1790360900|20260926022820|925.55
1790360915|20260926022835|925.85
1790360925|20260926022845|925.92
1790360930|20260926022850|925.97
1790360945|20260926022905|926.01
1790360950|20260926022910|925.99
1790360955|20260926022915|926.22
1790360960|20260926022920|925.98
1790360965|20260926022925|925.99
1790361000|20260926023000|926.07
1790361010|20260926023010|926.20
1790361015|20260926023015|926.27
1790361020|20260926023020|926.23
1790361035|20260926023035|926.40
1790361040|20260926023040|926.34
1790361045|20260926023045|926.26
1790361050|20260926023050|926.25
1790361055|20260926023055|926.15
1790361065|20260926023105|926.26
1790361070|20260926023110|926.37
1790361075|20260926023115|926.36
1790361080|20260926023120|926.64
1790361085|20260926023125|926.68
1790361100|20260926023140|926.78
1790361115|20260926023155|926.80
1790361125|20260926023205|926.73
1790361130|20260926023210|926.95
1790361135|20260926023215|926.86
1790361140|20260926023220|926.76
1790361145|20260926023225|926.61
1790361155|20260926023235|926.78
1790361165|20260926023245|926.60
1790361170|20260926023250|926.61
1790361185|20260926023305|926.69
1790361195|20260926023315|926.83
1790361200|20260926023320|926.74
1790361205|20260926023325|926.71
1790361215|20260926023335|926.90
1790361220|20260926023340|926.80
1790361225|20260926023345|926.78
1790361230|20260926023350|926.93
1790361235|20260926023355|926.87
1790361245|20260926023405|926.81
1790361255|20260926023415|926.74
1790361260|20260926023420|926.75
1790361265|20260926023425|926.82
1790361305|20260926023505|927.09
1790361310|20260926023510|927.21
1790361320|20260926023520|927.21
1790361325|20260926023525|927.23
1790361335|20260926023535|927.30
1790361345|20260926023545|927.28
1790361350|20260926023550|927.43
1790361370|20260926023610|927.15
1790361375|20260926023615|927.22
1790361380|20260926023620|927.20
1790361385|20260926023625|927.47
1790361395|20260926023635|927.19
1790361400|20260926023640|927.25
1790361405|20260926023645|927.29
1790361410|20260926023650|927.28
1790361415|20260926023655|927.25
1790361425|20260926023705|927.28
1790361430|20260926023710|927.25
1790361435|20260926023715|927.24
1790361440|20260926023720|927.11
1790361445|20260926023725|926.96
1790361455|20260926023735|926.65
1790361460|20260926023740|926.52
1790361465|20260926023745|926.53
1790361485|20260926023805|926.44
1790361490|20260926023810|926.63
1790361495|20260926023815|926.66
1790361500|20260926023820|926.75
1790361515|20260926023835|926.70
1790361520|20260926023840|926.63
1790361525|20260926023845|926.62
1790361530|20260926023850|926.61
1790361545|20260926023905|926.75
1790361550|20260926023910|926.87
1790361555|20260926023915|926.73
1790361560|20260926023920|926.67
1790361565|20260926023925|926.52
1790361605|20260926024005|926.18
1790361610|20260926024010|926.19
1790361615|20260926024015|926.21
1790361625|20260926024025|926.26
1790361635|20260926024035|926.40
1790361640|20260926024040|926.45
1790361645|20260926024045|926.39
1790361650|20260926024050|926.38
1790361655|20260926024055|926.54
1790361665|20260926024105|926.45
1790361670|20260926024110|926.43
1790361675|20260926024115|926.33
1790361680|20260926024120|926.20
1790361685|20260926024125|926.23
1790361695|20260926024135|926.14
1790361700|20260926024140|926.13
1790361710|20260926024150|926.45
1790361715|20260926024155|926.56
1790361725|20260926024205|926.64
1790361730|20260926024210|926.89
1790361735|20260926024215|926.72
1790361740|20260926024220|926.68
1790361745|20260926024225|926.65
1790361755|20260926024235|926.73
1790361765|20260926024245|926.61
1790361770|20260926024250|926.62
1790361775|20260926024255|926.53
1790361785|20260926024305|926.68
1790361795|20260926024315|926.82
1790361800|20260926024320|926.87
1790361815|20260926024335|926.85
1790361820|20260926024340|927.01
1790361825|20260926024345|926.76
1790361845|20260926024405|926.74
1790361855|20260926024415|926.75
1790361875|20260926024435|926.75
1790361905|20260926024505|926.99
1790361910|20260926024510|927.18
1790361920|20260926024520|927.14
1790361925|20260926024525|927.02
1790361935|20260926024535|927.01
1790361955|20260926024555|926.95
1790361980|20260926024620|927.08
1790361995|20260926024635|926.85
1790362000|20260926024640|926.89
1790362005|20260926024645|926.99
1790362025|20260926024705|926.94
1790362035|20260926024715|926.91
1790362040|20260926024720|927.28
1790362045|20260926024725|927.13
1790362085|20260926024805|926.91
1790362090|20260926024810|926.92
1790362095|20260926024815|927.14
1790362100|20260926024820|927.20
1790362105|20260926024825|927.09
1790362120|20260926024840|927.30
1790362125|20260926024845|927.10
1790362130|20260926024850|927.27
1790362135|20260926024855|927.37
1790362145|20260926024905|927.37
1790362150|20260926024910|927.36
1790362155|20260926024915|927.50
1790362160|20260926024920|927.58
1790362165|20260926024925|927.51
1790362185|20260926024945|927.66
1790362200|20260926025000|927.67
1790362205|20260926025005|927.66
1790362210|20260926025010|927.66
1790362215|20260926025015|927.67
1790362220|20260926025020|927.82
1790362225|20260926025025|927.69
1790362235|20260926025035|927.71
1790362240|20260926025040|927.71
1790362245|20260926025045|927.78
1790362250|20260926025050|927.75
1790362255|20260926025055|927.72
1790362265|20260926025105|927.77
1790362280|20260926025120|927.78
1790362300|20260926025140|927.56
1790362305|20260926025145|927.59
1790362315|20260926025155|927.61
1790362325|20260926025205|927.65
1790362330|20260926025210|927.73
1790362335|20260926025215|927.70
1790362355|20260926025235|927.68
1790362360|20260926025240|927.71
1790362365|20260926025245|927.70
1790362375|20260926025255|927.79
1790362400|20260926025320|928.05
1790362425|20260926025345|927.96
1790362430|20260926025350|927.72
1790362435|20260926025355|927.74
1790362445|20260926025405|927.71
1790362455|20260926025415|927.78
1790362460|20260926025420|927.53
1790362465|20260926025425|927.75
1790362505|20260926025505|927.65
1790362510|20260926025510|927.63
1790362515|20260926025515|927.62
1790362535|20260926025535|927.80
1790362540|20260926025540|927.73
1790362545|20260926025545|927.64
1790362550|20260926025550|927.62
1790362555|20260926025555|927.64
1790362565|20260926025605|927.55
1790362575|20260926025615|927.64
1790362580|20260926025620|927.66
1790362585|20260926025625|927.68
1790362595|20260926025635|927.70
1790362610|20260926025650|928.08
1790362625|20260926025705|927.89
1790362630|20260926025710|927.66
1790362635|20260926025715|927.66
1790362640|20260926025720|927.66
1790362645|20260926025725|927.55
1790362665|20260926025745|927.69
1790362675|20260926025755|927.72
1790362685|20260926025805|927.58
1790362690|20260926025810|927.60
1790362695|20260926025815|927.59
1790362705|20260926025825|927.59
1790362715|20260926025835|927.59
1790362720|20260926025840|927.59
1790362730|20260926025850|927.75
1790362735|20260926025855|927.61
1790362745|20260926025905|927.58
1790362755|20260926025915|927.52
1790362760|20260926025920|927.51
1790362765|20260926025925|927.51
1790362800|20260926030000|927.71
1790362810|20260926030010|927.79
1790362815|20260926030015|927.88
1790362820|20260926030020|927.90
1790362825|20260926030025|927.88
1790362835|20260926030035|927.88
1790362840|20260926030040|927.97
1790362845|20260926030045|927.85
1790362850|20260926030050|927.54
1790362855|20260926030055|927.43
1790362865|20260926030105|927.43
1790362870|20260926030110|927.35
1790362875|20260926030115|927.31
1790362880|20260926030120|927.31
1790362885|20260926030125|927.31
1790362900|20260926030140|927.57
1790362905|20260926030145|927.29
1790362910|20260926030150|927.60
1790362925|20260926030205|927.35
1790362930|20260926030210|927.34
1790362935|20260926030215|927.30
1790362945|20260926030225|927.40
1790362960|20260926030240|927.39
1790362965|20260926030245|927.21
1790362970|20260926030250|927.16
1790362985|20260926030305|927.07
1790362995|20260926030315|927.02
1790363005|20260926030325|927.21
1790363020|20260926030340|927.06
1790363025|20260926030345|927.10
1790363030|20260926030350|927.14
1790363035|20260926030355|927.08
1790363045|20260926030405|927.13
1790363060|20260926030420|927.16
1790363065|20260926030425|926.77
1790363080|20260926030440|927.16
1790363110|20260926030510|926.57
1790363115|20260926030515|926.37
1790363120|20260926030520|926.37
1790363140|20260926030540|926.65
1790363145|20260926030545|926.74
1790363150|20260926030550|926.78
1790363155|20260926030555|926.78
1790363170|20260926030610|926.85
1790363175|20260926030615|926.97
1790363180|20260926030620|926.96
1790363185|20260926030625|926.95
1790363200|20260926030640|927.19
1790363205|20260926030645|927.04
1790363210|20260926030650|926.99
1790363215|20260926030655|927.00
1790363225|20260926030705|927.09
1790363230|20260926030710|927.17
1790363235|20260926030715|927.32
1790363240|20260926030720|927.36
1790363255|20260926030735|927.38
1790363260|20260926030740|927.64
1790363270|20260926030750|927.71
1790363275|20260926030755|927.54
1790363300|20260926030820|927.48
1790363305|20260926030825|927.52
1790363315|20260926030835|927.54
1790363325|20260926030845|927.58
1790363335|20260926030855|927.27
1790363345|20260926030905|927.29
1790363350|20260926030910|927.35
1790363355|20260926030915|927.35
1790363360|20260926030920|927.45
1790363365|20260926030925|927.56
1790363400|20260926031000|927.56
1790363405|20260926031005|927.46
1790363410|20260926031010|927.48
1790363415|20260926031015|927.57
1790363420|20260926031020|927.46
1790363425|20260926031025|927.47
1790363435|20260926031035|927.48
1790363440|20260926031040|927.53
1790363445|20260926031045|927.50
1790363455|20260926031055|927.42
1790363465|20260926031105|927.60
1790363470|20260926031110|927.58
1790363475|20260926031115|927.61
1790363480|20260926031120|927.61
1790363485|20260926031125|927.44
1790363500|20260926031140|927.48
1790363505|20260926031145|927.39
1790363510|20260926031150|927.37
1790363515|20260926031155|927.29
1790363525|20260926031205|927.27
1790363530|20260926031210|927.27
1790363540|20260926031220|927.24
1790363555|20260926031235|927.52
1790363570|20260926031250|927.39
1790363575|20260926031255|927.40
1790363585|20260926031305|927.36
1790363590|20260926031310|927.30
1790363595|20260926031315|927.61
1790363605|20260926031325|927.48
1790363615|20260926031335|927.38
1790363620|20260926031340|927.53
1790363630|20260926031350|927.37
1790363635|20260926031355|927.39
1790363645|20260926031405|927.53
1790363650|20260926031410|927.57
1790363660|20260926031420|927.69
1790363705|20260926031505|928.08
1790363710|20260926031510|928.09
1790363715|20260926031515|928.17
1790363720|20260926031520|927.98
1790363735|20260926031535|928.05
1790363740|20260926031540|927.92
1790363750|20260926031550|927.77
1790363770|20260926031610|927.77
1790363775|20260926031615|927.80
1790363795|20260926031635|928.07
1790363800|20260926031640|927.86
1790363805|20260926031645|927.92
1790363815|20260926031655|927.55
1790363825|20260926031705|927.55
1790363830|20260926031710|927.54
1790363835|20260926031715|927.57
1790363855|20260926031735|927.60
1790363860|20260926031740|927.70
1790363885|20260926031805|927.54
1790363895|20260926031815|927.51
1790363900|20260926031820|927.55
1790363905|20260926031825|927.52
1790363920|20260926031840|927.54
1790363935|20260926031855|927.56
1790363965|20260926031925|927.28
1790364000|20260926032000|927.26
1790364005|20260926032005|927.36
1790364020|20260926032020|927.32
1790364040|20260926032040|926.99
1790364045|20260926032045|927.19
1790364065|20260926032105|927.07
1790364070|20260926032110|927.14
1790364080|20260926032120|927.06
1790364085|20260926032125|927.15
1790364105|20260926032145|926.90
1790364115|20260926032155|926.92
1790364125|20260926032205|926.93
1790364135|20260926032215|926.98
1790364140|20260926032220|927.10
1790364145|20260926032225|927.08
1790364160|20260926032240|926.85
1790364165|20260926032245|926.67
1790364170|20260926032250|926.67
1790364175|20260926032255|926.63
1790364185|20260926032305|926.60
1790364190|20260926032310|926.58
1790364205|20260926032325|926.63
1790364215|20260926032335|926.61
1790364220|20260926032340|926.63
1790364225|20260926032345|926.64
1790364235|20260926032355|926.53
1790364245|20260926032405|926.71
1790364250|20260926032410|926.65
1790364255|20260926032415|926.93
1790364265|20260926032425|926.66
1790364295|20260926032455|926.70
1790364310|20260926032510|926.59
1790364315|20260926032515|926.75
1790364320|20260926032520|926.76
1790364325|20260926032525|926.58
1790364340|20260926032540|926.47
1790364355|20260926032555|926.52
1790364365|20260926032605|926.48
1790364370|20260926032610|926.59
1790364375|20260926032615|926.32
1790364380|20260926032620|926.49
1790364385|20260926032625|926.36
1790364395|20260926032635|926.40
1790364400|20260926032640|926.36
1790364410|20260926032650|926.39
1790364425|20260926032705|926.43
1790364430|20260926032710|926.42
1790364435|20260926032715|926.53
1790364440|20260926032720|926.55
1790364445|20260926032725|926.66
1790364455|20260926032735|926.46
1790364470|20260926032750|926.39
1790364485|20260926032805|926.33
1790364490|20260926032810|926.32
1790364495|20260926032815|926.32
1790364500|20260926032820|926.27
1790364505|20260926032825|926.32
1790364510|20260926032830|926.30
1790364515|20260926032835|926.31
1790364525|20260926032845|926.29
1790364530|20260926032850|926.45
1790364535|20260926032855|926.45
1790364545|20260926032905|926.33
1790364550|20260926032910|926.32
1790364555|20260926032915|926.34
1790364600|20260926033000|926.51
1790364605|20260926033005|926.39
1790364610|20260926033010|926.53
1790364615|20260926033015|926.55
1790364620|20260926033020|926.47
1790364635|20260926033035|926.45
1790364640|20260926033040|926.44
1790364645|20260926033045|926.44
1790364665|20260926033105|926.58
1790364670|20260926033110|926.65
1790364675|20260926033115|926.66
1790364685|20260926033125|926.54
1790364695|20260926033135|926.38
1790364705|20260926033145|926.28
1790364710|20260926033150|926.29
1790364715|20260926033155|926.36
1790364725|20260926033205|926.29
1790364730|20260926033210|926.34
1790364740|20260926033220|926.44
1790364745|20260926033225|926.31
1790364760|20260926033240|926.29
1790364765|20260926033245|926.22
1790364770|20260926033250|926.25
1790364775|20260926033255|926.27
1790364785|20260926033305|926.46
1790364790|20260926033310|926.35
1790364795|20260926033315|926.36
1790364815|20260926033335|926.29
1790364820|20260926033340|926.32
1790364825|20260926033345|926.47
1790364830|20260926033350|926.53
1790364845|20260926033405|926.30
1790364855|20260926033415|926.24
1790364860|20260926033420|926.24
1790364865|20260926033425|926.49
1790364900|20260926033500|926.39
1790364905|20260926033505|926.36
1790364910|20260926033510|926.65
1790364915|20260926033515|926.68
1790364920|20260926033520|926.70
1790364925|20260926033525|926.79
1790364935|20260926033535|926.92
1790364945|20260926033545|926.75
1790364955|20260926033555|926.78
1790364965|20260926033605|926.79
1790364975|20260926033615|926.80
1790364985|20260926033625|926.74
1790365000|20260926033640|926.73
1790365005|20260926033645|926.83
1790365010|20260926033650|926.90
1790365025|20260926033705|926.83
1790365030|20260926033710|927.33
1790365035|20260926033715|926.99
1790365040|20260926033720|927.22
1790365045|20260926033725|927.28
1790365065|20260926033745|927.30
1790365075|20260926033755|927.28
1790365085|20260926033805|927.26
1790365090|20260926033810|927.49
1790365095|20260926033815|927.58
1790365100|20260926033820|927.74
1790365105|20260926033825|927.47
1790365125|20260926033845|927.30
1790365130|20260926033850|927.29
1790365135|20260926033855|927.31
1790365160|20260926033920|927.29
1790365200|20260926034000|927.35
1790365205|20260926034005|927.16
1790365210|20260926034010|927.12
1790365215|20260926034015|927.21
1790365220|20260926034020|927.21
1790365225|20260926034025|927.17
1790365240|20260926034040|927.29
1790365245|20260926034045|927.23
1790365250|20260926034050|927.08
1790365255|20260926034055|927.25
1790365265|20260926034105|927.40
1790365270|20260926034110|927.55
1790365275|20260926034115|927.24
1790365280|20260926034120|927.34
1790365285|20260926034125|927.34
1790365300|20260926034140|927.22
1790365305|20260926034145|927.21
1790365330|20260926034210|927.33
1790365335|20260926034215|927.33
1790365340|20260926034220|927.20
1790365345|20260926034225|927.20
1790365355|20260926034235|927.21
1790365360|20260926034240|927.17
1790365385|20260926034305|927.20
1790365395|20260926034315|927.45
1790365400|20260926034320|927.36
1790365405|20260926034325|927.34
1790365415|20260926034335|927.39
1790365420|20260926034340|927.52
1790365435|20260926034355|927.45
1790365445|20260926034405|927.33
1790365455|20260926034415|927.36
1790365460|20260926034420|927.26
1790365465|20260926034425|927.35
1790365515|20260926034515|927.58
1790365535|20260926034535|927.41
1790365550|20260926034550|927.37
1790365555|20260926034555|927.39
1790365565|20260926034605|927.42
1790365570|20260926034610|927.53
1790365600|20260926034640|927.51
1790365605|20260926034645|927.51
1790365610|20260926034650|927.50
1790365615|20260926034655|927.52
1790365620|20260926034700|927.52
1790365625|20260926034705|927.51
1790365630|20260926034710|927.49
1790365635|20260926034715|927.50
1790365640|20260926034720|927.65
1790365645|20260926034725|927.54
1790365660|20260926034740|927.57
1790365690|20260926034810|927.42
1790365695|20260926034815|927.53
1790365700|20260926034820|927.53
1790365705|20260926034825|927.39
1790365715|20260926034835|927.44
1790365725|20260926034845|927.44
1790365745|20260926034905|927.42
1790365750|20260926034910|927.55
1790365755|20260926034915|927.27
1790365760|20260926034920|927.41
1790365805|20260926035005|927.38
1790365810|20260926035010|927.38
1790365815|20260926035015|927.41
1790365820|20260926035020|927.40
1790365825|20260926035025|927.43
1790365835|20260926035035|927.43
1790365840|20260926035040|927.63
1790365845|20260926035045|927.29
1790365855|20260926035055|927.40
1790365865|20260926035105|927.36
1790365870|20260926035110|927.36
1790365875|20260926035115|927.33
1790365880|20260926035120|927.30
1790365895|20260926035135|927.42
1790365900|20260926035140|927.25
1790365910|20260926035150|927.18
1790365925|20260926035205|927.05
1790365930|20260926035210|926.92
1790365935|20260926035215|926.81
1790365940|20260926035220|926.86
1790365945|20260926035225|926.87
1790365975|20260926035255|927.06
1790365985|20260926035305|926.87
1790365990|20260926035310|926.82
1790365995|20260926035315|926.84
1790366000|20260926035320|926.78
1790366015|20260926035335|926.77
1790366020|20260926035340|926.75
1790366025|20260926035345|926.74
1790366030|20260926035350|926.77
1790366045|20260926035405|926.77
1790366050|20260926035410|926.73
1790366055|20260926035415|926.74
1790366075|20260926035435|926.74
1790366100|20260926035500|926.80
1790366105|20260926035505|926.85
1790366115|20260926035515|926.67
1790366120|20260926035520|926.68
1790366125|20260926035525|926.63
1790366135|20260926035535|926.68
1790366150|20260926035550|926.81
1790366165|20260926035605|926.66
1790366170|20260926035610|926.68
1790366175|20260926035615|926.61
1790366180|20260926035620|926.65
1790366195|20260926035635|926.63
1790366200|20260926035640|926.66
1790366205|20260926035645|926.72
1790366215|20260926035655|926.69
1790366225|20260926035705|926.71
1790366230|20260926035710|926.77
1790366235|20260926035715|926.91
1790366240|20260926035720|926.84
1790366260|20260926035740|926.72
1790366265|20260926035745|926.70
1790366285|20260926035805|926.66
1790366290|20260926035810|926.74
1790366295|20260926035815|926.77
1790366300|20260926035820|926.93
1790366305|20260926035825|926.93
1790366335|20260926035855|926.68
1790366345|20260926035905|926.93
1790366350|20260926035910|926.90
1790366360|20260926035920|926.90
1790366365|20260926035925|927.02
1790366400|20260926040000|926.90
