1787241600|20260821000000|977.42
1787241605|20260821000005|977.42
1787241610|20260821000010|977.56
1787241615|20260821000015|977.64
1787241620|20260821000020|977.42
1787241625|20260821000025|977.67
1787241635|20260821000035|977.68
1787241640|20260821000040|977.53
1787241645|20260821000045|977.85
1787241650|20260821000050|977.77
1787241655|20260821000055|977.67
1787241665|20260821000105|977.88
1787241670|20260821000110|977.96
1787241675|20260821000115|977.69
1787241680|20260821000120|977.90
1787241685|20260821000125|978.01
1787241695|20260821000135|977.99
1787241700|20260821000140|977.94
1787241705|20260821000145|977.84
1787241715|20260821000155|977.97
1787241720|20260821000200|978.00
1787241725|20260821000205|977.94
1787241730|20260821000210|977.96
1787241735|20260821000215|978.03
1787241740|20260821000220|977.99
1787241745|20260821000225|978.01
1787241755|20260821000235|977.99
1787241760|20260821000240|977.99
1787241765|20260821000245|978.00
1787241770|20260821000250|978.00
1787241775|20260821000255|978.03
1787241780|20260821000300|978.07
1787241790|20260821000310|977.90
1787241795|20260821000315|977.99
1787241800|20260821000320|977.89
1787241805|20260821000325|977.89
1787241820|20260821000340|977.67
1787241825|20260821000345|977.47
1787241830|20260821000350|977.47
1787241845|20260821000405|977.65
1787241855|20260821000415|977.59
1787241860|20260821000420|977.55
1787241865|20260821000425|977.62
1787241900|20260821000500|977.00
1787241905|20260821000505|977.00
1787241910|20260821000510|977.11
1787241915|20260821000515|977.21
1787241920|20260821000520|977.35
1787241925|20260821000525|977.52
1787241935|20260821000535|977.34
1787241940|20260821000540|977.20
1787241945|20260821000545|977.14
1787241950|20260821000550|976.99
1787241955|20260821000555|977.01
1787241960|20260821000600|977.00
1787241965|20260821000605|977.04
1787241970|20260821000610|977.07
1787241975|20260821000615|977.11
1787241980|20260821000620|977.12
1787241985|20260821000625|977.16
1787241995|20260821000635|976.98
1787242000|20260821000640|976.91
1787242010|20260821000650|977.05
1787242015|20260821000655|977.30
1787242025|20260821000705|977.14
1787242030|20260821000710|977.20
1787242035|20260821000715|977.18
1787242040|20260821000720|976.97
1787242055|20260821000735|977.11
1787242060|20260821000740|977.14
1787242065|20260821000745|977.07
1787242070|20260821000750|977.07
1787242075|20260821000755|976.99
1787242080|20260821000800|977.05
1787242085|20260821000805|976.99
1787242100|20260821000820|977.09
1787242105|20260821000825|976.95
1787242115|20260821000835|977.05
1787242125|20260821000845|977.09
1787242130|20260821000850|977.02
1787242140|20260821000900|977.24
1787242145|20260821000905|977.09
1787242155|20260821000915|977.12
1787242160|20260821000920|977.14
1787242165|20260821000925|977.10
1787242200|20260821001000|977.04
1787242205|20260821001005|977.10
1787242210|20260821001010|977.04
1787242215|20260821001015|977.02
1787242220|20260821001020|976.98
1787242225|20260821001025|977.07
1787242235|20260821001035|977.05
1787242240|20260821001040|977.06
1787242245|20260821001045|977.06
1787242250|20260821001050|977.02
1787242255|20260821001055|977.02
1787242265|20260821001105|977.00
1787242270|20260821001110|976.89
1787242275|20260821001115|976.89
1787242280|20260821001120|976.83
1787242285|20260821001125|976.72
1787242300|20260821001140|976.56
1787242305|20260821001145|976.70
1787242310|20260821001150|976.60
1787242315|20260821001155|976.56
1787242320|20260821001200|976.35
1787242330|20260821001210|976.08
1787242335|20260821001215|975.69
1787242340|20260821001220|975.76
1787242355|20260821001235|975.75
1787242360|20260821001240|975.83
1787242365|20260821001245|975.86
1787242375|20260821001255|976.00
1787242385|20260821001305|975.81
1787242395|20260821001315|975.80
1787242400|20260821001320|975.81
1787242405|20260821001325|975.77
1787242415|20260821001335|975.89
1787242420|20260821001340|975.94
1787242425|20260821001345|975.99
1787242430|20260821001350|975.49
1787242435|20260821001355|975.56
1787242450|20260821001410|975.21
1787242455|20260821001415|975.11
1787242465|20260821001425|975.26
1787242500|20260821001500|975.41
1787242505|20260821001505|975.28
1787242510|20260821001510|975.17
1787242515|20260821001515|974.98
1787242520|20260821001520|974.98
1787242525|20260821001525|974.95
1787242535|20260821001535|974.94
1787242540|20260821001540|974.92
1787242545|20260821001545|975.03
1787242575|20260821001615|974.88
1787242580|20260821001620|974.88
1787242585|20260821001625|974.81
1787242595|20260821001635|974.71
1787242600|20260821001640|974.94
1787242605|20260821001645|974.89
1787242610|20260821001650|974.89
1787242625|20260821001705|974.90
1787242630|20260821001710|974.90
1787242635|20260821001715|974.95
1787242665|20260821001745|975.08
1787242670|20260821001750|975.30
1787242675|20260821001755|975.09
1787242690|20260821001810|975.07
1787242695|20260821001815|975.07
1787242705|20260821001825|975.15
1787242715|20260821001835|975.23
1787242720|20260821001840|975.24
1787242725|20260821001845|975.19
1787242730|20260821001850|975.27
1787242735|20260821001855|975.22
1787242745|20260821001905|975.32
1787242755|20260821001915|975.32
1787242760|20260821001920|975.26
1787242765|20260821001925|975.51
1787242800|20260821002000|975.44
1787242805|20260821002005|975.52
1787242815|20260821002015|975.45
1787242820|20260821002020|975.51
1787242825|20260821002025|975.44
1787242835|20260821002035|975.38
1787242840|20260821002040|975.45
1787242845|20260821002045|975.44
1787242850|20260821002050|975.48
1787242855|20260821002055|975.30
1787242865|20260821002105|975.39
1787242875|20260821002115|975.16
1787242885|20260821002125|975.05
1787242900|20260821002140|975.25
1787242905|20260821002145|975.26
1787242910|20260821002150|975.16
1787242915|20260821002155|975.18
1787242925|20260821002205|975.01
1787242930|20260821002210|974.94
1787242935|20260821002215|975.01
1787242955|20260821002235|975.27
1787242960|20260821002240|975.34
1787242975|20260821002255|975.45
1787242985|20260821002305|975.37
1787242990|20260821002310|975.27
1787242995|20260821002315|975.47
1787243000|20260821002320|975.42
1787243005|20260821002325|975.32
1787243015|20260821002335|975.22
1787243020|20260821002340|975.30
1787243025|20260821002345|975.28
1787243030|20260821002350|975.20
1787243035|20260821002355|974.98
1787243045|20260821002405|975.10
1787243050|20260821002410|975.00
1787243055|20260821002415|975.12
1787243060|20260821002420|975.10
1787243065|20260821002425|975.21
1787243100|20260821002500|975.46
1787243105|20260821002505|975.39
1787243110|20260821002510|975.33
1787243115|20260821002515|975.29
1787243120|20260821002520|975.20
1787243125|20260821002525|975.17
1787243135|20260821002535|975.16
1787243140|20260821002540|975.09
1787243145|20260821002545|974.99
1787243150|20260821002550|975.15
1787243155|20260821002555|975.00
1787243165|20260821002605|974.93
1787243170|20260821002610|974.67
1787243175|20260821002615|974.66
1787243180|20260821002620|974.70
1787243185|20260821002625|974.73
1787243195|20260821002635|974.69
1787243200|20260821002640|974.69
1787243205|20260821002645|974.70
1787243210|20260821002650|974.61
1787243215|20260821002655|974.63
1787243220|20260821002700|974.74
1787243225|20260821002705|974.72
1787243230|20260821002710|974.68
1787243235|20260821002715|974.71
1787243240|20260821002720|974.72
1787243245|20260821002725|974.70
1787243255|20260821002735|974.78
1787243260|20260821002740|974.71
1787243265|20260821002745|974.72
1787243270|20260821002750|974.55
1787243275|20260821002755|974.13
1787243280|20260821002800|974.16
1787243285|20260821002805|974.25
1787243290|20260821002810|974.08
1787243295|20260821002815|974.23
1787243300|20260821002820|974.07
1787243305|20260821002825|974.14
1787243320|20260821002840|974.20
1787243325|20260821002845|974.31
1787243330|20260821002850|974.61
1787243335|20260821002855|974.62
1787243340|20260821002900|974.69
1787243345|20260821002905|974.70
1787243350|20260821002910|974.75
1787243355|20260821002915|974.77
1787243360|20260821002920|974.56
1787243365|20260821002925|974.58
1787243400|20260821003000|974.87
1787243405|20260821003005|974.87
1787243410|20260821003010|974.78
1787243415|20260821003015|974.90
1787243420|20260821003020|974.62
1787243435|20260821003035|974.34
1787243440|20260821003040|974.32
1787243445|20260821003045|974.32
1787243450|20260821003050|974.31
1787243455|20260821003055|974.37
1787243465|20260821003105|974.34
1787243470|20260821003110|974.28
1787243475|20260821003115|974.29
1787243480|20260821003120|974.40
1787243495|20260821003135|974.51
1787243500|20260821003140|974.37
1787243505|20260821003145|974.42
1787243510|20260821003150|974.37
1787243525|20260821003205|974.04
1787243540|20260821003220|973.84
1787243545|20260821003225|973.81
1787243555|20260821003235|973.90
1787243565|20260821003245|973.85
1787243570|20260821003250|973.96
1787243575|20260821003255|974.01
1787243585|20260821003305|973.88
1787243590|20260821003310|973.94
1787243595|20260821003315|974.06
1787243620|20260821003340|974.22
1787243625|20260821003345|974.20
1787243630|20260821003350|974.34
1787243635|20260821003355|974.42
1787243645|20260821003405|974.42
1787243655|20260821003415|974.64
1787243660|20260821003420|974.66
1787243665|20260821003425|975.00
1787243700|20260821003500|974.88
1787243705|20260821003505|974.89
1787243710|20260821003510|975.01
1787243715|20260821003515|974.93
1787243720|20260821003520|974.88
1787243725|20260821003525|974.78
1787243735|20260821003535|975.03
1787243740|20260821003540|975.15
1787243745|20260821003545|975.28
1787243750|20260821003550|975.22
1787243755|20260821003555|975.24
1787243760|20260821003600|975.19
1787243765|20260821003605|975.29
1787243770|20260821003610|975.31
1787243775|20260821003615|975.27
1787243780|20260821003620|975.20
1787243785|20260821003625|975.26
1787243795|20260821003635|975.58
1787243800|20260821003640|975.53
1787243805|20260821003645|975.46
1787243810|20260821003650|975.37
1787243815|20260821003655|975.47
1787243825|20260821003705|975.50
1787243830|20260821003710|975.39
1787243835|20260821003715|975.36
1787243840|20260821003720|975.35
1787243845|20260821003725|975.32
1787243855|20260821003735|975.25
1787243860|20260821003740|975.25
1787243865|20260821003745|975.26
1787243870|20260821003750|975.08
1787243875|20260821003755|975.18
1787243885|20260821003805|975.02
1787243890|20260821003810|974.58
1787243895|20260821003815|974.75
1787243900|20260821003820|974.74
1787243915|20260821003835|974.82
1787243920|20260821003840|974.65
1787243925|20260821003845|974.83
1787243930|20260821003850|974.77
1787243935|20260821003855|974.79
1787243940|20260821003900|974.78
1787243945|20260821003905|974.85
1787243950|20260821003910|974.65
1787243955|20260821003915|974.73
1787243960|20260821003920|974.75
1787243995|20260821003955|974.53
1787244005|20260821004005|974.52
1787244015|20260821004015|974.62
1787244020|20260821004020|974.74
1787244025|20260821004025|974.92
1787244035|20260821004035|974.98
1787244040|20260821004040|975.06
1787244045|20260821004045|975.03
1787244050|20260821004050|974.95
1787244055|20260821004055|974.98
1787244065|20260821004105|975.00
1787244070|20260821004110|974.97
1787244075|20260821004115|974.95
1787244085|20260821004125|974.95
1787244100|20260821004140|975.09
1787244105|20260821004145|975.00
1787244115|20260821004155|975.00
1787244125|20260821004205|975.05
1787244130|20260821004210|975.03
1787244140|20260821004220|975.09
1787244145|20260821004225|975.09
1787244155|20260821004235|974.90
1787244160|20260821004240|974.93
1787244165|20260821004245|974.78
1787244170|20260821004250|974.71
1787244185|20260821004305|974.68
1787244190|20260821004310|974.68
1787244195|20260821004315|974.77
1787244200|20260821004320|974.64
1787244205|20260821004325|974.77
1787244215|20260821004335|974.76
1787244220|20260821004340|974.76
1787244225|20260821004345|974.77
1787244230|20260821004350|974.74
1787244240|20260821004400|974.81
1787244245|20260821004405|974.82
1787244250|20260821004410|974.83
1787244255|20260821004415|974.86
1787244260|20260821004420|974.86
1787244265|20260821004425|974.89
1787244290|20260821004450|974.87
1787244300|20260821004500|974.92
1787244305|20260821004505|974.98
1787244310|20260821004510|975.11
1787244315|20260821004515|974.94
1787244320|20260821004520|974.84
1787244325|20260821004525|974.65
1787244335|20260821004535|974.81
1787244340|20260821004540|974.72
1787244345|20260821004545|974.76
1787244355|20260821004555|974.94
1787244360|20260821004600|974.87
1787244365|20260821004605|974.85
1787244370|20260821004610|974.92
1787244375|20260821004615|975.18
1787244380|20260821004620|975.42
1787244385|20260821004625|975.45
1787244395|20260821004635|975.56
1787244400|20260821004640|975.58
1787244405|20260821004645|975.57
1787244430|20260821004710|975.53
1787244440|20260821004720|975.61
1787244445|20260821004725|975.58
1787244455|20260821004735|975.57
1787244460|20260821004740|975.57
1787244465|20260821004745|975.47
1787244475|20260821004755|975.40
1787244485|20260821004805|975.51
1787244495|20260821004815|975.50
1787244500|20260821004820|975.52
1787244515|20260821004835|975.52
1787244520|20260821004840|975.39
1787244525|20260821004845|975.24
1787244530|20260821004850|975.33
1787244535|20260821004855|975.37
1787244545|20260821004905|975.50
1787244550|20260821004910|975.51
1787244565|20260821004925|975.46
1787244600|20260821005000|975.50
1787244605|20260821005005|975.58
1787244610|20260821005010|975.84
1787244615|20260821005015|975.59
1787244620|20260821005020|975.55
1787244625|20260821005025|975.55
1787244635|20260821005035|975.57
1787244640|20260821005040|975.62
1787244645|20260821005045|975.62
1787244650|20260821005050|975.57
1787244655|20260821005055|975.55
1787244665|20260821005105|975.48
1787244670|20260821005110|975.51
1787244675|20260821005115|975.45
1787244680|20260821005120|975.41
1787244685|20260821005125|975.48
1787244695|20260821005135|975.49
1787244700|20260821005140|975.53
1787244705|20260821005145|975.60
1787244715|20260821005155|975.47
1787244730|20260821005210|975.46
1787244735|20260821005215|975.49
1787244740|20260821005220|975.41
1787244755|20260821005235|975.38
1787244760|20260821005240|975.37
1787244765|20260821005245|975.28
1787244770|20260821005250|975.26
1787244775|20260821005255|975.22
1787244785|20260821005305|975.18
1787244790|20260821005310|975.21
1787244795|20260821005315|975.25
1787244800|20260821005320|975.22
1787244805|20260821005325|975.18
1787244815|20260821005335|975.09
1787244820|20260821005340|975.08
1787244825|20260821005345|975.05
1787244830|20260821005350|975.22
1787244835|20260821005355|975.19
1787244840|20260821005400|975.27
1787244845|20260821005405|975.29
1787244850|20260821005410|975.28
1787244855|20260821005415|975.27
1787244860|20260821005420|975.23
1787244865|20260821005425|975.13
1787244900|20260821005500|975.05
1787244905|20260821005505|975.00
1787244910|20260821005510|974.95
1787244915|20260821005515|975.01
1787244920|20260821005520|975.03
1787244925|20260821005525|975.11
1787244935|20260821005535|975.08
1787244940|20260821005540|975.07
1787244945|20260821005545|974.96
1787244950|20260821005550|975.18
1787244955|20260821005555|975.14
1787244960|20260821005600|975.12
1787244965|20260821005605|975.12
1787244970|20260821005610|975.09
1787244975|20260821005615|975.04
1787244980|20260821005620|975.00
1787244995|20260821005635|975.11
1787245000|20260821005640|975.07
1787245005|20260821005645|975.12
1787245015|20260821005655|974.97
1787245025|20260821005705|974.96
1787245030|20260821005710|974.94
1787245035|20260821005715|974.96
1787245040|20260821005720|974.92
1787245045|20260821005725|975.05
1787245055|20260821005735|975.18
1787245060|20260821005740|975.35
1787245065|20260821005745|975.37
1787245070|20260821005750|975.21
1787245075|20260821005755|975.16
1787245080|20260821005800|975.12
1787245085|20260821005805|975.14
1787245090|20260821005810|975.13
1787245095|20260821005815|975.17
1787245100|20260821005820|975.25
1787245105|20260821005825|975.23
1787245115|20260821005835|975.27
1787245120|20260821005840|975.24
1787245125|20260821005845|975.23
1787245130|20260821005850|975.21
1787245135|20260821005855|975.11
1787245140|20260821005900|975.10
1787245145|20260821005905|974.77
1787245150|20260821005910|974.74
1787245155|20260821005915|974.79
1787245160|20260821005920|974.77
1787245165|20260821005925|974.87
1787245200|20260821010000|975.15
1787245205|20260821010005|975.13
1787245210|20260821010010|975.18
1787245215|20260821010015|975.28
1787245225|20260821010025|975.17
1787245235|20260821010035|975.20
1787245240|20260821010040|975.23
1787245245|20260821010045|975.29
1787245250|20260821010050|975.25
1787245255|20260821010055|975.51
1787245260|20260821010100|975.38
1787245265|20260821010105|975.63
1787245270|20260821010110|975.60
1787245275|20260821010115|975.63
1787245280|20260821010120|975.55
1787245285|20260821010125|975.62
1787245295|20260821010135|975.53
1787245300|20260821010140|975.54
1787245305|20260821010145|975.57
1787245310|20260821010150|975.62
1787245315|20260821010155|975.58
1787245320|20260821010200|975.60
1787245325|20260821010205|975.53
1787245330|20260821010210|975.77
1787245335|20260821010215|975.62
1787245340|20260821010220|975.61
1787245345|20260821010225|975.61
1787245355|20260821010235|975.53
1787245360|20260821010240|975.53
1787245365|20260821010245|975.48
1787245370|20260821010250|975.39
1787245375|20260821010255|975.44
1787245385|20260821010305|975.42
1787245390|20260821010310|975.43
1787245395|20260821010315|975.41
1787245415|20260821010335|975.61
1787245425|20260821010345|975.54
1787245430|20260821010350|975.57
1787245435|20260821010355|975.45
1787245440|20260821010400|975.43
1787245445|20260821010405|975.43
1787245450|20260821010410|975.42
1787245455|20260821010415|975.58
1787245460|20260821010420|975.52
1787245500|20260821010500|975.44
1787245505|20260821010505|975.49
1787245515|20260821010515|975.46
1787245520|20260821010520|975.43
1787245535|20260821010535|975.36
1787245540|20260821010540|975.37
1787245545|20260821010545|975.39
1787245550|20260821010550|975.40
1787245570|20260821010610|975.39
1787245575|20260821010615|975.49
1787245580|20260821010620|975.47
1787245585|20260821010625|975.43
1787245595|20260821010635|975.42
1787245600|20260821010640|975.38
1787245605|20260821010645|975.21
1787245610|20260821010650|975.28
1787245615|20260821010655|975.21
1787245625|20260821010705|975.17
1787245630|20260821010710|975.12
1787245635|20260821010715|975.22
1787245640|20260821010720|975.21
1787245645|20260821010725|975.21
1787245655|20260821010735|975.20
1787245660|20260821010740|975.31
1787245665|20260821010745|975.32
1787245670|20260821010750|975.28
1787245675|20260821010755|975.35
1787245680|20260821010800|975.32
1787245685|20260821010805|975.30
1787245690|20260821010810|975.31
1787245695|20260821010815|975.25
1787245700|20260821010820|975.03
1787245705|20260821010825|974.94
1787245715|20260821010835|974.87
1787245725|20260821010845|974.85
1787245730|20260821010850|974.87
1787245735|20260821010855|974.84
1787245745|20260821010905|974.90
1787245750|20260821010910|974.91
1787245755|20260821010915|974.92
1787245760|20260821010920|974.94
1787245770|20260821010930|975.07
1787245780|20260821010940|975.16
1787245790|20260821010950|975.20
1787245800|20260821011000|975.12
1787245805|20260821011005|975.17
1787245810|20260821011010|975.18
1787245815|20260821011015|975.07
1787245820|20260821011020|975.11
1787245825|20260821011025|975.16
1787245835|20260821011035|975.14
1787245840|20260821011040|975.19
1787245845|20260821011045|975.20
1787245850|20260821011050|975.18
1787245855|20260821011055|975.09
1787245865|20260821011105|975.00
1787245870|20260821011110|974.79
1787245880|20260821011120|974.69
1787245895|20260821011135|974.86
1787245910|20260821011150|974.87
1787245915|20260821011155|974.85
1787245925|20260821011205|974.87
1787245935|20260821011215|974.95
1787245940|20260821011220|974.97
1787245945|20260821011225|974.93
1787245955|20260821011235|974.93
1787245960|20260821011240|974.86
1787245965|20260821011245|974.91
1787245975|20260821011255|974.92
1787245985|20260821011305|974.98
1787245990|20260821011310|974.99
1787246000|20260821011320|974.96
1787246005|20260821011325|974.94
1787246015|20260821011335|975.05
1787246020|20260821011340|975.04
1787246025|20260821011345|974.99
1787246035|20260821011355|974.83
1787246045|20260821011405|974.71
1787246060|20260821011420|974.87
1787246090|20260821011450|975.02
1787246105|20260821011505|974.96
1787246110|20260821011510|974.88
1787246115|20260821011515|974.88
1787246120|20260821011520|974.91
1787246135|20260821011535|974.80
1787246140|20260821011540|974.83
1787246145|20260821011545|974.84
1787246155|20260821011555|974.82
1787246165|20260821011605|974.83
1787246170|20260821011610|974.84
1787246175|20260821011615|974.89
1787246180|20260821011620|974.83
1787246185|20260821011625|974.81
1787246195|20260821011635|975.14
1787246200|20260821011640|975.13
1787246205|20260821011645|975.11
1787246210|20260821011650|975.09
1787246225|20260821011705|975.39
1787246230|20260821011710|975.33
1787246235|20260821011715|975.37
1787246240|20260821011720|975.37
1787246245|20260821011725|975.25
1787246255|20260821011735|975.30
1787246260|20260821011740|975.21
1787246265|20260821011745|975.30
1787246270|20260821011750|975.28
1787246275|20260821011755|975.31
1787246295|20260821011815|975.32
1787246300|20260821011820|975.35
1787246305|20260821011825|975.38
1787246315|20260821011835|975.38
1787246320|20260821011840|975.38
1787246325|20260821011845|975.34
1787246330|20260821011850|975.36
1787246335|20260821011855|975.32
1787246345|20260821011905|975.20
1787246350|20260821011910|975.22
1787246355|20260821011915|975.28
1787246360|20260821011920|975.12
1787246390|20260821011950|974.84
1787246395|20260821011955|974.88
1787246400|20260821012000|974.87
1787246405|20260821012005|974.86
1787246410|20260821012010|974.83
1787246415|20260821012015|974.88
1787246420|20260821012020|974.85
1787246425|20260821012025|974.95
1787246435|20260821012035|975.00
1787246440|20260821012040|974.98
1787246445|20260821012045|974.93
1787246450|20260821012050|975.09
1787246455|20260821012055|975.17
1787246460|20260821012100|975.22
1787246475|20260821012115|975.53
1787246480|20260821012120|975.40
1787246485|20260821012125|975.39
1787246500|20260821012140|975.36
1787246505|20260821012145|975.37
1787246510|20260821012150|975.38
1787246515|20260821012155|975.39
1787246525|20260821012205|975.52
1787246530|20260821012210|975.60
1787246535|20260821012215|975.60
1787246540|20260821012220|975.60
1787246545|20260821012225|975.87
1787246555|20260821012235|975.99
1787246560|20260821012240|975.75
1787246565|20260821012245|975.71
1787246575|20260821012255|975.78
1787246580|20260821012300|975.80
1787246585|20260821012305|975.76
1787246590|20260821012310|975.60
1787246595|20260821012315|975.60
1787246600|20260821012320|975.65
1787246605|20260821012325|975.65
1787246615|20260821012335|975.63
1787246620|20260821012340|975.62
1787246625|20260821012345|975.63
1787246630|20260821012350|975.60
1787246635|20260821012355|975.66
1787246640|20260821012400|975.65
1787246645|20260821012405|975.64
1787246650|20260821012410|975.39
1787246655|20260821012415|975.40
1787246660|20260821012420|975.34
1787246665|20260821012425|975.36
1787246675|20260821012435|975.40
1787246695|20260821012455|975.38
1787246700|20260821012500|975.34
1787246705|20260821012505|975.44
1787246710|20260821012510|975.41
1787246720|20260821012520|975.55
1787246740|20260821012540|975.31
1787246745|20260821012545|975.30
1787246750|20260821012550|975.32
1787246755|20260821012555|975.34
1787246760|20260821012600|975.42
1787246765|20260821012605|975.42
1787246770|20260821012610|975.40
1787246775|20260821012615|975.39
1787246780|20260821012620|975.57
1787246785|20260821012625|975.55
1787246790|20260821012630|975.65
1787246795|20260821012635|975.64
1787246800|20260821012640|975.75
1787246805|20260821012645|975.73
1787246810|20260821012650|975.72
1787246815|20260821012655|975.63
1787246820|20260821012700|975.72
1787246825|20260821012705|975.79
1787246830|20260821012710|975.77
1787246835|20260821012715|975.75
1787246840|20260821012720|975.63
1787246860|20260821012740|975.26
1787246865|20260821012745|975.20
1787246870|20260821012750|975.10
1787246875|20260821012755|975.03
1787246885|20260821012805|975.21
1787246890|20260821012810|975.26
1787246900|20260821012820|975.40
1787246905|20260821012825|975.43
1787246915|20260821012835|975.35
1787246920|20260821012840|975.44
1787246925|20260821012845|975.40
1787246930|20260821012850|975.38
1787246935|20260821012855|975.39
1787246945|20260821012905|976.24
1787246950|20260821012910|976.41
1787246955|20260821012915|976.27
1787246960|20260821012920|976.28
1787246965|20260821012925|976.37
1787246990|20260821012950|976.34
1787247005|20260821013005|975.84
1787247010|20260821013010|975.71
1787247015|20260821013015|975.70
1787247020|20260821013020|975.66
1787247025|20260821013025|975.46
1787247035|20260821013035|975.54
1787247040|20260821013040|975.50
1787247045|20260821013045|975.56
1787247050|20260821013050|975.42
1787247055|20260821013055|975.37
1787247060|20260821013100|975.39
1787247080|20260821013120|975.77
1787247085|20260821013125|975.78
1787247095|20260821013135|975.80
1787247100|20260821013140|975.92
1787247105|20260821013145|975.95
1787247110|20260821013150|976.16
1787247115|20260821013155|976.23
1787247120|20260821013200|976.51
1787247125|20260821013205|976.47
1787247140|20260821013220|976.43
1787247145|20260821013225|976.40
1787247155|20260821013235|976.47
1787247160|20260821013240|976.48
1787247165|20260821013245|976.43
1787247170|20260821013250|976.38
1787247175|20260821013255|976.45
1787247185|20260821013305|976.52
1787247190|20260821013310|976.52
1787247200|20260821013320|976.55
1787247205|20260821013325|976.59
1787247215|20260821013335|976.59
1787247220|20260821013340|976.62
1787247225|20260821013345|976.55
1787247235|20260821013355|976.52
1787247245|20260821013405|976.47
1787247250|20260821013410|976.68
1787247260|20260821013420|976.68
1787247265|20260821013425|976.74
1787247300|20260821013500|976.81
1787247305|20260821013505|976.90
1787247310|20260821013510|976.86
1787247315|20260821013515|976.90
1787247320|20260821013520|976.86
1787247325|20260821013525|976.90
1787247335|20260821013535|976.94
1787247340|20260821013540|976.95
1787247345|20260821013545|976.67
1787247350|20260821013550|976.71
1787247355|20260821013555|976.78
1787247360|20260821013600|976.62
1787247365|20260821013605|976.60
1787247370|20260821013610|976.61
1787247375|20260821013615|976.54
1787247380|20260821013620|976.56
1787247385|20260821013625|976.53
1787247395|20260821013635|976.51
1787247400|20260821013640|976.48
1787247405|20260821013645|976.49
1787247410|20260821013650|976.58
1787247415|20260821013655|976.60
1787247420|20260821013700|976.66
1787247425|20260821013705|976.68
1787247430|20260821013710|976.63
1787247435|20260821013715|976.63
1787247445|20260821013725|976.60
1787247455|20260821013735|976.58
1787247460|20260821013740|976.54
1787247465|20260821013745|976.64
1787247470|20260821013750|976.60
1787247475|20260821013755|976.62
1787247480|20260821013800|976.65
1787247485|20260821013805|976.64
1787247500|20260821013820|976.53
1787247505|20260821013825|976.58
1787247515|20260821013835|976.59
1787247520|20260821013840|976.55
1787247525|20260821013845|976.56
1787247530|20260821013850|976.69
1787247545|20260821013905|976.69
1787247550|20260821013910|976.72
1787247555|20260821013915|976.75
1787247560|20260821013920|976.69
1787247565|20260821013925|976.68
1787247605|20260821014005|976.63
1787247610|20260821014010|976.56
1787247615|20260821014015|976.58
1787247620|20260821014020|976.57
1787247625|20260821014025|976.58
1787247635|20260821014035|976.56
1787247650|20260821014050|976.86
1787247655|20260821014055|976.82
1787247685|20260821014125|976.60
1787247695|20260821014135|976.69
1787247700|20260821014140|976.69
1787247705|20260821014145|976.60
1787247710|20260821014150|976.62
1787247715|20260821014155|976.62
1787247735|20260821014215|976.62
1787247740|20260821014220|976.59
1787247745|20260821014225|976.63
1787247760|20260821014240|976.68
1787247770|20260821014250|976.78
1787247775|20260821014255|976.78
1787247780|20260821014300|976.68
1787247785|20260821014305|976.67
1787247790|20260821014310|976.69
1787247795|20260821014315|976.67
1787247800|20260821014320|976.71
1787247805|20260821014325|976.72
1787247815|20260821014335|976.76
1787247820|20260821014340|976.75
1787247825|20260821014345|976.84
1787247830|20260821014350|976.81
1787247835|20260821014355|976.80
1787247845|20260821014405|976.80
1787247850|20260821014410|976.81
1787247855|20260821014415|976.83
1787247860|20260821014420|976.83
1787247865|20260821014425|976.88
1787247900|20260821014500|976.91
1787247905|20260821014505|976.92
1787247910|20260821014510|976.85
1787247915|20260821014515|976.78
1787247920|20260821014520|976.80
1787247925|20260821014525|976.81
1787247935|20260821014535|976.84
1787247940|20260821014540|976.85
1787247945|20260821014545|976.90
1787247950|20260821014550|976.88
1787247955|20260821014555|976.91
1787247970|20260821014610|976.99
1787247975|20260821014615|977.02
1787247980|20260821014620|977.06
1787247985|20260821014625|977.01
1787247995|20260821014635|977.06
1787248000|20260821014640|977.04
1787248005|20260821014645|977.07
1787248010|20260821014650|977.07
1787248015|20260821014655|977.20
1787248025|20260821014705|977.16
1787248030|20260821014710|977.31
1787248035|20260821014715|977.35
1787248040|20260821014720|977.34
1787248045|20260821014725|977.23
1787248060|20260821014740|977.15
1787248065|20260821014745|977.10
1787248070|20260821014750|977.13
1787248075|20260821014755|977.16
1787248085|20260821014805|977.30
1787248090|20260821014810|977.27
1787248095|20260821014815|977.34
1787248100|20260821014820|977.33
1787248105|20260821014825|977.25
1787248120|20260821014840|977.25
1787248125|20260821014845|977.27
1787248135|20260821014855|977.26
1787248140|20260821014900|977.26
1787248145|20260821014905|977.20
1787248150|20260821014910|977.22
1787248155|20260821014915|977.18
1787248160|20260821014920|977.05
1787248205|20260821015005|977.14
1787248210|20260821015010|977.18
1787248215|20260821015015|977.20
1787248220|20260821015020|977.20
1787248235|20260821015035|977.26
1787248240|20260821015040|977.29
1787248245|20260821015045|977.22
1787248250|20260821015050|977.19
1787248255|20260821015055|977.18
1787248265|20260821015105|977.20
1787248270|20260821015110|977.11
1787248275|20260821015115|977.04
1787248280|20260821015120|977.03
1787248285|20260821015125|977.07
1787248295|20260821015135|977.05
1787248300|20260821015140|977.05
1787248305|20260821015145|977.03
1787248310|20260821015150|977.07
1787248315|20260821015155|977.06
1787248330|20260821015210|976.96
1787248335|20260821015215|976.97
1787248355|20260821015235|976.92
1787248360|20260821015240|976.91
1787248365|20260821015245|976.97
1787248370|20260821015250|976.98
1787248385|20260821015305|976.91
1787248390|20260821015310|976.89
1787248395|20260821015315|976.79
1787248400|20260821015320|976.81
1787248405|20260821015325|976.82
1787248415|20260821015335|976.70
1787248420|20260821015340|976.71
1787248425|20260821015345|976.83
1787248430|20260821015350|976.81
1787248435|20260821015355|976.83
1787248450|20260821015410|976.79
1787248455|20260821015415|976.85
1787248460|20260821015420|976.81
1787248500|20260821015500|977.03
1787248505|20260821015505|976.98
1787248515|20260821015515|976.99
1787248520|20260821015520|976.94
1787248525|20260821015525|976.97
1787248535|20260821015535|977.00
1787248540|20260821015540|977.07
1787248545|20260821015545|977.04
1787248550|20260821015550|976.97
1787248555|20260821015555|976.96
1787248560|20260821015600|976.98
1787248565|20260821015605|977.03
1787248570|20260821015610|976.98
1787248575|20260821015615|977.04
1787248580|20260821015620|977.05
1787248585|20260821015625|977.07
1787248595|20260821015635|977.07
1787248600|20260821015640|977.15
1787248605|20260821015645|977.03
1787248610|20260821015650|977.05
1787248615|20260821015655|977.05
1787248625|20260821015705|977.10
1787248635|20260821015715|977.08
1787248640|20260821015720|977.12
1787248645|20260821015725|977.06
1787248665|20260821015745|977.25
1787248670|20260821015750|977.24
1787248675|20260821015755|977.24
1787248685|20260821015805|977.28
1787248690|20260821015810|977.32
1787248695|20260821015815|977.38
1787248700|20260821015820|977.23
1787248705|20260821015825|977.24
1787248715|20260821015835|977.25
1787248720|20260821015840|977.27
1787248725|20260821015845|977.26
1787248730|20260821015850|977.24
1787248735|20260821015855|977.18
1787248750|20260821015910|977.25
1787248755|20260821015915|977.28
1787248760|20260821015920|977.28
1787248765|20260821015925|977.27
1787248780|20260821015940|977.19
1787248800|20260821020000|977.13
1787248805|20260821020005|977.27
1787248810|20260821020010|977.28
1787248815|20260821020015|977.28
1787248820|20260821020020|977.28
1787248825|20260821020025|977.35
1787248835|20260821020035|977.36
1787248840|20260821020040|977.32
1787248845|20260821020045|977.30
1787248850|20260821020050|977.32
1787248855|20260821020055|977.33
1787248865|20260821020105|977.39
1787248870|20260821020110|977.31
1787248875|20260821020115|977.33
1787248880|20260821020120|977.33
1787248885|20260821020125|977.24
1787248895|20260821020135|977.13
1787248900|20260821020140|977.08
1787248905|20260821020145|977.05
1787248910|20260821020150|976.94
1787248915|20260821020155|976.94
1787248925|20260821020205|977.24
1787248930|20260821020210|977.25
1787248935|20260821020215|977.21
1787248940|20260821020220|977.30
1787248945|20260821020225|977.28
1787248960|20260821020240|977.39
1787248965|20260821020245|977.34
1787248980|20260821020300|977.39
1787248985|20260821020305|977.42
1787248990|20260821020310|977.49
1787248995|20260821020315|977.50
1787249000|20260821020320|977.51
1787249005|20260821020325|977.51
1787249020|20260821020340|977.69
1787249025|20260821020345|977.66
1787249030|20260821020350|977.61
1787249035|20260821020355|977.64
1787249045|20260821020405|977.74
1787249055|20260821020415|977.74
1787249095|20260821020455|977.64
1787249100|20260821020500|977.62
1787249105|20260821020505|977.63
1787249110|20260821020510|977.66
1787249115|20260821020515|977.72
1787249120|20260821020520|977.76
1787249125|20260821020525|977.75
1787249135|20260821020535|977.74
1787249140|20260821020540|977.73
1787249145|20260821020545|977.68
1787249150|20260821020550|977.44
1787249155|20260821020555|977.45
1787249165|20260821020605|977.47
1787249170|20260821020610|977.46
1787249175|20260821020615|977.52
1787249180|20260821020620|977.57
1787249185|20260821020625|977.47
1787249195|20260821020635|977.39
1787249200|20260821020640|977.42
1787249205|20260821020645|977.41
1787249210|20260821020650|977.40
1787249215|20260821020655|977.40
1787249225|20260821020705|977.12
1787249230|20260821020710|977.14
1787249240|20260821020720|977.05
1787249245|20260821020725|977.02
1787249255|20260821020735|976.81
1787249260|20260821020740|976.64
1787249265|20260821020745|976.64
1787249270|20260821020750|976.72
1787249275|20260821020755|976.72
1787249285|20260821020805|976.68
1787249290|20260821020810|976.57
1787249295|20260821020815|976.52
1787249300|20260821020820|976.38
1787249315|20260821020835|976.50
1787249320|20260821020840|976.48
1787249325|20260821020845|976.52
1787249330|20260821020850|976.50
1787249335|20260821020855|976.48
1787249340|20260821020900|976.59
1787249345|20260821020905|976.39
1787249350|20260821020910|976.46
1787249355|20260821020915|976.50
1787249360|20260821020920|976.47
1787249365|20260821020925|976.50
1787249405|20260821021005|976.49
1787249415|20260821021015|976.38
1787249420|20260821021020|976.29
1787249435|20260821021035|976.15
1787249445|20260821021045|976.14
1787249450|20260821021050|976.21
1787249455|20260821021055|976.21
1787249460|20260821021100|976.16
1787249465|20260821021105|976.12
1787249470|20260821021110|976.03
1787249480|20260821021120|976.07
1787249485|20260821021125|976.10
1787249495|20260821021135|976.05
1787249500|20260821021140|975.93
1787249505|20260821021145|975.94
1787249510|20260821021150|975.91
1787249520|20260821021200|975.81
1787249525|20260821021205|975.77
1787249545|20260821021225|975.82
1787249555|20260821021235|975.32
1787249560|20260821021240|975.26
1787249565|20260821021245|975.30
1787249575|20260821021255|975.23
1787249585|20260821021305|975.12
1787249590|20260821021310|975.29
1787249595|20260821021315|975.26
1787249605|20260821021325|975.43
1787249615|20260821021335|975.32
1787249620|20260821021340|975.40
1787249625|20260821021345|975.41
1787249630|20260821021350|975.36
1787249635|20260821021355|975.26
1787249645|20260821021405|975.22
1787249655|20260821021415|975.38
1787249665|20260821021425|975.34
1787249700|20260821021500|975.28
1787249705|20260821021505|975.30
1787249715|20260821021515|975.31
1787249720|20260821021520|975.31
1787249725|20260821021525|975.39
1787249735|20260821021535|975.43
1787249740|20260821021540|975.42
1787249745|20260821021545|975.46
1787249750|20260821021550|975.41
1787249755|20260821021555|975.42
1787249760|20260821021600|975.40
1787249765|20260821021605|975.39
1787249770|20260821021610|975.45
1787249780|20260821021620|975.24
1787249785|20260821021625|975.22
1787249795|20260821021635|975.01
1787249800|20260821021640|974.96
1787249805|20260821021645|974.90
1787249820|20260821021700|975.00
1787249835|20260821021715|975.07
1787249845|20260821021725|975.25
1787249860|20260821021740|975.20
1787249870|20260821021750|975.11
1787249875|20260821021755|975.19
1787249885|20260821021805|975.09
1787249895|20260821021815|974.93
1787249900|20260821021820|975.07
1787249905|20260821021825|975.14
1787249915|20260821021835|975.26
1787249920|20260821021840|975.49
1787249925|20260821021845|975.60
1787249930|20260821021850|975.63
1787249935|20260821021855|975.86
1787249945|20260821021905|975.93
1787249950|20260821021910|976.09
1787249955|20260821021915|976.09
1787249965|20260821021925|976.16
1787249975|20260821021935|976.21
1787250000|20260821022000|976.42
1787250005|20260821022005|976.44
1787250010|20260821022010|976.38
1787250015|20260821022015|976.42
1787250020|20260821022020|976.35
1787250025|20260821022025|976.29
1787250035|20260821022035|976.38
1787250040|20260821022040|976.31
1787250050|20260821022050|976.26
1787250055|20260821022055|976.32
1787250065|20260821022105|976.37
1787250070|20260821022110|976.37
1787250075|20260821022115|976.36
1787250080|20260821022120|976.43
1787250085|20260821022125|976.47
1787250095|20260821022135|976.46
1787250105|20260821022145|976.42
1787250110|20260821022150|976.47
1787250130|20260821022210|976.64
1787250135|20260821022215|976.66
1787250140|20260821022220|976.66
1787250145|20260821022225|976.90
1787250160|20260821022240|976.72
1787250165|20260821022245|976.70
1787250170|20260821022250|976.67
1787250175|20260821022255|976.66
1787250185|20260821022305|976.66
1787250200|20260821022320|976.67
1787250215|20260821022335|976.55
1787250220|20260821022340|976.50
1787250225|20260821022345|976.46
1787250245|20260821022405|976.42
1787250250|20260821022410|976.40
1787250295|20260821022455|976.59
1787250300|20260821022500|976.58
1787250305|20260821022505|976.65
1787250310|20260821022510|976.66
1787250315|20260821022515|976.71
1787250320|20260821022520|976.73
1787250335|20260821022535|976.89
1787250340|20260821022540|976.81
1787250345|20260821022545|976.79
1787250350|20260821022550|976.81
1787250360|20260821022600|976.85
1787250365|20260821022605|976.95
1787250370|20260821022610|977.00
1787250375|20260821022615|977.04
1787250395|20260821022635|977.06
1787250405|20260821022645|977.09
1787250410|20260821022650|977.07
1787250420|20260821022700|977.05
1787250425|20260821022705|977.07
1787250430|20260821022710|977.06
1787250435|20260821022715|977.03
1787250445|20260821022725|977.11
1787250455|20260821022735|977.09
1787250460|20260821022740|977.11
1787250465|20260821022745|977.12
1787250470|20260821022750|977.06
1787250485|20260821022805|977.08
1787250495|20260821022815|977.12
1787250515|20260821022835|977.05
1787250520|20260821022840|977.07
1787250525|20260821022845|977.09
1787250530|20260821022850|977.12
1787250535|20260821022855|977.01
1787250550|20260821022910|977.05
1787250555|20260821022915|977.12
1787250560|20260821022920|977.20
1787250565|20260821022925|977.26
1787250595|20260821022955|977.13
1787250600|20260821023000|977.11
1787250605|20260821023005|977.10
1787250610|20260821023010|977.11
1787250615|20260821023015|976.98
1787250620|20260821023020|977.09
1787250625|20260821023025|977.10
1787250635|20260821023035|977.15
1787250640|20260821023040|977.30
1787250645|20260821023045|977.39
1787250650|20260821023050|977.36
1787250655|20260821023055|977.31
1787250665|20260821023105|977.47
1787250670|20260821023110|977.41
1787250680|20260821023120|977.45
1787250685|20260821023125|977.46
1787250695|20260821023135|977.52
1787250700|20260821023140|977.58
1787250705|20260821023145|977.53
1787250710|20260821023150|977.49
1787250715|20260821023155|977.43
1787250720|20260821023200|977.37
1787250725|20260821023205|977.45
1787250730|20260821023210|977.40
1787250735|20260821023215|977.36
1787250740|20260821023220|977.36
1787250745|20260821023225|977.43
1787250755|20260821023235|977.47
1787250760|20260821023240|977.52
1787250765|20260821023245|977.52
1787250770|20260821023250|977.52
1787250775|20260821023255|977.50
1787250780|20260821023300|977.51
1787250785|20260821023305|977.44
1787250790|20260821023310|977.45
1787250795|20260821023315|977.44
1787250800|20260821023320|977.48
1787250805|20260821023325|977.48
1787250815|20260821023335|977.42
1787250820|20260821023340|977.42
1787250825|20260821023345|977.36
1787250830|20260821023350|977.25
1787250835|20260821023355|977.26
1787250845|20260821023405|977.20
1787250850|20260821023410|977.18
1787250855|20260821023415|977.17
1787250860|20260821023420|977.22
1787250865|20260821023425|977.22
1787250900|20260821023500|977.26
1787250905|20260821023505|977.18
1787250910|20260821023510|977.16
1787250915|20260821023515|977.16
1787250920|20260821023520|977.32
1787250925|20260821023525|977.33
1787250935|20260821023535|977.32
1787250940|20260821023540|977.36
1787250945|20260821023545|977.38
1787250950|20260821023550|977.23
1787250955|20260821023555|977.26
1787250960|20260821023600|977.27
1787250965|20260821023605|977.25
1787250970|20260821023610|977.26
1787250975|20260821023615|977.28
1787250980|20260821023620|977.21
1787250995|20260821023635|977.20
1787251000|20260821023640|977.26
1787251005|20260821023645|977.26
1787251010|20260821023650|977.27
1787251015|20260821023655|977.57
1787251025|20260821023705|977.78
1787251030|20260821023710|977.75
1787251040|20260821023720|977.82
1787251045|20260821023725|977.78
1787251055|20260821023735|977.87
1787251060|20260821023740|977.81
1787251065|20260821023745|977.78
1787251070|20260821023750|977.78
1787251075|20260821023755|977.88
1787251085|20260821023805|977.91
1787251090|20260821023810|977.74
1787251095|20260821023815|977.81
1787251100|20260821023820|977.79
1787251115|20260821023835|977.95
1787251120|20260821023840|977.94
1787251130|20260821023850|977.97
1787251135|20260821023855|977.85
1787251140|20260821023900|977.83
1787251150|20260821023910|977.75
1787251155|20260821023915|977.75
1787251160|20260821023920|977.54
1787251165|20260821023925|977.55
1787251200|20260821024000|977.61
1787251205|20260821024005|977.55
1787251210|20260821024010|977.51
1787251215|20260821024015|977.46
1787251225|20260821024025|977.40
1787251235|20260821024035|977.44
1787251240|20260821024040|977.48
1787251245|20260821024045|977.44
1787251250|20260821024050|977.49
1787251255|20260821024055|977.51
1787251265|20260821024105|977.55
1787251270|20260821024110|977.54
1787251275|20260821024115|977.57
1787251285|20260821024125|977.63
1787251305|20260821024145|977.58
1787251310|20260821024150|977.59
1787251325|20260821024205|977.63
1787251330|20260821024210|977.55
1787251335|20260821024215|977.58
1787251340|20260821024220|977.62
1787251345|20260821024225|977.65
1787251365|20260821024245|977.65
1787251370|20260821024250|977.69
1787251375|20260821024255|977.68
1787251385|20260821024305|977.64
1787251395|20260821024315|977.64
1787251400|20260821024320|977.64
1787251405|20260821024325|977.67
1787251420|20260821024340|977.39
1787251425|20260821024345|977.48
1787251450|20260821024410|977.47
1787251455|20260821024415|977.49
1787251460|20260821024420|977.38
1787251500|20260821024500|977.28
1787251505|20260821024505|977.36
1787251510|20260821024510|977.40
1787251515|20260821024515|977.40
1787251520|20260821024520|977.39
1787251535|20260821024535|977.31
1787251540|20260821024540|977.34
1787251545|20260821024545|977.23
1787251550|20260821024550|977.20
1787251555|20260821024555|977.14
1787251560|20260821024600|977.15
1787251565|20260821024605|977.15
1787251570|20260821024610|977.01
1787251575|20260821024615|977.00
1787251580|20260821024620|977.00
1787251585|20260821024625|977.07
1787251595|20260821024635|977.01
1787251600|20260821024640|976.94
1787251605|20260821024645|976.93
1787251610|20260821024650|976.93
1787251615|20260821024655|977.02
1787251620|20260821024700|977.03
1787251625|20260821024705|977.07
1787251630|20260821024710|977.07
1787251635|20260821024715|976.96
1787251640|20260821024720|976.97
1787251645|20260821024725|976.98
1787251655|20260821024735|976.99
1787251660|20260821024740|976.99
1787251665|20260821024745|977.04
1787251670|20260821024750|977.02
1787251675|20260821024755|977.03
1787251695|20260821024815|977.06
1787251700|20260821024820|977.18
1787251705|20260821024825|977.18
1787251715|20260821024835|977.24
1787251720|20260821024840|977.23
1787251725|20260821024845|977.16
1787251735|20260821024855|977.20
1787251745|20260821024905|977.33
1787251750|20260821024910|977.50
1787251755|20260821024915|977.31
1787251760|20260821024920|977.32
1787251765|20260821024925|977.31
1787251800|20260821025000|977.60
1787251805|20260821025005|977.56
1787251810|20260821025010|977.59
1787251815|20260821025015|977.70
1787251820|20260821025020|977.70
1787251825|20260821025025|977.71
1787251835|20260821025035|977.70
1787251840|20260821025040|977.73
1787251845|20260821025045|977.77
1787251850|20260821025050|977.78
1787251865|20260821025105|977.84
1787251870|20260821025110|978.00
1787251895|20260821025135|978.05
1787251900|20260821025140|978.03
1787251915|20260821025155|978.23
1787251930|20260821025210|977.96
1787251935|20260821025215|978.34
1787251940|20260821025220|978.42
1787251945|20260821025225|978.29
1787251955|20260821025235|978.22
1787251960|20260821025240|978.23
1787251965|20260821025245|978.18
1787251970|20260821025250|978.19
1787251975|20260821025255|978.19
1787251985|20260821025305|978.21
1787251990|20260821025310|978.16
1787251995|20260821025315|978.16
1787252015|20260821025335|978.13
1787252025|20260821025345|978.20
1787252030|20260821025350|978.21
1787252045|20260821025405|978.15
1787252050|20260821025410|978.10
1787252060|20260821025420|978.15
1787252065|20260821025425|978.14
1787252080|20260821025440|978.21
1787252100|20260821025500|978.27
1787252105|20260821025505|978.32
1787252110|20260821025510|978.30
1787252115|20260821025515|978.26
1787252120|20260821025520|978.37
1787252135|20260821025535|978.32
1787252140|20260821025540|978.27
1787252145|20260821025545|978.28
1787252150|20260821025550|978.25
1787252165|20260821025605|978.17
1787252175|20260821025615|978.11
1787252180|20260821025620|978.11
1787252185|20260821025625|978.08
1787252195|20260821025635|978.09
1787252200|20260821025640|978.09
1787252210|20260821025650|978.20
1787252220|20260821025700|978.11
1787252235|20260821025715|978.14
1787252245|20260821025725|978.14
1787252255|20260821025735|978.12
1787252260|20260821025740|978.15
1787252265|20260821025745|978.13
1787252270|20260821025750|978.15
1787252285|20260821025805|978.14
1787252290|20260821025810|977.97
1787252300|20260821025820|977.91
1787252305|20260821025825|977.86
1787252315|20260821025835|977.81
1787252320|20260821025840|977.84
1787252330|20260821025850|977.70
1787252340|20260821025900|977.73
1787252350|20260821025910|977.71
1787252355|20260821025915|977.74
1787252360|20260821025920|977.74
1787252365|20260821025925|977.65
1787252400|20260821030000|977.79
1787252405|20260821030005|977.64
1787252410|20260821030010|977.44
1787252415|20260821030015|977.46
1787252420|20260821030020|977.36
1787252425|20260821030025|976.93
1787252435|20260821030035|977.19
1787252440|20260821030040|977.33
1787252445|20260821030045|977.29
1787252455|20260821030055|977.48
1787252465|20260821030105|977.64
1787252470|20260821030110|977.60
1787252480|20260821030120|977.72
1787252485|20260821030125|977.73
1787252500|20260821030140|977.68
1787252505|20260821030145|977.67
1787252510|20260821030150|977.67
1787252515|20260821030155|977.63
1787252525|20260821030205|977.53
1787252535|20260821030215|977.49
1787252540|20260821030220|977.50
1787252545|20260821030225|977.42
1787252555|20260821030235|977.51
1787252560|20260821030240|977.51
1787252565|20260821030245|977.53
1787252570|20260821030250|977.43
1787252575|20260821030255|977.43
1787252590|20260821030310|977.64
1787252595|20260821030315|977.66
1787252605|20260821030325|977.81
1787252615|20260821030335|977.74
1787252620|20260821030340|977.79
1787252625|20260821030345|977.81
1787252630|20260821030350|977.77
1787252635|20260821030355|977.71
1787252640|20260821030400|977.70
1787252645|20260821030405|977.72
1787252650|20260821030410|977.73
1787252660|20260821030420|977.70
1787252665|20260821030425|977.50
1787252700|20260821030500|977.60
1787252705|20260821030505|977.69
1787252710|20260821030510|977.72
1787252715|20260821030515|977.71
1787252720|20260821030520|977.63
1787252725|20260821030525|977.66
1787252735|20260821030535|977.68
1787252740|20260821030540|977.76
1787252745|20260821030545|977.78
1787252750|20260821030550|977.74
1787252755|20260821030555|977.73
1787252760|20260821030600|977.72
1787252765|20260821030605|977.69
1787252770|20260821030610|977.82
1787252775|20260821030615|977.86
1787252780|20260821030620|977.82
1787252785|20260821030625|977.82
1787252795|20260821030635|977.82
1787252800|20260821030640|977.90
1787252805|20260821030645|977.84
1787252810|20260821030650|977.94
1787252815|20260821030655|977.94
1787252820|20260821030700|977.90
1787252825|20260821030705|978.05
1787252830|20260821030710|978.03
1787252835|20260821030715|978.06
1787252840|20260821030720|978.09
1787252860|20260821030740|978.09
1787252865|20260821030745|978.10
1787252875|20260821030755|978.08
1787252885|20260821030805|978.22
1787252890|20260821030810|978.19
1787252895|20260821030815|978.23
1787252900|20260821030820|978.21
1787252905|20260821030825|978.17
1787252910|20260821030830|978.29
1787252915|20260821030835|978.25
1787252920|20260821030840|978.30
1787252925|20260821030845|978.41
1787252935|20260821030855|978.40
1787252940|20260821030900|978.43
1787252945|20260821030905|978.40
1787252955|20260821030915|978.48
1787252960|20260821030920|978.45
1787252965|20260821030925|978.38
1787252975|20260821030935|978.45
1787252980|20260821030940|978.45
1787253000|20260821031000|978.62
1787253005|20260821031005|978.65
1787253015|20260821031015|978.59
1787253020|20260821031020|978.53
1787253040|20260821031040|978.37
1787253045|20260821031045|978.30
1787253050|20260821031050|978.25
1787253065|20260821031105|978.36
1787253075|20260821031115|978.33
1787253080|20260821031120|978.35
1787253085|20260821031125|978.34
1787253095|20260821031135|978.33
1787253100|20260821031140|978.31
1787253105|20260821031145|978.31
1787253110|20260821031150|978.34
1787253120|20260821031200|978.32
1787253125|20260821031205|978.33
1787253130|20260821031210|978.42
1787253135|20260821031215|978.45
1787253140|20260821031220|978.50
1787253145|20260821031225|978.45
1787253155|20260821031235|978.47
1787253160|20260821031240|978.49
1787253165|20260821031245|978.49
1787253170|20260821031250|978.54
1787253175|20260821031255|978.53
1787253185|20260821031305|978.56
1787253190|20260821031310|978.75
1787253195|20260821031315|978.77
1787253200|20260821031320|978.76
1787253205|20260821031325|978.78
1787253215|20260821031335|978.78
1787253220|20260821031340|978.97
1787253245|20260821031405|979.06
1787253250|20260821031410|978.99
1787253255|20260821031415|979.02
1787253260|20260821031420|978.96
1787253300|20260821031500|978.92
1787253305|20260821031505|979.02
1787253310|20260821031510|979.00
1787253315|20260821031515|979.04
1787253335|20260821031535|979.10
1787253340|20260821031540|979.02
1787253345|20260821031545|979.01
1787253350|20260821031550|979.09
1787253355|20260821031555|979.10
1787253365|20260821031605|979.10
1787253375|20260821031615|979.28
1787253380|20260821031620|979.25
1787253385|20260821031625|979.28
1787253395|20260821031635|979.28
1787253400|20260821031640|979.20
1787253410|20260821031650|979.26
1787253415|20260821031655|979.28
1787253425|20260821031705|979.21
1787253430|20260821031710|979.09
1787253435|20260821031715|979.14
1787253440|20260821031720|979.06
1787253455|20260821031735|979.05
1787253460|20260821031740|979.14
1787253465|20260821031745|979.21
1787253470|20260821031750|979.18
1787253475|20260821031755|979.14
1787253485|20260821031805|978.95
1787253490|20260821031810|979.04
1787253495|20260821031815|979.08
1787253500|20260821031820|979.03
1787253505|20260821031825|979.07
1787253515|20260821031835|979.02
1787253520|20260821031840|979.02
1787253525|20260821031845|979.00
1787253530|20260821031850|978.98
1787253535|20260821031855|978.98
1787253540|20260821031900|978.93
1787253545|20260821031905|978.80
1787253550|20260821031910|978.82
1787253560|20260821031920|978.75
1787253565|20260821031925|978.70
1787253590|20260821031950|978.56
1787253600|20260821032000|978.58
1787253605|20260821032005|978.61
1787253610|20260821032010|978.64
1787253615|20260821032015|978.66
1787253620|20260821032020|978.70
1787253625|20260821032025|978.75
1787253635|20260821032035|978.56
1787253640|20260821032040|978.57
1787253650|20260821032050|978.49
1787253655|20260821032055|978.42
1787253660|20260821032100|978.43
1787253665|20260821032105|978.44
1787253670|20260821032110|978.43
1787253675|20260821032115|978.41
1787253695|20260821032135|978.34
1787253700|20260821032140|978.32
1787253705|20260821032145|978.37
1787253715|20260821032155|978.38
1787253730|20260821032210|978.33
1787253735|20260821032215|978.29
1787253740|20260821032220|978.29
1787253745|20260821032225|978.28
1787253755|20260821032235|978.32
1787253760|20260821032240|978.35
1787253765|20260821032245|978.41
1787253775|20260821032255|978.41
1787253785|20260821032305|978.61
1787253790|20260821032310|978.64
1787253795|20260821032315|978.63
1787253800|20260821032320|978.63
1787253815|20260821032335|978.82
1787253835|20260821032355|978.99
1787253845|20260821032405|979.01
1787253855|20260821032415|978.96
1787253860|20260821032420|979.01
1787253865|20260821032425|978.91
1787253900|20260821032500|978.85
1787253905|20260821032505|978.77
1787253910|20260821032510|978.77
1787253915|20260821032515|978.86
1787253920|20260821032520|978.95
1787253925|20260821032525|978.97
1787253935|20260821032535|978.87
1787253940|20260821032540|978.87
1787253945|20260821032545|978.85
1787253950|20260821032550|978.84
1787253960|20260821032600|978.83
1787253965|20260821032605|978.88
1787253970|20260821032610|978.96
1787253975|20260821032615|978.93
1787253980|20260821032620|978.73
1787253985|20260821032625|978.67
1787253995|20260821032635|978.77
1787254000|20260821032640|978.70
1787254005|20260821032645|978.72
1787254010|20260821032650|978.67
1787254015|20260821032655|978.53
1787254020|20260821032700|978.54
1787254025|20260821032705|978.55
1787254030|20260821032710|978.55
1787254055|20260821032735|978.52
1787254065|20260821032745|978.34
1787254070|20260821032750|978.31
1787254090|20260821032810|978.41
1787254095|20260821032815|978.36
1787254100|20260821032820|978.36
1787254105|20260821032825|978.37
1787254115|20260821032835|978.19
1787254125|20260821032845|978.14
1787254130|20260821032850|978.10
1787254135|20260821032855|978.10
1787254145|20260821032905|978.14
1787254150|20260821032910|978.21
1787254155|20260821032915|978.19
1787254160|20260821032920|978.13
1787254165|20260821032925|978.03
1787254170|20260821032930|978.05
1787254175|20260821032935|978.08
1787254180|20260821032940|978.08
1787254190|20260821032950|977.95
1787254200|20260821033000|977.90
1787254205|20260821033005|977.77
1787254210|20260821033010|977.91
1787254220|20260821033020|977.91
1787254225|20260821033025|977.98
1787254230|20260821033030|978.03
1787254235|20260821033035|978.13
1787254240|20260821033040|978.07
1787254245|20260821033045|978.10
1787254255|20260821033055|978.13
1787254265|20260821033105|977.99
1787254270|20260821033110|977.97
1787254275|20260821033115|978.06
1787254280|20260821033120|978.13
1787254285|20260821033125|978.08
1787254295|20260821033135|978.10
1787254300|20260821033140|978.08
1787254305|20260821033145|978.03
1787254325|20260821033205|978.11
1787254335|20260821033215|978.17
1787254340|20260821033220|978.12
1787254355|20260821033235|978.24
1787254360|20260821033240|978.25
1787254365|20260821033245|978.00
1787254380|20260821033300|978.25
1787254390|20260821033310|978.15
1787254395|20260821033315|978.16
1787254400|20260821033320|978.14
1787254405|20260821033325|978.19
1787254420|20260821033340|978.26
1787254425|20260821033345|978.24
1787254435|20260821033355|978.15
1787254445|20260821033405|978.13
1787254455|20260821033415|978.10
1787254460|20260821033420|978.16
1787254465|20260821033425|978.15
1787254500|20260821033500|978.25
1787254505|20260821033505|978.08
1787254510|20260821033510|978.10
1787254515|20260821033515|978.05
1787254520|20260821033520|978.00
1787254535|20260821033535|978.00
1787254540|20260821033540|978.11
1787254545|20260821033545|978.06
1787254550|20260821033550|978.14
1787254555|20260821033555|978.14
1787254560|20260821033600|978.26
1787254565|20260821033605|978.26
1787254570|20260821033610|978.31
1787254575|20260821033615|978.31
1787254595|20260821033635|978.22
1787254600|20260821033640|978.27
1787254610|20260821033650|978.24
1787254620|20260821033700|978.53
1787254625|20260821033705|978.52
1787254630|20260821033710|978.44
1787254635|20260821033715|978.40
1787254640|20260821033720|978.38
1787254645|20260821033725|978.42
1787254655|20260821033735|978.41
1787254660|20260821033740|978.51
1787254665|20260821033745|978.60
1787254675|20260821033755|978.64
1787254685|20260821033805|978.93
1787254695|20260821033815|979.27
1787254700|20260821033820|979.35
1787254715|20260821033835|979.21
1787254720|20260821033840|979.07
1787254725|20260821033845|978.94
1787254730|20260821033850|978.94
1787254740|20260821033900|979.01
1787254745|20260821033905|979.05
1787254750|20260821033910|979.03
1787254755|20260821033915|979.06
1787254760|20260821033920|979.14
1787254765|20260821033925|979.12
1787254800|20260821034000|979.26
1787254805|20260821034005|979.26
1787254810|20260821034010|979.23
1787254815|20260821034015|979.17
1787254825|20260821034025|979.21
1787254830|20260821034030|979.17
1787254835|20260821034035|979.11
1787254840|20260821034040|979.06
1787254845|20260821034045|979.08
1787254855|20260821034055|979.10
1787254865|20260821034105|978.90
1787254870|20260821034110|978.88
1787254875|20260821034115|978.94
1787254895|20260821034135|978.94
1787254900|20260821034140|979.01
1787254910|20260821034150|978.95
1787254915|20260821034155|978.95
1787254920|20260821034200|979.01
1787254925|20260821034205|979.03
1787254930|20260821034210|979.03
1787254935|20260821034215|979.03
1787254940|20260821034220|979.02
1787254945|20260821034225|979.04
1787254950|20260821034230|979.02
1787254955|20260821034235|979.04
1787254960|20260821034240|978.83
1787254965|20260821034245|978.85
1787254970|20260821034250|978.90
1787254975|20260821034255|978.86
1787254980|20260821034300|978.77
1787254985|20260821034305|978.67
1787254995|20260821034315|978.79
1787255000|20260821034320|979.05
1787255005|20260821034325|979.04
1787255015|20260821034335|978.92
1787255020|20260821034340|978.98
1787255025|20260821034345|978.94
1787255030|20260821034350|978.96
1787255035|20260821034355|978.93
1787255050|20260821034410|978.91
1787255065|20260821034425|978.88
1787255100|20260821034500|978.73
1787255110|20260821034510|978.46
1787255115|20260821034515|978.53
1787255120|20260821034520|978.58
1787255125|20260821034525|978.79
1787255135|20260821034535|978.79
1787255140|20260821034540|978.72
1787255145|20260821034545|978.78
1787255150|20260821034550|978.79
1787255155|20260821034555|978.79
1787255165|20260821034605|978.99
1787255170|20260821034610|978.97
1787255175|20260821034615|979.05
1787255180|20260821034620|979.02
1787255195|20260821034635|978.84
1787255200|20260821034640|978.85
1787255205|20260821034645|978.85
1787255210|20260821034650|978.78
1787255215|20260821034655|978.74
1787255225|20260821034705|978.63
1787255230|20260821034710|978.62
1787255235|20260821034715|978.54
1787255240|20260821034720|978.48
1787255255|20260821034735|978.62
1787255260|20260821034740|978.64
1787255265|20260821034745|978.69
1787255275|20260821034755|978.60
1787255280|20260821034800|978.60
1787255285|20260821034805|978.59
1787255290|20260821034810|978.61
1787255295|20260821034815|978.60
1787255300|20260821034820|978.56
1787255315|20260821034835|978.86
1787255320|20260821034840|978.93
1787255325|20260821034845|979.02
1787255330|20260821034850|979.05
1787255335|20260821034855|979.09
1787255345|20260821034905|979.28
1787255350|20260821034910|979.24
1787255355|20260821034915|979.35
1787255360|20260821034920|979.41
1787255400|20260821035000|979.22
1787255405|20260821035005|979.26
1787255410|20260821035010|979.20
1787255420|20260821035020|979.36
1787255435|20260821035035|979.71
1787255440|20260821035040|979.48
1787255445|20260821035045|979.53
1787255450|20260821035050|979.59
1787255460|20260821035100|979.67
1787255465|20260821035105|979.70
1787255480|20260821035120|979.72
1787255485|20260821035125|979.62
1787255495|20260821035135|979.60
1787255505|20260821035145|979.30
1787255510|20260821035150|979.27
1787255515|20260821035155|979.29
1787255520|20260821035200|979.28
1787255525|20260821035205|979.18
1787255530|20260821035210|979.18
1787255535|20260821035215|979.15
1787255540|20260821035220|979.12
1787255555|20260821035235|979.23
1787255560|20260821035240|979.20
1787255565|20260821035245|979.20
1787255570|20260821035250|979.36
1787255580|20260821035300|979.42
1787255590|20260821035310|979.41
1787255595|20260821035315|979.45
1787255600|20260821035320|979.39
1787255605|20260821035325|979.38
1787255615|20260821035335|979.58
1787255620|20260821035340|979.63
1787255625|20260821035345|979.68
1787255630|20260821035350|979.62
1787255635|20260821035355|979.69
1787255640|20260821035400|979.75
1787255645|20260821035405|979.86
1787255650|20260821035410|979.83
1787255655|20260821035415|979.90
1787255660|20260821035420|979.82
1787255665|20260821035425|979.88
1787255700|20260821035500|979.68
1787255705|20260821035505|979.63
1787255710|20260821035510|979.62
1787255715|20260821035515|979.66
1787255720|20260821035520|979.70
1787255725|20260821035525|979.70
1787255735|20260821035535|979.68
1787255740|20260821035540|979.72
1787255745|20260821035545|979.73
1787255755|20260821035555|979.71
1787255765|20260821035605|979.71
1787255780|20260821035620|979.54
1787255785|20260821035625|979.55
1787255795|20260821035635|979.58
1787255800|20260821035640|979.31
1787255805|20260821035645|979.25
1787255810|20260821035650|979.20
1787255815|20260821035655|979.30
1787255820|20260821035700|979.26
1787255830|20260821035710|979.22
1787255835|20260821035715|979.09
1787255840|20260821035720|979.08
1787255865|20260821035745|979.10
1787255870|20260821035750|979.18
1787255875|20260821035755|979.16
1787255880|20260821035800|979.15
1787255885|20260821035805|979.16
1787255890|20260821035810|979.26
1787255895|20260821035815|979.23
1787255900|20260821035820|979.21
1787255905|20260821035825|979.07
1787255915|20260821035835|979.14
1787255920|20260821035840|979.11
1787255925|20260821035845|979.12
1787255930|20260821035850|979.15
1787255935|20260821035855|979.13
1787255945|20260821035905|979.06
1787255955|20260821035915|979.02
1787256000|20260821040000|979.05
1787256010|20260821040010|979.20
1787256015|20260821040015|979.18
1787256020|20260821040020|979.18
1787256035|20260821040035|979.15
1787256040|20260821040040|979.22
1787256045|20260821040045|979.14
1787256050|20260821040050|979.24
1787256055|20260821040055|979.19
1787256080|20260821040120|979.05
1787256085|20260821040125|979.05
1787256095|20260821040135|979.07
1787256100|20260821040140|979.06
1787256105|20260821040145|978.98
1787256115|20260821040155|978.95
1787256125|20260821040205|978.73
1787256130|20260821040210|978.78
1787256135|20260821040215|978.71
1787256140|20260821040220|978.72
1787256155|20260821040235|978.68
1787256160|20260821040240|978.73
1787256175|20260821040255|978.73
1787256180|20260821040300|978.78
1787256185|20260821040305|978.85
1787256200|20260821040320|978.92
1787256205|20260821040325|978.89
1787256215|20260821040335|979.02
1787256220|20260821040340|978.92
1787256225|20260821040345|979.04
1787256230|20260821040350|979.02
1787256245|20260821040405|979.04
1787256250|20260821040410|979.00
1787256255|20260821040415|979.00
1787256300|20260821040500|978.84
1787256305|20260821040505|978.85
1787256310|20260821040510|978.85
1787256315|20260821040515|978.93
1787256320|20260821040520|978.93
1787256345|20260821040545|978.85
1787256350|20260821040550|978.89
1787256355|20260821040555|978.85
1787256360|20260821040600|978.89
1787256365|20260821040605|978.87
1787256375|20260821040615|978.79
1787256380|20260821040620|978.79
1787256385|20260821040625|978.64
1787256395|20260821040635|978.62
1787256400|20260821040640|978.61
1787256405|20260821040645|978.62
1787256410|20260821040650|978.64
1787256415|20260821040655|978.60
1787256420|20260821040700|978.66
1787256430|20260821040710|978.49
1787256435|20260821040715|978.51
1787256440|20260821040720|978.47
1787256445|20260821040725|978.49
1787256455|20260821040735|978.51
1787256460|20260821040740|978.50
1787256465|20260821040745|978.47
1787256470|20260821040750|978.49
1787256475|20260821040755|978.49
1787256485|20260821040805|978.22
1787256490|20260821040810|978.25
1787256495|20260821040815|977.93
1787256500|20260821040820|977.95
1787256515|20260821040835|977.96
1787256520|20260821040840|977.96
1787256525|20260821040845|977.92
1787256530|20260821040850|977.95
1787256535|20260821040855|977.96
1787256545|20260821040905|977.99
1787256550|20260821040910|977.98
1787256555|20260821040915|977.94
1787256560|20260821040920|977.99
1787256565|20260821040925|977.97
1787256600|20260821041000|977.96
1787256605|20260821041005|978.08
1787256610|20260821041010|978.06
1787256615|20260821041015|978.02
1787256620|20260821041020|978.07
1787256625|20260821041025|978.08
1787256635|20260821041035|978.21
1787256640|20260821041040|978.28
1787256645|20260821041045|978.29
1787256650|20260821041050|978.24
1787256665|20260821041105|978.24
1787256670|20260821041110|978.27
1787256675|20260821041115|978.30
1787256685|20260821041125|978.33
1787256700|20260821041140|978.24
1787256710|20260821041150|978.27
1787256725|20260821041205|978.27
1787256730|20260821041210|978.24
1787256740|20260821041220|978.25
1787256745|20260821041225|978.30
1787256755|20260821041235|978.18
1787256760|20260821041240|978.21
1787256765|20260821041245|978.21
1787256770|20260821041250|978.18
1787256780|20260821041300|978.28
1787256785|20260821041305|978.20
1787256795|20260821041315|978.17
1787256800|20260821041320|978.16
1787256805|20260821041325|978.18
1787256815|20260821041335|978.17
1787256820|20260821041340|978.17
1787256825|20260821041345|978.04
1787256830|20260821041350|977.94
1787256835|20260821041355|977.93
1787256845|20260821041405|977.97
1787256850|20260821041410|977.94
1787256855|20260821041415|977.92
1787256860|20260821041420|977.96
1787256880|20260821041440|977.96
1787256900|20260821041500|977.87
1787256905|20260821041505|977.84
1787256910|20260821041510|977.83
1787256915|20260821041515|977.88
1787256920|20260821041520|977.81
1787256925|20260821041525|977.83
1787256935|20260821041535|977.90
1787256940|20260821041540|977.86
1787256945|20260821041545|977.83
1787256950|20260821041550|977.74
1787256955|20260821041555|977.71
1787256965|20260821041605|977.79
1787256970|20260821041610|977.79
1787256975|20260821041615|977.80
1787256980|20260821041620|977.78
1787256985|20260821041625|977.83
1787256995|20260821041635|977.83
1787257000|20260821041640|977.83
1787257005|20260821041645|977.78
1787257010|20260821041650|977.76
1787257015|20260821041655|977.76
1787257025|20260821041705|977.66
1787257035|20260821041715|977.66
1787257040|20260821041720|977.59
1787257045|20260821041725|977.52
1787257055|20260821041735|977.55
1787257060|20260821041740|977.60
1787257065|20260821041745|977.60
1787257080|20260821041800|977.61
1787257085|20260821041805|977.60
1787257090|20260821041810|977.62
1787257095|20260821041815|977.62
1787257100|20260821041820|977.65
1787257105|20260821041825|977.65
1787257115|20260821041835|977.68
1787257130|20260821041850|977.71
1787257135|20260821041855|977.74
1787257150|20260821041910|977.62
1787257160|20260821041920|977.64
1787257165|20260821041925|977.64
1787257200|20260821042000|977.74
1787257205|20260821042005|977.73
1787257210|20260821042010|977.76
1787257215|20260821042015|977.75
1787257220|20260821042020|977.69
1787257225|20260821042025|977.70
1787257235|20260821042035|977.69
1787257240|20260821042040|977.69
1787257245|20260821042045|977.71
1787257260|20260821042100|977.72
1787257270|20260821042110|977.71
1787257275|20260821042115|977.72
1787257285|20260821042125|977.71
1787257295|20260821042135|977.70
1787257300|20260821042140|977.71
1787257305|20260821042145|977.70
1787257310|20260821042150|977.70
1787257315|20260821042155|977.69
1787257325|20260821042205|977.71
1787257330|20260821042210|977.61
1787257335|20260821042215|977.61
1787257345|20260821042225|977.61
1787257355|20260821042235|977.60
1787257360|20260821042240|977.60
1787257365|20260821042245|977.72
1787257375|20260821042255|977.64
1787257380|20260821042300|977.60
1787257385|20260821042305|977.63
1787257390|20260821042310|977.70
1787257395|20260821042315|977.66
1787257400|20260821042320|977.61
1787257405|20260821042325|977.67
1787257415|20260821042335|977.62
1787257420|20260821042340|977.60
1787257430|20260821042350|977.51
1787257435|20260821042355|977.65
1787257445|20260821042405|977.59
1787257450|20260821042410|977.66
1787257455|20260821042415|977.75
1787257460|20260821042420|977.77
1787257500|20260821042500|977.58
1787257505|20260821042505|977.63
1787257515|20260821042515|977.66
1787257520|20260821042520|977.50
1787257525|20260821042525|977.50
1787257535|20260821042535|977.45
1787257540|20260821042540|977.46
1787257545|20260821042545|977.50
1787257555|20260821042555|977.48
1787257565|20260821042605|977.51
1787257570|20260821042610|977.52
1787257575|20260821042615|977.47
1787257580|20260821042620|977.46
1787257585|20260821042625|977.48
1787257595|20260821042635|977.49
1787257605|20260821042645|977.48
1787257620|20260821042700|977.46
1787257625|20260821042705|977.40
1787257630|20260821042710|977.42
1787257635|20260821042715|977.43
1787257640|20260821042720|977.51
1787257645|20260821042725|977.60
1787257655|20260821042735|977.59
1787257660|20260821042740|977.60
1787257665|20260821042745|977.61
1787257670|20260821042750|977.61
1787257675|20260821042755|977.63
1787257685|20260821042805|977.64
1787257690|20260821042810|977.60
1787257705|20260821042825|977.59
1787257715|20260821042835|977.54
1787257725|20260821042845|977.54
1787257730|20260821042850|977.54
1787257735|20260821042855|977.54
1787257745|20260821042905|977.55
1787257750|20260821042910|977.69
1787257755|20260821042915|977.60
1787257760|20260821042920|977.59
1787257775|20260821042935|977.46
1787257800|20260821043000|977.49
1787257805|20260821043005|977.35
1787257810|20260821043010|977.42
1787257815|20260821043015|977.40
1787257820|20260821043020|977.51
1787257825|20260821043025|977.45
1787257835|20260821043035|977.37
1787257840|20260821043040|977.40
1787257845|20260821043045|977.38
1787257850|20260821043050|977.43
1787257855|20260821043055|977.46
1787257865|20260821043105|977.46
1787257870|20260821043110|977.47
1787257875|20260821043115|977.23
1787257885|20260821043125|977.21
1787257895|20260821043135|977.20
1787257900|20260821043140|977.20
1787257905|20260821043145|977.16
1787257910|20260821043150|977.16
1787257915|20260821043155|977.22
1787257925|20260821043205|977.20
1787257930|20260821043210|977.17
1787257935|20260821043215|977.19
1787257940|20260821043220|977.21
1787257955|20260821043235|977.16
1787257960|20260821043240|977.14
1787257965|20260821043245|977.15
1787257970|20260821043250|977.13
1787257975|20260821043255|977.16
1787257985|20260821043305|977.09
1787257990|20260821043310|977.11
1787257995|20260821043315|977.01
1787258000|20260821043320|977.05
1787258005|20260821043325|977.05
1787258015|20260821043335|977.04
1787258020|20260821043340|977.07
1787258025|20260821043345|977.05
1787258030|20260821043350|976.95
1787258035|20260821043355|976.89
1787258050|20260821043410|976.82
1787258055|20260821043415|976.81
1787258060|20260821043420|976.70
1787258065|20260821043425|976.65
1787258100|20260821043500|976.87
1787258105|20260821043505|976.77
1787258115|20260821043515|976.80
1787258120|20260821043520|976.81
1787258125|20260821043525|976.80
1787258135|20260821043535|976.94
1787258140|20260821043540|976.94
1787258145|20260821043545|976.92
1787258155|20260821043555|976.91
1787258160|20260821043600|976.85
1787258165|20260821043605|976.73
1787258175|20260821043615|976.77
1787258180|20260821043620|976.79
1787258185|20260821043625|976.85
1787258195|20260821043635|976.88
1787258200|20260821043640|976.84
1787258205|20260821043645|976.87
1787258210|20260821043650|976.86
1787258215|20260821043655|976.86
1787258220|20260821043700|976.77
1787258225|20260821043705|976.81
1787258235|20260821043715|976.81
1787258240|20260821043720|976.82
1787258245|20260821043725|976.86
1787258255|20260821043735|976.84
1787258260|20260821043740|976.81
1787258265|20260821043745|976.80
1787258270|20260821043750|976.80
1787258275|20260821043755|976.83
1787258285|20260821043805|976.87
1787258295|20260821043815|976.91
1787258305|20260821043825|976.95
1787258315|20260821043835|976.96
1787258320|20260821043840|976.99
1787258325|20260821043845|977.00
1787258330|20260821043850|977.00
1787258335|20260821043855|976.99
1787258340|20260821043900|977.00
1787258345|20260821043905|976.88
1787258350|20260821043910|976.88
1787258355|20260821043915|976.85
1787258360|20260821043920|976.81
1787258365|20260821043925|976.83
1787258380|20260821043940|976.81
1787258400|20260821044000|976.86
1787258405|20260821044005|976.80
1787258410|20260821044010|976.85
1787258420|20260821044020|976.87
1787258425|20260821044025|976.93
1787258440|20260821044040|976.97
1787258450|20260821044050|976.99
1787258455|20260821044055|976.97
1787258460|20260821044100|976.93
1787258465|20260821044105|976.93
1787258470|20260821044110|976.98
1787258475|20260821044115|976.93
1787258480|20260821044120|976.98
1787258485|20260821044125|976.97
1787258495|20260821044135|976.96
1787258500|20260821044140|976.95
1787258505|20260821044145|976.94
1787258510|20260821044150|976.91
1787258515|20260821044155|976.93
1787258525|20260821044205|976.91
1787258530|20260821044210|976.95
1787258535|20260821044215|976.95
1787258540|20260821044220|976.94
1787258545|20260821044225|976.97
1787258555|20260821044235|976.97
1787258560|20260821044240|976.96
1787258565|20260821044245|976.94
1787258570|20260821044250|976.86
1787258575|20260821044255|976.92
1787258590|20260821044310|976.92
1787258595|20260821044315|976.90
1787258600|20260821044320|976.91
1787258620|20260821044340|977.02
1787258630|20260821044350|976.98
1787258635|20260821044355|976.95
1787258645|20260821044405|977.00
1787258650|20260821044410|976.98
1787258655|20260821044415|977.00
1787258660|20260821044420|976.98
1787258665|20260821044425|976.90
1787258700|20260821044500|976.94
1787258705|20260821044505|976.94
1787258710|20260821044510|976.91
1787258715|20260821044515|976.93
1787258720|20260821044520|976.97
1787258725|20260821044525|976.92
1787258735|20260821044535|976.95
1787258740|20260821044540|976.98
1787258745|20260821044545|976.99
1787258750|20260821044550|976.99
1787258755|20260821044555|976.97
1787258765|20260821044605|977.00
1787258770|20260821044610|977.00
1787258775|20260821044615|977.08
1787258780|20260821044620|977.08
1787258785|20260821044625|977.08
1787258795|20260821044635|977.06
1787258800|20260821044640|977.06
1787258805|20260821044645|977.04
1787258815|20260821044655|977.05
1787258825|20260821044705|977.05
1787258830|20260821044710|977.04
1787258835|20260821044715|977.05
1787258840|20260821044720|977.07
1787258845|20260821044725|977.06
1787258855|20260821044735|977.07
1787258860|20260821044740|977.08
1787258870|20260821044750|976.96
1787258875|20260821044755|976.94
1787258885|20260821044805|976.93
1787258890|20260821044810|976.94
1787258895|20260821044815|976.94
1787258900|20260821044820|976.89
1787258905|20260821044825|976.91
1787258915|20260821044835|976.92
1787258920|20260821044840|976.93
1787258925|20260821044845|976.89
1787258930|20260821044850|976.92
1787258935|20260821044855|976.90
1787258950|20260821044910|976.94
1787258955|20260821044915|976.91
1787258960|20260821044920|976.91
1787259000|20260821045000|976.96
1787259005|20260821045005|976.93
1787259025|20260821045025|976.93
1787259035|20260821045035|976.98
1787259050|20260821045050|977.01
1787259055|20260821045055|977.01
1787259070|20260821045110|977.05
1787259080|20260821045120|977.12
1787259095|20260821045135|977.13
1787259100|20260821045140|977.22
1787259110|20260821045150|977.36
1787259115|20260821045155|977.40
1787259125|20260821045205|977.40
1787259130|20260821045210|977.42
1787259135|20260821045215|977.42
1787259140|20260821045220|977.47
1787259145|20260821045225|977.49
1787259155|20260821045235|977.51
1787259160|20260821045240|977.53
1787259165|20260821045245|977.54
1787259170|20260821045250|977.55
1787259175|20260821045255|977.55
1787259185|20260821045305|977.48
1787259190|20260821045310|977.51
1787259195|20260821045315|977.48
1787259200|20260821045320|977.50
1787259215|20260821045335|977.50
1787259220|20260821045340|977.46
1787259230|20260821045350|977.46
1787259245|20260821045405|977.40
1787259250|20260821045410|977.36
1787259255|20260821045415|977.33
1787259260|20260821045420|977.30
1787259265|20260821045425|977.34
1787259295|20260821045455|977.20
1787259300|20260821045500|977.23
1787259305|20260821045505|977.24
1787259310|20260821045510|977.22
1787259320|20260821045520|977.27
1787259335|20260821045535|977.20
1787259340|20260821045540|977.14
1787259345|20260821045545|977.08
1787259350|20260821045550|977.07
1787259355|20260821045555|977.08
1787259360|20260821045600|977.15
1787259365|20260821045605|977.20
1787259370|20260821045610|977.24
1787259375|20260821045615|977.26
1787259380|20260821045620|977.17
1787259385|20260821045625|977.18
1787259395|20260821045635|977.16
1787259400|20260821045640|977.18
1787259410|20260821045650|977.16
1787259425|20260821045705|977.12
1787259430|20260821045710|977.15
1787259435|20260821045715|977.15
1787259440|20260821045720|977.14
1787259445|20260821045725|977.08
1787259455|20260821045735|977.10
1787259465|20260821045745|977.06
1787259475|20260821045755|977.08
1787259480|20260821045800|977.07
1787259485|20260821045805|977.06
1787259500|20260821045820|977.13
1787259505|20260821045825|977.13
1787259515|20260821045835|977.16
1787259520|20260821045840|977.15
1787259525|20260821045845|977.16
1787259530|20260821045850|977.16
1787259535|20260821045855|977.17
1787259545|20260821045905|977.07
1787259550|20260821045910|977.08
