1791561617|20261010000017|901.11
1791561881|20261010000441|902.15
1791561985|20261010000625|901.80
1791562161|20261010000921|902.39
1791562417|20261010001337|901.91
1791562497|20261010001457|902.26
1791562653|20261010001733|902.28
1791562778|20261010001938|901.70
1791562803|20261010002003|901.84
1791562897|20261010002137|901.26
1791563136|20261010002536|901.22
1791563246|20261010002726|901.60
1791563400|20261010003000|901.36
1791563699|20261010003459|900.61
1791563700|20261010003500|900.57
1791563999|20261010003959|901.10
1791564000|20261010004000|901.09
1791564297|20261010004457|901.80
1791564369|20261010004609|902.35
1791564588|20261010004948|901.75
1791564696|20261010005136|902.02
1791564891|20261010005451|901.75
1791564907|20261010005507|901.75
1791565036|20261010005716|902.05
1791565201|20261010010001|901.79
1791565471|20261010010431|902.17
1791565504|20261010010504|902.07
1791565765|20261010010925|901.04
1791565810|20261010011010|901.23
1791566045|20261010011405|901.96
1791566104|20261010011504|901.88
1791566333|20261010011853|902.74
1791566455|20261010012055|902.60
1791566669|20261010012429|902.11
1791566706|20261010012506|902.17
1791566943|20261010012903|901.74
1791567000|20261010013000|901.78
1791567137|20261010013217|902.48
1791567300|20261010013500|901.83
1791567405|20261010013645|902.52
1791567818|20261010014338|902.52
1791567897|20261010014457|902.25
1791567915|20261010014515|902.16
1791568030|20261010014710|902.67
1791568222|20261010015022|902.43
1791568390|20261010015310|903.21
1791568506|20261010015506|903.19
1791568769|20261010015929|902.69
1791568800|20261010020000|902.77
1791568907|20261010020147|903.21
1791569102|20261010020502|902.83
1791569370|20261010020930|903.58
1791569456|20261010021056|903.82
1791569556|20261010021236|903.27
1791569700|20261010021500|903.34
1791569917|20261010021837|902.84
1791570083|20261010022123|903.16
1791570238|20261010022358|902.91
1791570383|20261010022623|903.00
1791570595|20261010022955|902.77
1791570633|20261010023033|902.94
1791570821|20261010023341|902.13
1791570971|20261010023611|902.16
1791571194|20261010023954|902.54
1791571200|20261010024000|902.53
1791571448|20261010024408|903.20
1791571660|20261010024740|903.89
1791571760|20261010024920|902.64
1791571863|20261010025103|904.19
1791572072|20261010025432|903.09
1791572316|20261010025836|902.62
1791572399|20261010025959|903.54
1791572496|20261010030136|903.39
1791572598|20261010030318|903.96
1791572701|20261010030501|903.84
1791572935|20261010030855|903.34
1791573057|20261010031057|903.73
1791573269|20261010031429|903.19
1791573332|20261010031532|903.05
1791573528|20261010031848|903.48
1791573605|20261010032005|903.38
1791573724|20261010032204|902.50
1791573902|20261010032502|902.79
1791574150|20261010032910|902.47
1791574364|20261010033244|902.45
1791574481|20261010033441|902.84
1791574642|20261010033722|902.50
1791574759|20261010033919|903.15
1791574873|20261010034113|902.84
1791574988|20261010034308|903.20
1791575164|20261010034604|903.03
1791575201|20261010034641|902.72
1791575414|20261010035014|903.00
1791575536|20261010035216|902.20
1791575703|20261010035503|902.98
1791575884|20261010035804|902.65
1791576000|20261010040000|902.76
1791576000|20261010040000|902.76
