1789056021|20260911000021|942.02
1789056263|20260911000423|942.99
1789056327|20260911000527|942.81
1789056599|20260911000959|940.83
1789056627|20260911001027|941.06
1789056728|20260911001208|939.64
1789056950|20260911001550|941.08
1789057060|20260911001740|939.92
1789057202|20260911002002|940.71
1789057419|20260911002339|941.54
1789057587|20260911002627|940.89
1789057786|20260911002946|941.74
1789057955|20260911003235|942.13
1789058099|20260911003459|940.59
1789058117|20260911003517|940.03
1789058323|20260911003843|941.21
1789058521|20260911004201|941.25
1789058697|20260911004457|940.13
1789058700|20260911004500|940.08
1789058874|20260911004754|941.60
1789059001|20260911005001|940.96
1789059161|20260911005241|941.78
1789059316|20260911005516|940.88
1789059544|20260911005904|941.85
1789059727|20260911010207|942.58
1789059813|20260911010333|940.86
1789059921|20260911010521|941.91
1789059975|20260911010615|941.05
1789060261|20260911011101|942.26
1789060467|20260911011427|941.23
1789060609|20260911011649|941.94
1789060726|20260911011846|941.19
1789060876|20260911012116|942.10
1789061099|20260911012459|941.46
1789061100|20260911012500|941.48
1789061338|20260911012858|942.39
1789061425|20260911013025|942.25
1789061639|20260911013359|941.38
1789061769|20260911013609|941.76
1789061993|20260911013953|940.56
1789062068|20260911014108|939.88
1789062297|20260911014457|940.82
1789062373|20260911014613|940.94
1789062542|20260911014902|940.24
1789062648|20260911015048|940.31
1789062734|20260911015214|940.96
1789062900|20260911015500|940.83
1789063087|20260911015807|939.03
1789063287|20260911020127|940.06
1789063442|20260911020402|938.50
1789063500|20260911020500|939.01
1789063745|20260911020905|937.06
1789063892|20260911021132|937.41
1789064041|20260911021401|936.67
1789064121|20260911021521|936.45
1789064192|20260911021632|937.62
1789064400|20260911022000|937.05
1789064611|20260911022331|937.93
1789064717|20260911022517|937.67
1789064816|20260911022656|936.05
1789065000|20260911023000|936.40
1789065258|20260911023418|934.94
1789065303|20260911023503|935.69
1789065512|20260911023832|935.03
1789065644|20260911024044|934.80
1789065755|20260911024235|935.67
1789065902|20260911024502|935.18
1789066129|20260911024849|934.48
1789066221|20260911025021|934.35
1789066378|20260911025258|936.26
1789066614|20260911025654|935.88
1789066702|20260911025822|934.60
1789066800|20260911030000|935.14
1789067033|20260911030353|930.99
1789067106|20260911030506|931.49
1789067397|20260911030957|933.15
1789067419|20260911031019|933.27
1789067502|20260911031142|932.27
1789067718|20260911031518|933.07
1789067811|20260911031651|932.15
1789068001|20260911032001|932.46
1789068299|20260911032459|934.38
1789068309|20260911032509|934.65
1789068586|20260911032946|933.73
1789068719|20260911033159|934.34
1789068868|20260911033428|933.31
1789069023|20260911033703|934.04
1789069099|20260911033819|933.17
1789069235|20260911034035|933.96
1789069468|20260911034428|933.08
1789069571|20260911034611|933.62
1789069745|20260911034905|932.49
1789069871|20260911035111|932.31
1789070049|20260911035409|933.35
1789070224|20260911035704|933.28
1789070288|20260911035808|932.83
1789070424|20260911040024|933.26
1789070668|20260911040428|932.30
1789070709|20260911040509|932.33
1789070971|20260911040931|933.09
1789071065|20260911041105|933.18
1789071220|20260911041340|932.79
1789071300|20260911041500|932.95
1789071599|20260911041959|932.70
1789071607|20260911042007|932.69
1789071891|20260911042451|931.50
1789071900|20260911042500|931.59
1789072135|20260911042855|932.10
1789072201|20260911043001|932.02
1789072346|20260911043226|931.53
1789072569|20260911043609|931.38
1789072753|20260911043913|931.93
1789072846|20260911044046|931.43
1789073098|20260911044458|931.91
1789073222|20260911044702|932.01
1789073397|20260911044957|931.31
1789073465|20260911045105|931.13
1789073652|20260911045412|931.84
1789073735|20260911045535|932.07
1789073837|20260911045717|931.51
1789077618|20260911060018|931.76
1789077815|20260911060335|933.31
1789078012|20260911060652|933.02
1789078058|20260911060738|932.44
1789078349|20260911061229|932.92
1789078397|20260911061317|932.50
1789078571|20260911061611|932.71
1789078618|20260911061658|932.19
1789078921|20260911062201|932.60
1789079065|20260911062425|932.04
1789079195|20260911062635|932.34
1789079228|20260911062708|932.04
1789079407|20260911063007|932.38
1789079537|20260911063217|931.34
1789079705|20260911063505|931.99
1789079999|20260911063959|931.43
1789080095|20260911064135|930.92
1789080179|20260911064259|931.87
1789080419|20260911064659|931.24
1789080598|20260911064958|931.96
1789080718|20260911065158|932.15
1789080849|20260911065409|931.65
1789080914|20260911065514|931.73
1789080951|20260911065551|932.05
1789081245|20260911070045|931.75
1789081320|20260911070200|932.30
1789081697|20260911070817|932.23
1789081731|20260911070851|931.90
1789082005|20260911071325|931.56
1789082060|20260911071420|932.26
1789082182|20260911071622|932.12
1789082357|20260911071917|932.33
1789082475|20260911072115|932.40
1789082647|20260911072407|931.82
1789082814|20260911072654|932.15
1789082946|20260911072906|931.78
1789083120|20260911073200|931.68
1789083248|20260911073408|932.34
1789083311|20260911073511|931.97
1789083475|20260911073755|931.11
1789083634|20260911074034|931.24
1789083655|20260911074055|931.91
1789083921|20260911074521|931.86
1789084023|20260911074703|931.01
1789084217|20260911075017|931.50
1789084480|20260911075440|930.58
1789084528|20260911075528|930.42
1789084628|20260911075708|931.44
1789084822|20260911080022|930.86
1789084949|20260911080229|932.55
1789085254|20260911080734|933.09
1789085394|20260911080954|931.76
1789085495|20260911081135|931.21
1789085557|20260911081237|932.18
1789085717|20260911081517|932.48
1789085812|20260911081652|931.64
1789086073|20260911082113|931.93
1789086210|20260911082330|932.68
1789086355|20260911082555|931.76
1789086553|20260911082913|933.18
1789086640|20260911083040|933.33
1789086850|20260911083410|932.23
1789086913|20260911083513|932.48
1789087199|20260911083959|933.52
1789087314|20260911084154|932.55
1789087497|20260911084457|933.90
1789087505|20260911084505|933.73
1789087746|20260911084906|935.20
1789087827|20260911085027|935.22
1789087919|20260911085159|934.69
1789088163|20260911085603|935.22
1789088323|20260911085843|934.43
1789088479|20260911090119|934.04
1789088692|20260911090452|936.70
1789088700|20260911090500|936.68
1789088945|20260911090905|935.18
1789089139|20260911091219|936.40
1789089290|20260911091450|935.09
1789089456|20260911091736|936.06
1789089570|20260911091930|934.69
1789089602|20260911092002|934.93
1789089892|20260911092452|932.51
1789089900|20260911092500|932.53
1789090067|20260911092747|934.55
1789090221|20260911093021|934.06
1789090400|20260911093320|935.03
1789090520|20260911093520|935.43
1789090788|20260911093948|934.17
1789090802|20260911094002|934.11
1789090915|20260911094155|932.63
1789091149|20260911094549|932.77
1789091393|20260911094953|933.97
1789091537|20260911095217|934.13
1789091648|20260911095408|932.94
1789091741|20260911095541|933.00
1789091984|20260911095944|934.12
1789092001|20260911100001|934.06
1789092270|20260911100430|934.99
1789092327|20260911100527|935.14
1789092476|20260911100756|933.93
1789092782|20260911101302|934.21
1789092830|20260911101350|934.92
1789092925|20260911101525|934.50
1789093157|20260911101917|935.53
1789093201|20260911102001|935.35
1789093480|20260911102440|933.92
1789093501|20260911102501|933.94
1789093642|20260911102722|932.99
1789093806|20260911103006|933.49
1789094064|20260911103424|931.48
1789094202|20260911103642|931.43
1789094394|20260911103954|932.67
1789094501|20260911104141|933.28
1789094691|20260911104451|932.05
1789094842|20260911104722|931.28
1789094960|20260911104920|933.22
1789095029|20260911105029|933.59
1789095291|20260911105451|932.59
1789095413|20260911105653|932.31
1789095565|20260911105925|932.98
1789095608|20260911110008|932.52
1789095746|20260911110226|933.48
1789095940|20260911110540|932.77
1789096080|20260911110800|931.03
1789096309|20260911111149|930.91
1789096493|20260911111453|932.11
1789096585|20260911111625|932.38
1789096797|20260911111957|930.88
1789096856|20260911112056|931.32
1789096991|20260911112311|928.79
1789097121|20260911112521|928.88
1789097378|20260911112938|930.17
1789097430|20260911113030|930.34
1789097492|20260911113132|929.28
1789097848|20260911113728|929.38
1789097925|20260911113845|930.18
1789098199|20260911114319|930.58
1789098288|20260911114448|929.40
1789098302|20260911114502|929.69
1789098594|20260911114954|928.37
1789098754|20260911115234|928.08
1789098899|20260911115459|928.72
1789098980|20260911115620|929.34
1789099174|20260911115934|928.40
1789099342|20260911120222|928.32
1789099478|20260911120438|929.87
1789099506|20260911120506|929.75
1789099797|20260911120957|931.88
1789099801|20260911121001|931.77
1789100046|20260911121406|933.23
1789100148|20260911121548|932.58
1789100260|20260911121740|932.02
1789100402|20260911122002|932.22
1789100699|20260911122459|933.61
1789100772|20260911122612|933.38
1789100989|20260911122949|934.08
1789101179|20260911123259|934.25
1789101298|20260911123458|933.49
1789101317|20260911123517|933.23
1789101521|20260911123841|933.86
1789101651|20260911124051|933.68
1789101850|20260911124410|934.78
1789102010|20260911124650|934.78
1789102148|20260911124908|933.99
