1789660878|20260918000118|942.74
1789661082|20260918000442|941.98
1789661111|20260918000511|942.51
1789661338|20260918000858|941.71
1789661408|20260918001008|942.32
1789661627|20260918001347|941.61
1789661714|20260918001514|941.97
1789661957|20260918001917|941.37
1789662130|20260918002210|941.39
1789662285|20260918002445|941.89
1789662337|20260918002537|941.81
1789662387|20260918002627|940.87
1789662602|20260918003002|941.72
1789662859|20260918003419|939.56
1789662969|20260918003609|939.63
1789663029|20260918003709|940.23
1789663313|20260918004153|940.15
1789663424|20260918004344|939.52
1789663553|20260918004553|940.41
1789663770|20260918004930|939.61
1789663899|20260918005139|939.26
1789664078|20260918005438|940.27
1789664133|20260918005533|939.35
1789664399|20260918005959|940.57
1789664462|20260918010102|941.04
1789664585|20260918010305|939.74
1789664736|20260918010536|940.52
1789664834|20260918010714|941.31
1789665000|20260918011000|940.92
1789665183|20260918011303|940.23
1789665328|20260918011528|940.72
1789665512|20260918011832|939.93
1789665660|20260918012100|940.45
1789665862|20260918012422|939.65
1789665928|20260918012528|940.59
1789666147|20260918012907|939.87
1789666200|20260918013000|940.10
1789666398|20260918013318|940.55
1789666571|20260918013611|940.88
1789666783|20260918013943|939.61
1789666800|20260918014000|939.64
1789667094|20260918014454|940.28
1789667120|20260918014520|940.30
1789667324|20260918014844|939.81
1789667406|20260918015006|939.90
1789667519|20260918015159|940.38
1789667918|20260918015838|940.41
1789667965|20260918015925|940.08
1789668182|20260918020302|940.11
1789668298|20260918020458|940.67
1789668356|20260918020556|941.06
1789668449|20260918020729|940.23
1789668626|20260918021026|940.37
1789668874|20260918021434|941.23
1789668980|20260918021620|941.26
1789669199|20260918021959|940.14
1789669215|20260918022015|940.31
1789669430|20260918022350|939.46
1789669540|20260918022540|939.85
1789669787|20260918022947|939.19
1789669814|20260918023014|939.28
1789670097|20260918023457|937.80
1789670199|20260918023639|937.58
1789670332|20260918023852|938.30
1789670425|20260918024025|938.08
1789670654|20260918024414|938.56
1789670790|20260918024630|937.96
1789670963|20260918024923|938.46
1789671010|20260918025010|938.39
1789671199|20260918025319|937.76
1789671375|20260918025615|937.95
1789671454|20260918025734|938.31
1789671602|20260918030002|938.21
1789671721|20260918030201|939.05
1789672090|20260918030810|939.17
1789672174|20260918030934|938.73
1789672340|20260918031220|938.68
1789672386|20260918031306|939.14
1789672502|20260918031502|938.92
1789672653|20260918031733|937.70
1789672804|20260918032004|938.36
1789673055|20260918032415|937.34
1789673149|20260918032549|937.84
1789673285|20260918032805|936.56
1789673405|20260918033005|936.40
1789673486|20260918033126|937.18
1789673733|20260918033533|936.78
1789673766|20260918033606|936.39
1789674109|20260918034149|936.67
1789674274|20260918034434|936.98
1789674407|20260918034647|937.36
1789674516|20260918034836|936.68
1789674601|20260918035001|936.75
1789674849|20260918035409|937.76
1789675023|20260918035703|937.68
1789675198|20260918035958|937.05
1789675243|20260918040043|937.25
1789675499|20260918040459|936.64
1789675516|20260918040516|936.48
1789675700|20260918040820|937.03
1789675805|20260918041005|936.83
1789676023|20260918041343|936.29
1789676201|20260918041641|936.25
1789676357|20260918041917|936.78
1789676476|20260918042116|936.36
1789676612|20260918042332|936.82
1789676785|20260918042625|936.90
1789676993|20260918042953|936.20
1789677027|20260918043027|936.40
1789677261|20260918043421|935.98
1789677526|20260918043846|935.90
1789677577|20260918043937|936.30
1789677668|20260918044108|936.54
1789677835|20260918044355|936.00
1789677922|20260918044522|935.90
1789678178|20260918044938|936.27
1789678243|20260918045043|935.90
1789678343|20260918045223|936.27
1789678505|20260918045505|935.97
1789678635|20260918045715|936.29
1789682466|20260918060106|936.88
1789682526|20260918060206|936.31
1789682709|20260918060509|936.44
1789682734|20260918060534|936.17
1789683064|20260918061104|936.15
1789683215|20260918061335|936.82
1789683382|20260918061622|936.83
1789683512|20260918061832|936.17
1789683637|20260918062037|936.12
1789683778|20260918062258|936.54
1789684068|20260918062748|936.13
1789684187|20260918062947|936.80
1789684203|20260918063003|936.78
1789684381|20260918063301|937.53
1789684502|20260918063502|937.27
1789684613|20260918063653|937.80
1789684861|20260918064101|937.68
1789685099|20260918064459|936.71
1789685136|20260918064536|936.88
1789685385|20260918064945|936.14
1789685557|20260918065237|936.08
1789685687|20260918065447|936.78
1789685765|20260918065605|936.19
1789685803|20260918065643|937.07
1789686078|20260918070118|936.15
1789686276|20260918070436|936.74
1789686394|20260918070634|935.63
1789686582|20260918070942|936.80
1789686612|20260918071012|936.58
1789686675|20260918071115|937.13
1789686949|20260918071549|936.93
1789687071|20260918071751|936.10
1789687288|20260918072128|936.71
1789687490|20260918072450|937.38
1789687510|20260918072510|937.36
1789687580|20260918072620|936.22
1789687894|20260918073134|936.85
1789687944|20260918073224|936.57
1789688107|20260918073507|936.79
1789688189|20260918073629|936.51
1789688479|20260918074119|936.78
1789688624|20260918074344|936.47
1789688728|20260918074528|936.52
1789688886|20260918074806|937.02
1789689021|20260918075021|936.75
1789689274|20260918075434|937.43
1789689318|20260918075518|937.51
1789689561|20260918075921|936.92
1789689601|20260918080001|937.12
1789689663|20260918080103|936.20
1789689963|20260918080603|936.51
1789690182|20260918080942|937.22
1789690205|20260918081005|937.19
1789690413|20260918081333|938.96
1789690523|20260918081523|938.48
1789690549|20260918081549|939.03
1789690929|20260918082209|938.04
1789691020|20260918082340|939.47
1789691101|20260918082501|939.20
1789691366|20260918082926|938.14
1789691404|20260918083004|938.62
1789691584|20260918083304|940.08
1789691746|20260918083546|939.58
1789691922|20260918083842|940.08
1789692109|20260918084149|939.52
1789692273|20260918084433|939.97
1789692304|20260918084504|939.93
1789692494|20260918084814|938.51
1789692642|20260918085042|938.46
1789692717|20260918085157|939.07
1789692931|20260918085531|938.56
1789693050|20260918085730|939.47
1789693201|20260918090001|939.21
1789693277|20260918090117|940.91
1789693622|20260918090702|941.30
1789693779|20260918090939|940.37
1789693923|20260918091203|940.49
1789694037|20260918091357|939.51
1789694200|20260918091640|938.98
1789694394|20260918091954|940.53
1789694402|20260918092002|940.17
1789694505|20260918092145|941.05
1789694739|20260918092539|940.75
1789694970|20260918092930|939.79
1789695003|20260918093003|940.04
1789695200|20260918093320|937.47
1789695434|20260918093714|938.03
1789695591|20260918093951|937.11
1789695600|20260918094000|937.19
1789695899|20260918094459|936.26
1789695988|20260918094628|935.93
1789696126|20260918094846|936.94
1789696280|20260918095120|935.62
1789696454|20260918095414|936.96
1789696583|20260918095623|936.91
1789696797|20260918095957|936.46
1789696930|20260918100210|935.97
1789697088|20260918100448|936.62
1789697101|20260918100501|936.51
1789697334|20260918100854|937.24
1789697469|20260918101109|936.27
1789697636|20260918101356|937.28
1789697826|20260918101706|937.56
1789697969|20260918101929|936.77
1789698073|20260918102113|936.64
1789698279|20260918102439|937.54
1789698418|20260918102658|937.76
1789698518|20260918102838|937.41
1789698613|20260918103013|937.31
1789698849|20260918103409|938.34
1789698909|20260918103509|938.30
1789699147|20260918103907|937.04
1789699289|20260918104129|937.60
1789699434|20260918104354|936.93
1789699518|20260918104518|936.93
1789699654|20260918104734|938.10
1789699837|20260918105037|938.05
1789700068|20260918105428|936.57
1789700102|20260918105502|936.59
1789700332|20260918105852|935.39
1789700425|20260918110025|935.72
1789700680|20260918110440|936.71
1789700721|20260918110521|937.13
1789700990|20260918110950|935.86
1789701173|20260918111253|936.39
1789701290|20260918111450|935.54
1789701303|20260918111503|935.67
1789701504|20260918111824|934.01
1789701642|20260918112042|934.84
1789701833|20260918112353|933.49
1789701971|20260918112611|933.43
1789702189|20260918112949|934.92
1789702206|20260918113006|934.86
1789702499|20260918113459|936.72
1789702512|20260918113512|936.76
1789702683|20260918113803|937.56
1789702815|20260918114015|937.20
1789703016|20260918114336|938.68
1789703109|20260918114509|938.39
1789703299|20260918114819|939.13
1789703569|20260918115249|938.28
1789703636|20260918115356|938.78
1789703850|20260918115730|939.02
1789703949|20260918115909|938.40
1789704201|20260918120321|938.39
1789704273|20260918120433|939.23
1789704486|20260918120806|939.17
1789704592|20260918120952|938.73
1789704766|20260918121246|938.95
1789704899|20260918121459|938.24
1789704902|20260918121502|938.26
1789705184|20260918121944|937.50
1789705247|20260918122047|937.31
1789705359|20260918122239|938.01
1789705516|20260918122516|937.81
1789705777|20260918122937|938.35
1789705972|20260918123252|939.00
1789706061|20260918123421|938.19
1789706105|20260918123505|938.42
1789706376|20260918123936|938.84
1789706450|20260918124050|938.68
1789706667|20260918124427|939.90
1789706742|20260918124542|940.11
1789706857|20260918124737|939.61
1789707025|20260918125025|940.17
1789707262|20260918125422|938.96
1789707346|20260918125546|938.97
1789707449|20260918125729|940.19
1789707606|20260918130006|940.32
1789707773|20260918130253|939.63
1789708023|20260918130703|939.59
1789708083|20260918130803|940.67
1789708209|20260918131009|940.52
1789708497|20260918131457|939.93
1789708565|20260918131605|939.86
1789708766|20260918131926|940.78
1789708800|20260918132000|940.65
1789709029|20260918132349|940.11
1789709116|20260918132516|940.30
1789709348|20260918132908|939.67
1789709412|20260918133012|938.89
1789709602|20260918133322|940.05
1789709737|20260918133537|939.54
1789709996|20260918133956|941.84
1789710020|20260918134020|941.35
1789710289|20260918134449|943.50
1789710306|20260918134506|942.86
1789710599|20260918134959|941.61
1789710616|20260918135016|941.34
1789710679|20260918135119|942.18
1789711008|20260918135648|941.34
1789711179|20260918135939|942.84
1789711203|20260918140003|942.67
1789711289|20260918140129|944.76
1789711537|20260918140537|943.39
1789711784|20260918140944|945.22
1789711888|20260918141128|944.89
1789712030|20260918141350|945.65
1789712103|20260918141503|945.46
1789712326|20260918141846|943.81
1789712403|20260918142003|944.38
1789712692|20260918142452|946.01
1789712915|20260918142835|946.38
1789712965|20260918142925|945.75
1789713034|20260918143034|945.68
1789713184|20260918143304|946.27
1789713375|20260918143615|945.95
1789713592|20260918143952|946.54
1789713615|20260918144015|946.41
1789713699|20260918144139|947.04
1789714067|20260918144747|947.05
1789714158|20260918144918|946.52
1789714203|20260918145003|946.70
1789714449|20260918145409|945.54
1789714557|20260918145557|945.28
1789714708|20260918145828|946.22
1789714806|20260918150006|946.22
1789715006|20260918150326|945.50
1789715110|20260918150510|945.56
1789715320|20260918150840|946.46
1789715442|20260918151042|946.16
1789715672|20260918151432|945.05
1789715756|20260918151556|945.36
1789715959|20260918151919|946.26
1789716079|20260918152119|946.39
1789716136|20260918152216|945.79
1789716336|20260918152536|945.94
1789716595|20260918152955|946.67
1789716673|20260918153113|946.94
1789716829|20260918153349|945.84
1789716951|20260918153551|946.92
1789717096|20260918153816|945.85
1789717256|20260918154056|945.71
1789717346|20260918154226|946.54
1789717501|20260918154501|945.98
1789717772|20260918154932|946.95
1789717897|20260918155137|947.33
1789717996|20260918155316|946.47
1789718114|20260918155514|946.96
1789718252|20260918155732|945.86
1789718443|20260918160043|945.96
1789718681|20260918160441|947.07
1789718706|20260918160506|947.15
1789718986|20260918160946|946.19
1789719236|20260918161356|946.38
1789719297|20260918161457|945.37
1789719308|20260918161508|945.33
1789719452|20260918161732|945.84
1789719739|20260918162219|946.08
1789719894|20260918162454|945.21
1789719914|20260918162514|945.35
1789720185|20260918162945|944.78
1789720334|20260918163214|944.45
1789720405|20260918163325|945.03
1789720551|20260918163551|944.50
1789720694|20260918163814|945.19
1789721005|20260918164325|944.33
1789721096|20260918164456|944.75
1789721189|20260918164629|944.58
1789721273|20260918164753|945.11
1789721406|20260918165006|944.68
1789721680|20260918165440|946.02
1789721734|20260918165534|945.79
1789721833|20260918165713|946.29
1789722016|20260918170016|945.74
1789722260|20260918170420|946.50
1789722314|20260918170514|946.26
1789722459|20260918170739|946.84
1789722647|20260918171047|947.05
1789722895|20260918171455|946.23
1789722990|20260918171630|946.44
1789723108|20260918171828|945.87
1789723264|20260918172104|946.35
1789723491|20260918172451|945.53
1789723505|20260918172505|945.59
1789723636|20260918172716|944.40
1789723937|20260918173217|945.06
1789724081|20260918173441|944.38
1789724184|20260918173624|944.52
1789724399|20260918173959|943.41
1789724438|20260918174038|943.53
1789724696|20260918174456|942.55
1789724700|20260918174500|942.60
1789724786|20260918174626|941.83
1789725059|20260918175059|942.00
1789725295|20260918175455|942.77
1789725302|20260918175502|942.84
1789725443|20260918175723|942.37
1789725628|20260918180028|943.04
1789725792|20260918180312|942.30
1789725968|20260918180608|942.36
1789726183|20260918180943|943.12
1789726416|20260918181336|942.78
1789726457|20260918181417|943.19
1789726556|20260918181556|943.15
1789726606|20260918181646|942.64
1789726902|20260918182142|942.76
1789727022|20260918182342|943.26
1789727167|20260918182607|942.97
1789727391|20260918182951|943.44
1789727439|20260918183039|943.59
1789727567|20260918183247|942.82
1789727861|20260918183741|943.59
1789727940|20260918183900|943.17
1789728096|20260918184136|942.96
1789728285|20260918184445|943.52
1789728300|20260918184500|943.51
1789728499|20260918184819|942.63
1789728605|20260918185005|943.02
1789728672|20260918185112|942.41
1789728914|20260918185514|942.58
1789729175|20260918185935|943.70
1789729221|20260918190021|943.54
1789729366|20260918190246|944.71
1789729570|20260918190610|942.86
1789729786|20260918190946|944.61
1789729801|20260918191001|944.47
1789729899|20260918191139|945.07
1789730116|20260918191516|945.12
1789730261|20260918191741|943.56
1789730650|20260918192410|944.08
1789730698|20260918192458|943.57
