1790784008|20261001000008|896.05
1790784248|20261001000408|897.24
1790784362|20261001000602|897.17
1790784481|20261001000801|896.15
1790784770|20261001001250|896.33
1790784838|20261001001358|897.24
1790784905|20261001001505|897.25
1790785092|20261001001812|896.39
1790785237|20261001002037|897.00
1790785425|20261001002345|897.58
1790785502|20261001002502|897.53
1790785683|20261001002803|896.82
1790785818|20261001003018|897.28
1790786050|20261001003410|896.34
1790786217|20261001003657|895.85
1790786341|20261001003901|897.18
1790786490|20261001004130|897.16
1790786558|20261001004238|896.65
1790786713|20261001004513|897.03
1790786976|20261001004936|896.36
1790787058|20261001005058|897.08
1790787257|20261001005417|896.42
1790787317|20261001005517|896.75
1790787365|20261001005605|896.18
1790787695|20261001010135|896.64
1790787814|20261001010334|895.98
1790787935|20261001010535|896.27
1790788198|20261001010958|895.56
1790788299|20261001011139|895.02
1790788411|20261001011331|895.95
1790788525|20261001011525|895.68
1790788699|20261001011819|894.80
1790788860|20261001012100|894.82
1790789099|20261001012459|895.88
1790789184|20261001012624|895.42
1790789355|20261001012915|896.24
1790789405|20261001013005|896.07
1790789699|20261001013459|894.95
1790789701|20261001013501|894.93
1790789999|20261001013959|895.60
1790790004|20261001014004|895.60
1790790293|20261001014453|894.92
1790790300|20261001014500|894.95
1790790518|20261001014838|894.24
1790790637|20261001015037|895.13
1790790818|20261001015338|894.47
1790790911|20261001015511|894.48
1790791149|20261001015909|895.23
1790791200|20261001020000|895.11
1790791306|20261001020146|894.53
1790791613|20261001020653|894.25
1790791769|20261001020929|895.05
1790791900|20261001021140|895.03
1790791999|20261001021319|894.61
1790792247|20261001021727|895.03
1790792307|20261001021827|894.58
1790792400|20261001022000|894.70
1790792687|20261001022447|895.16
1790792781|20261001022621|895.07
1790792924|20261001022844|895.80
1790793139|20261001023219|895.86
1790793279|20261001023439|895.28
1790793324|20261001023524|895.24
1790793499|20261001023819|895.78
1790793613|20261001024013|895.70
1790793874|20261001024434|894.98
1790793930|20261001024530|895.35
1790794114|20261001024834|894.84
1790794377|20261001025257|894.82
1790794495|20261001025455|895.17
1790794688|20261001025808|894.80
1790794772|20261001025932|895.19
1790794810|20261001030010|895.03
1790795095|20261001030455|896.24
1790795138|20261001030538|896.29
1790795385|20261001030945|895.73
1790795606|20261001031326|895.30
1790795696|20261001031456|896.26
1790795700|20261001031500|896.20
1790795762|20261001031602|895.48
1790796004|20261001032004|895.95
1790796091|20261001032131|896.73
1790796395|20261001032635|895.88
1790796502|20261001032822|896.47
1790796698|20261001033138|896.22
1790796794|20261001033314|896.64
1790797006|20261001033646|896.70
1790797127|20261001033847|896.17
1790797202|20261001034002|896.62
1790797390|20261001034310|895.61
1790797676|20261001034756|895.48
1790797719|20261001034839|896.55
1790797907|20261001035147|895.61
1790798011|20261001035331|896.95
1790798239|20261001035719|896.96
1790798301|20261001035821|896.26
1790798402|20261001040002|896.71
1790798603|20261001040323|895.68
1790798743|20261001040543|896.17
1790798997|20261001040957|896.74
1790799012|20261001041012|896.94
1790799116|20261001041156|896.59
1790799375|20261001041615|896.86
1790799484|20261001041804|896.51
1790799615|20261001042015|896.49
1790799809|20261001042329|897.03
1790799910|20261001042510|896.90
1790800148|20261001042908|897.09
1790800289|20261001043129|896.90
1790800386|20261001043306|897.10
1790800513|20261001043513|897.07
1790800771|20261001043931|897.58
1790800803|20261001044003|897.65
1790800930|20261001044210|897.24
1790801172|20261001044612|897.53
1790801363|20261001044923|896.87
1790801439|20261001045039|896.86
1790801697|20261001045457|897.43
1790801704|20261001045504|897.48
1790801929|20261001045849|896.76
1790805616|20261001060016|897.93
1790805740|20261001060220|897.25
1790806008|20261001060648|897.70
1790806186|20261001060946|896.96
1790806214|20261001061014|897.18
1790806365|20261001061245|896.54
1790806535|20261001061535|896.91
1790806739|20261001061859|896.52
1790806809|20261001062009|896.57
1790807037|20261001062357|896.92
1790807141|20261001062541|896.61
1790807358|20261001062918|896.85
1790807486|20261001063126|896.87
1790807655|20261001063415|896.61
1790807705|20261001063505|896.91
1790807785|20261001063625|896.62
1790808113|20261001064153|896.77
1790808299|20261001064459|896.41
1790808304|20261001064504|896.31
1790808527|20261001064847|896.61
1790808765|20261001065245|896.52
1790808871|20261001065431|896.28
1790809114|20261001065834|896.19
1790809189|20261001065949|896.43
1790809270|20261001070110|896.23
1790809477|20261001070437|896.42
1790809532|20261001070532|896.35
1790809772|20261001070932|896.10
1790809818|20261001071018|896.20
1790810075|20261001071435|895.87
1790810103|20261001071503|895.90
1790810315|20261001071835|896.10
1790810421|20261001072021|895.98
1790810694|20261001072454|896.58
1790810702|20261001072502|896.59
1790810743|20261001072543|896.28
1790811039|20261001073039|896.49
1790811094|20261001073134|896.24
1790811333|20261001073533|896.24
1790811544|20261001073904|896.75
1790811604|20261001074004|896.42
1790811672|20261001074112|896.64
1790811926|20261001074526|896.53
1790812190|20261001074950|896.77
1790812260|20261001075100|896.86
1790812478|20261001075438|896.51
