1791302420|20261007000020|898.71
1791302661|20261007000421|897.95
1791302905|20261007000825|898.57
1791302969|20261007000929|897.95
1791303010|20261007001010|898.23
1791303115|20261007001155|897.65
1791303345|20261007001545|897.90
1791303549|20261007001909|898.47
1791303654|20261007002054|897.89
1791303809|20261007002329|898.51
1791303904|20261007002504|898.32
1791304171|20261007002931|897.55
1791304399|20261007003319|897.45
1791304473|20261007003433|897.78
1791304623|20261007003703|897.87
1791304697|20261007003817|897.30
1791304910|20261007004150|897.26
1791305076|20261007004436|897.74
1791305121|20261007004521|897.82
1791305331|20261007004851|896.63
1791305427|20261007005027|896.90
1791305669|20261007005429|896.42
1791305761|20261007005601|896.23
1791305989|20261007005949|896.84
1791306023|20261007010023|896.75
1791306297|20261007010457|897.36
1791306301|20261007010501|897.32
1791306598|20261007010958|898.26
1791306699|20261007011139|898.47
1791306862|20261007011422|897.89
1791307010|20261007011650|898.38
1791307187|20261007011947|897.71
1791307270|20261007012110|897.95
1791307418|20261007012338|897.01
1791307610|20261007012650|897.73
1791307743|20261007012903|897.05
1791307862|20261007013102|897.53
1791308090|20261007013450|898.22
1791308159|20261007013559|898.28
1791308392|20261007013952|897.95
1791308409|20261007014009|897.94
1791308636|20261007014356|898.66
1791308707|20261007014507|898.58
1791308780|20261007014620|898.27
1791309155|20261007015235|898.81
1791309278|20261007015438|898.42
1791309420|20261007015700|898.38
1791309490|20261007015810|898.65
1791309684|20261007020124|898.38
1791309845|20261007020405|899.01
1791309947|20261007020547|898.81
1791310069|20261007020749|899.24
1791310202|20261007021002|899.06
1791310494|20261007021454|899.62
1791310502|20261007021502|899.55
1791310779|20261007021939|900.26
1791310820|20261007022020|900.08
1791311044|20261007022404|899.17
1791311231|20261007022711|899.73
1791311349|20261007022909|899.27
1791311408|20261007023008|899.53
1791311699|20261007023459|899.09
1791311793|20261007023633|898.92
1791311890|20261007023810|899.35
1791312009|20261007024009|899.02
1791312283|20261007024443|899.70
1791312408|20261007024648|899.45
1791312599|20261007024959|900.24
1791312628|20261007025028|900.31
1791312755|20261007025235|900.02
1791312906|20261007025506|900.08
1791313025|20261007025705|901.08
1791313201|20261007030001|900.87
1791313353|20261007030233|902.68
1791313503|20261007030503|901.44
1791313797|20261007030957|901.02
1791313821|20261007031021|901.14
1791313958|20261007031238|900.73
1791314212|20261007031652|901.19
1791314336|20261007031856|900.43
1791314457|20261007032057|900.78
1791314590|20261007032310|900.37
1791314739|20261007032539|900.59
1791314967|20261007032927|900.01
1791315000|20261007033000|900.07
1791315297|20261007033457|899.53
1791315341|20261007033541|899.55
1791315478|20261007033758|899.23
1791315602|20261007034002|899.33
1791315799|20261007034319|899.54
1791315955|20261007034555|899.63
1791316198|20261007034958|899.01
1791316218|20261007035018|899.24
1791316264|20261007035104|898.91
1791316505|20261007035505|899.02
1791316777|20261007035937|899.59
1791316816|20261007040016|899.64
1791316958|20261007040238|899.19
1791317219|20261007040659|899.26
1791317297|20261007040817|899.50
1791317415|20261007041015|899.60
1791317676|20261007041436|899.16
1791317700|20261007041500|899.20
1791317999|20261007041959|898.52
1791318005|20261007042005|898.65
1791318232|20261007042352|898.19
1791318429|20261007042709|897.98
1791318565|20261007042925|898.44
1791318605|20261007043005|898.41
1791318806|20261007043326|898.00
1791318952|20261007043552|898.01
1791319157|20261007043917|898.39
1791319201|20261007044001|898.32
1791319354|20261007044234|898.06
1791319504|20261007044504|898.21
1791319564|20261007044604|897.93
1791319802|20261007045002|898.07
1791319934|20261007045214|898.52
1791320143|20261007045543|898.35
1791320249|20261007045729|898.13
