1786982405|20260818000005|959.49
1786982410|20260818000010|959.50
1786982415|20260818000015|959.51
1786982420|20260818000020|959.51
1786982425|20260818000025|959.57
1786982435|20260818000035|959.43
1786982440|20260818000040|959.42
1786982455|20260818000055|959.35
1786982465|20260818000105|959.40
1786982480|20260818000120|959.59
1786982485|20260818000125|959.62
1786982495|20260818000135|959.38
1786982500|20260818000140|959.30
1786982505|20260818000145|959.30
1786982510|20260818000150|959.10
1786982515|20260818000155|959.05
1786982520|20260818000200|959.13
1786982525|20260818000205|959.07
1786982530|20260818000210|959.10
1786982535|20260818000215|959.08
1786982540|20260818000220|959.03
1786982545|20260818000225|958.98
1786982555|20260818000235|959.03
1786982560|20260818000240|959.03
1786982565|20260818000245|958.95
1786982570|20260818000250|959.15
1786982575|20260818000255|959.10
1786982580|20260818000300|958.97
1786982585|20260818000305|958.97
1786982595|20260818000315|958.98
1786982600|20260818000320|958.96
1786982605|20260818000325|958.94
1786982615|20260818000335|959.03
1786982620|20260818000340|958.96
1786982625|20260818000345|958.98
1786982630|20260818000350|958.82
1786982635|20260818000355|958.86
1786982640|20260818000400|958.93
1786982645|20260818000405|958.98
1786982650|20260818000410|958.95
1786982655|20260818000415|958.94
1786982660|20260818000420|959.06
1786982685|20260818000445|959.09
1786982690|20260818000450|959.08
1786982700|20260818000500|959.07
1786982705|20260818000505|959.05
1786982710|20260818000510|959.05
1786982715|20260818000515|958.96
1786982720|20260818000520|959.01
1786982725|20260818000525|959.00
1786982735|20260818000535|958.95
1786982740|20260818000540|959.00
1786982745|20260818000545|959.00
1786982750|20260818000550|958.93
1786982755|20260818000555|958.98
1786982770|20260818000610|958.98
1786982775|20260818000615|959.14
1786982780|20260818000620|959.05
1786982785|20260818000625|958.99
1786982795|20260818000635|959.06
1786982800|20260818000640|959.06
1786982805|20260818000645|959.05
1786982810|20260818000650|958.96
1786982820|20260818000700|958.82
1786982825|20260818000705|958.82
1786982830|20260818000710|958.93
1786982835|20260818000715|958.96
1786982840|20260818000720|958.97
1786982845|20260818000725|958.96
1786982855|20260818000735|958.90
1786982860|20260818000740|959.07
1786982865|20260818000745|959.04
1786982870|20260818000750|959.10
1786982875|20260818000755|959.15
1786982885|20260818000805|959.17
1786982890|20260818000810|959.19
1786982895|20260818000815|959.31
1786982900|20260818000820|959.32
1786982905|20260818000825|959.49
1786982915|20260818000835|959.48
1786982920|20260818000840|959.52
1786982925|20260818000845|959.52
1786982930|20260818000850|959.52
1786982935|20260818000855|959.51
1786982940|20260818000900|959.41
1786982945|20260818000905|959.49
1786982950|20260818000910|959.58
1786982955|20260818000915|959.64
1786982960|20260818000920|959.64
1786982965|20260818000925|959.57
1786983000|20260818001000|959.56
1786983005|20260818001005|959.52
1786983010|20260818001010|959.43
1786983020|20260818001020|959.35
1786983025|20260818001025|959.82
1786983035|20260818001035|959.42
1786983040|20260818001040|959.46
1786983055|20260818001055|959.46
1786983075|20260818001115|959.51
1786983080|20260818001120|959.50
1786983085|20260818001125|959.47
1786983100|20260818001140|959.39
1786983105|20260818001145|959.48
1786983110|20260818001150|959.45
1786983115|20260818001155|959.47
1786983135|20260818001215|959.38
1786983140|20260818001220|959.36
1786983155|20260818001235|959.26
1786983160|20260818001240|959.27
1786983175|20260818001255|959.21
1786983190|20260818001310|959.25
1786983220|20260818001340|959.22
1786983225|20260818001345|959.26
1786983245|20260818001405|959.31
1786983250|20260818001410|959.37
1786983265|20260818001425|959.35
1786983300|20260818001500|959.24
1786983305|20260818001505|959.19
1786983310|20260818001510|959.28
1786983315|20260818001515|959.29
1786983320|20260818001520|959.30
1786983325|20260818001525|959.37
1786983335|20260818001535|959.20
1786983340|20260818001540|959.21
1786983345|20260818001545|959.22
1786983355|20260818001555|959.32
1786983365|20260818001605|959.48
1786983370|20260818001610|959.47
1786983375|20260818001615|959.48
1786983380|20260818001620|959.36
1786983385|20260818001625|959.40
1786983395|20260818001635|959.39
1786983405|20260818001645|959.45
1786983410|20260818001650|959.45
1786983415|20260818001655|959.40
1786983425|20260818001705|959.39
1786983430|20260818001710|959.35
1786983435|20260818001715|959.38
1786983440|20260818001720|959.36
1786983445|20260818001725|959.35
1786983455|20260818001735|959.35
1786983460|20260818001740|959.33
1786983470|20260818001750|959.18
1786983475|20260818001755|959.14
1786983490|20260818001810|959.17
1786983505|20260818001825|959.24
1786983515|20260818001835|959.14
1786983520|20260818001840|959.21
1786983525|20260818001845|959.16
1786983530|20260818001850|959.09
1786983535|20260818001855|959.11
1786983545|20260818001905|959.14
1786983560|20260818001920|959.18
1786983565|20260818001925|959.16
1786983600|20260818002000|959.10
1786983605|20260818002005|959.04
1786983615|20260818002015|959.01
1786983620|20260818002020|958.92
1786983625|20260818002025|958.97
1786983635|20260818002035|958.95
1786983640|20260818002040|958.99
1786983645|20260818002045|959.02
1786983650|20260818002050|959.26
1786983655|20260818002055|959.29
1786983665|20260818002105|959.22
1786983670|20260818002110|959.21
1786983680|20260818002120|959.28
1786983685|20260818002125|959.18
1786983700|20260818002140|959.47
1786983705|20260818002145|959.50
1786983710|20260818002150|959.48
1786983715|20260818002155|959.48
1786983730|20260818002210|959.48
1786983735|20260818002215|959.47
1786983745|20260818002225|959.49
1786983755|20260818002235|959.43
1786983765|20260818002245|959.43
1786983775|20260818002255|959.46
1786983785|20260818002305|959.34
1786983790|20260818002310|959.38
1786983795|20260818002315|959.31
1786983800|20260818002320|959.35
1786983805|20260818002325|959.30
1786983815|20260818002335|959.37
1786983825|20260818002345|959.18
1786983830|20260818002350|959.13
1786983835|20260818002355|959.13
1786983845|20260818002405|959.05
1786983860|20260818002420|959.05
1786983865|20260818002425|959.06
1786983895|20260818002455|959.00
1786983900|20260818002500|958.99
1786983905|20260818002505|958.99
1786983910|20260818002510|959.02
1786983915|20260818002515|958.87
1786983920|20260818002520|958.88
1786983925|20260818002525|958.90
1786983935|20260818002535|958.83
1786983940|20260818002540|958.83
1786983945|20260818002545|958.87
1786983965|20260818002605|958.75
1786983975|20260818002615|958.78
1786983980|20260818002620|958.78
1786983985|20260818002625|958.89
1786983995|20260818002635|958.85
1786984000|20260818002640|958.90
1786984005|20260818002645|958.87
1786984010|20260818002650|958.83
1786984015|20260818002655|958.76
1786984020|20260818002700|958.77
1786984025|20260818002705|958.79
1786984030|20260818002710|958.76
1786984035|20260818002715|958.74
1786984040|20260818002720|958.74
1786984045|20260818002725|958.53
1786984055|20260818002735|958.65
1786984060|20260818002740|958.72
1786984065|20260818002745|958.72
1786984070|20260818002750|958.71
1786984075|20260818002755|958.63
1786984080|20260818002800|958.61
1786984085|20260818002805|958.69
1786984090|20260818002810|958.69
1786984095|20260818002815|958.71
1786984100|20260818002820|958.69
1786984105|20260818002825|958.70
1786984115|20260818002835|958.72
1786984125|20260818002845|958.64
1786984130|20260818002850|958.62
1786984135|20260818002855|958.65
1786984140|20260818002900|958.65
1786984145|20260818002905|958.69
1786984150|20260818002910|958.68
1786984155|20260818002915|958.67
1786984160|20260818002920|958.71
1786984165|20260818002925|958.78
1786984200|20260818003000|958.96
1786984205|20260818003005|958.95
1786984210|20260818003010|959.01
1786984215|20260818003015|958.96
1786984220|20260818003020|958.89
1786984225|20260818003025|958.86
1786984235|20260818003035|958.79
1786984240|20260818003040|958.76
1786984245|20260818003045|958.84
1786984250|20260818003050|958.88
1786984255|20260818003055|958.88
1786984265|20260818003105|959.01
1786984270|20260818003110|959.05
1786984275|20260818003115|958.96
1786984280|20260818003120|958.93
1786984285|20260818003125|958.90
1786984295|20260818003135|958.99
1786984300|20260818003140|958.93
1786984305|20260818003145|958.94
1786984310|20260818003150|958.93
1786984315|20260818003155|958.97
1786984325|20260818003205|958.88
1786984330|20260818003210|958.88
1786984335|20260818003215|958.89
1786984340|20260818003220|958.90
1786984345|20260818003225|958.61
1786984355|20260818003235|958.58
1786984360|20260818003240|958.57
1786984365|20260818003245|958.57
1786984375|20260818003255|958.55
1786984380|20260818003300|958.52
1786984385|20260818003305|958.55
1786984390|20260818003310|958.57
1786984395|20260818003315|958.60
1786984400|20260818003320|958.62
1786984405|20260818003325|958.62
1786984415|20260818003335|958.58
1786984420|20260818003340|958.69
1786984425|20260818003345|958.69
1786984430|20260818003350|958.68
1786984435|20260818003355|958.73
1786984445|20260818003405|958.72
1786984450|20260818003410|958.73
1786984455|20260818003415|958.82
1786984460|20260818003420|958.79
1786984465|20260818003425|958.81
1786984500|20260818003500|958.78
1786984505|20260818003505|958.73
1786984510|20260818003510|958.72
1786984520|20260818003520|958.71
1786984525|20260818003525|958.74
1786984540|20260818003540|958.70
1786984545|20260818003545|958.73
1786984550|20260818003550|958.72
1786984555|20260818003555|958.77
1786984580|20260818003620|958.87
1786984585|20260818003625|958.93
1786984595|20260818003635|958.98
1786984600|20260818003640|958.98
1786984605|20260818003645|959.02
1786984610|20260818003650|959.05
1786984615|20260818003655|959.06
1786984625|20260818003705|959.14
1786984630|20260818003710|959.17
1786984635|20260818003715|959.09
1786984640|20260818003720|959.09
1786984645|20260818003725|959.08
1786984655|20260818003735|959.09
1786984665|20260818003745|959.19
1786984670|20260818003750|959.22
1786984685|20260818003805|959.29
1786984690|20260818003810|959.22
1786984695|20260818003815|959.25
1786984705|20260818003825|959.20
1786984715|20260818003835|959.37
1786984720|20260818003840|959.29
1786984725|20260818003845|959.38
1786984730|20260818003850|959.23
1786984735|20260818003855|959.27
1786984755|20260818003915|959.34
1786984760|20260818003920|959.31
1786984765|20260818003925|959.31
1786984800|20260818004000|959.32
1786984805|20260818004005|959.30
1786984810|20260818004010|959.33
1786984820|20260818004020|959.35
1786984825|20260818004025|959.32
1786984835|20260818004035|959.34
1786984840|20260818004040|959.28
1786984845|20260818004045|959.12
1786984850|20260818004050|959.12
1786984855|20260818004055|959.30
1786984865|20260818004105|959.31
1786984870|20260818004110|959.35
1786984875|20260818004115|959.27
1786984880|20260818004120|959.29
1786984885|20260818004125|959.28
1786984895|20260818004135|959.27
1786984900|20260818004140|959.29
1786984910|20260818004150|959.23
1786984915|20260818004155|959.26
1786984930|20260818004210|959.12
1786984935|20260818004215|959.13
1786984940|20260818004220|959.10
1786984945|20260818004225|959.01
1786984960|20260818004240|959.09
1786984965|20260818004245|959.09
1786984970|20260818004250|959.12
1786984975|20260818004255|959.12
1786984990|20260818004310|959.25
1786985005|20260818004325|959.16
1786985015|20260818004335|959.13
1786985020|20260818004340|959.11
1786985030|20260818004350|959.20
1786985035|20260818004355|959.20
1786985045|20260818004405|959.11
1786985050|20260818004410|959.05
1786985055|20260818004415|959.06
1786985060|20260818004420|959.05
1786985065|20260818004425|959.09
1786985100|20260818004500|958.90
1786985105|20260818004505|958.91
1786985110|20260818004510|958.87
1786985115|20260818004515|958.83
1786985120|20260818004520|958.84
1786985125|20260818004525|958.91
1786985135|20260818004535|958.91
1786985140|20260818004540|958.89
1786985145|20260818004545|958.90
1786985150|20260818004550|958.77
1786985155|20260818004555|958.76
1786985160|20260818004600|958.66
1786985170|20260818004610|958.65
1786985175|20260818004615|958.63
1786985180|20260818004620|958.63
1786985185|20260818004625|958.67
1786985195|20260818004635|958.72
1786985200|20260818004640|958.70
1786985205|20260818004645|958.73
1786985210|20260818004650|958.72
1786985215|20260818004655|958.65
1786985220|20260818004700|958.71
1786985225|20260818004705|958.66
1786985230|20260818004710|958.72
1786985235|20260818004715|958.63
1786985245|20260818004725|958.64
1786985255|20260818004735|958.69
1786985265|20260818004745|958.66
1786985275|20260818004755|958.62
1786985285|20260818004805|958.64
1786985290|20260818004810|958.60
1786985295|20260818004815|958.65
1786985300|20260818004820|958.68
1786985305|20260818004825|958.72
1786985310|20260818004830|958.73
1786985315|20260818004835|958.84
1786985320|20260818004840|958.82
1786985330|20260818004850|958.76
1786985335|20260818004855|958.69
1786985340|20260818004900|958.47
1786985345|20260818004905|958.49
1786985350|20260818004910|958.52
1786985355|20260818004915|958.48
1786985360|20260818004920|958.55
1786985365|20260818004925|958.52
1786985370|20260818004930|958.51
1786985395|20260818004955|958.83
1786985400|20260818005000|958.83
1786985405|20260818005005|958.79
1786985410|20260818005010|958.85
1786985415|20260818005015|958.91
1786985420|20260818005020|958.94
1786985425|20260818005025|959.03
1786985435|20260818005035|959.07
1786985440|20260818005040|958.95
1786985445|20260818005045|958.96
1786985450|20260818005050|958.98
1786985455|20260818005055|958.96
1786985465|20260818005105|959.06
1786985470|20260818005110|959.04
1786985475|20260818005115|959.06
1786985480|20260818005120|959.05
1786985495|20260818005135|959.07
1786985500|20260818005140|959.09
1786985510|20260818005150|959.05
1786985525|20260818005205|958.90
1786985535|20260818005215|958.73
1786985540|20260818005220|958.72
1786985545|20260818005225|958.67
1786985555|20260818005235|958.71
1786985560|20260818005240|958.73
1786985565|20260818005245|958.73
1786985570|20260818005250|958.62
1786985585|20260818005305|958.59
1786985590|20260818005310|958.51
1786985595|20260818005315|958.61
1786985600|20260818005320|958.61
1786985605|20260818005325|958.61
1786985615|20260818005335|958.56
1786985620|20260818005340|958.61
1786985625|20260818005345|958.60
1786985630|20260818005350|958.60
1786985645|20260818005405|958.58
1786985650|20260818005410|958.54
1786985655|20260818005415|958.56
1786985660|20260818005420|958.56
1786985665|20260818005425|958.59
1786985705|20260818005505|958.67
1786985710|20260818005510|958.67
1786985715|20260818005515|958.68
1786985720|20260818005520|958.76
1786985725|20260818005525|958.86
1786985735|20260818005535|958.95
1786985740|20260818005540|958.94
1786985745|20260818005545|959.05
1786985750|20260818005550|958.94
1786985755|20260818005555|958.95
1786985765|20260818005605|958.93
1786985770|20260818005610|958.97
1786985775|20260818005615|958.95
1786985780|20260818005620|958.97
1786985785|20260818005625|958.93
1786985795|20260818005635|958.94
1786985800|20260818005640|958.91
1786985805|20260818005645|958.89
1786985810|20260818005650|958.90
1786985815|20260818005655|958.94
1786985825|20260818005705|958.94
1786985830|20260818005710|958.99
1786985835|20260818005715|958.97
1786985840|20260818005720|959.03
1786985845|20260818005725|958.91
1786985855|20260818005735|958.93
1786985860|20260818005740|959.01
1786985865|20260818005745|959.01
1786985870|20260818005750|958.94
1786985875|20260818005755|958.84
1786985885|20260818005805|958.90
1786985890|20260818005810|958.87
1786985905|20260818005825|958.91
1786985915|20260818005835|958.98
1786985920|20260818005840|958.94
1786985925|20260818005845|958.95
1786985930|20260818005850|959.00
1786985935|20260818005855|959.00
1786985945|20260818005905|958.87
1786985950|20260818005910|958.91
1786985955|20260818005915|958.93
1786985960|20260818005920|958.89
1786985965|20260818005925|958.90
1786986000|20260818010000|958.80
1786986005|20260818010005|958.82
1786986010|20260818010010|958.78
1786986015|20260818010015|958.81
1786986020|20260818010020|958.81
1786986025|20260818010025|958.83
1786986035|20260818010035|958.83
1786986040|20260818010040|958.78
1786986045|20260818010045|958.85
1786986050|20260818010050|958.86
1786986055|20260818010055|958.86
1786986065|20260818010105|958.80
1786986070|20260818010110|958.78
1786986075|20260818010115|958.82
1786986080|20260818010120|958.85
1786986085|20260818010125|958.90
1786986095|20260818010135|958.98
1786986100|20260818010140|958.95
1786986105|20260818010145|958.92
1786986110|20260818010150|958.96
1786986115|20260818010155|959.00
1786986125|20260818010205|959.03
1786986130|20260818010210|959.01
1786986135|20260818010215|959.01
1786986140|20260818010220|958.98
1786986145|20260818010225|958.99
1786986155|20260818010235|959.03
1786986160|20260818010240|959.03
1786986170|20260818010250|959.04
1786986175|20260818010255|959.17
1786986185|20260818010305|959.18
1786986190|20260818010310|959.20
1786986200|20260818010320|959.18
1786986205|20260818010325|959.18
1786986215|20260818010335|959.10
1786986220|20260818010340|959.12
1786986230|20260818010350|959.06
1786986235|20260818010355|959.07
1786986240|20260818010400|958.99
1786986245|20260818010405|958.97
1786986250|20260818010410|959.02
1786986255|20260818010415|959.00
1786986260|20260818010420|959.04
1786986265|20260818010425|959.04
1786986300|20260818010500|958.89
1786986305|20260818010505|958.94
1786986310|20260818010510|958.88
1786986325|20260818010525|958.92
1786986335|20260818010535|958.77
1786986340|20260818010540|958.67
1786986345|20260818010545|958.53
1786986365|20260818010605|958.44
1786986370|20260818010610|958.44
1786986375|20260818010615|958.47
1786986380|20260818010620|958.46
1786986385|20260818010625|958.46
1786986395|20260818010635|958.42
1786986405|20260818010645|958.50
1786986410|20260818010650|958.53
1786986415|20260818010655|958.51
1786986425|20260818010705|958.30
1786986430|20260818010710|958.27
1786986435|20260818010715|958.34
1786986455|20260818010735|958.38
1786986485|20260818010805|958.27
1786986490|20260818010810|958.27
1786986500|20260818010820|958.24
1786986505|20260818010825|958.24
1786986515|20260818010835|958.24
1786986545|20260818010905|958.27
1786986550|20260818010910|958.30
1786986555|20260818010915|958.31
1786986560|20260818010920|958.30
1786986590|20260818010950|958.31
1786986600|20260818011000|958.39
1786986605|20260818011005|958.43
1786986615|20260818011015|958.40
1786986620|20260818011020|958.42
1786986625|20260818011025|958.40
1786986635|20260818011035|958.45
1786986640|20260818011040|958.49
1786986645|20260818011045|958.47
1786986650|20260818011050|958.52
1786986655|20260818011055|958.51
1786986665|20260818011105|958.47
1786986670|20260818011110|958.49
1786986675|20260818011115|958.48
1786986680|20260818011120|958.46
1786986685|20260818011125|958.47
1786986700|20260818011140|958.41
1786986705|20260818011145|958.42
1786986710|20260818011150|958.43
1786986715|20260818011155|958.41
1786986730|20260818011210|958.29
1786986735|20260818011215|958.30
1786986740|20260818011220|958.31
1786986745|20260818011225|958.38
1786986755|20260818011235|958.38
1786986760|20260818011240|958.38
1786986765|20260818011245|958.37
1786986770|20260818011250|958.38
1786986775|20260818011255|958.38
1786986785|20260818011305|958.40
1786986790|20260818011310|958.40
1786986795|20260818011315|958.39
1786986800|20260818011320|958.40
1786986820|20260818011340|958.35
1786986825|20260818011345|958.36
1786986830|20260818011350|958.28
1786986845|20260818011405|958.41
1786986850|20260818011410|958.40
1786986855|20260818011415|958.36
1786986860|20260818011420|958.38
1786986865|20260818011425|958.39
1786986905|20260818011505|958.58
1786986910|20260818011510|958.45
1786986915|20260818011515|958.48
1786986920|20260818011520|958.51
1786986925|20260818011525|958.51
1786986935|20260818011535|958.54
1786986940|20260818011540|958.53
1786986945|20260818011545|958.58
1786986955|20260818011555|958.55
1786986960|20260818011600|958.29
1786986965|20260818011605|958.21
1786986970|20260818011610|958.22
1786986975|20260818011615|958.09
1786986980|20260818011620|958.13
1786986985|20260818011625|958.15
1786986995|20260818011635|958.11
1786987000|20260818011640|958.13
1786987005|20260818011645|958.14
1786987010|20260818011650|958.13
1786987015|20260818011655|958.12
1786987025|20260818011705|958.15
1786987030|20260818011710|958.08
1786987035|20260818011715|958.09
1786987040|20260818011720|958.18
1786987045|20260818011725|958.13
1786987055|20260818011735|958.14
1786987060|20260818011740|958.14
1786987065|20260818011745|958.16
1786987070|20260818011750|958.14
1786987075|20260818011755|958.15
1786987085|20260818011805|958.05
1786987090|20260818011810|958.06
1786987095|20260818011815|958.08
1786987100|20260818011820|958.12
1786987105|20260818011825|958.24
1786987120|20260818011840|958.14
1786987125|20260818011845|957.98
1786987130|20260818011850|958.01
1786987135|20260818011855|958.08
1786987140|20260818011900|958.07
1786987145|20260818011905|958.12
1786987150|20260818011910|958.07
1786987155|20260818011915|958.05
1786987160|20260818011920|958.06
1786987165|20260818011925|957.97
1786987180|20260818011940|957.99
1786987200|20260818012000|957.70
1786987205|20260818012005|957.83
1786987210|20260818012010|957.81
1786987215|20260818012015|957.85
1786987220|20260818012020|957.79
1786987225|20260818012025|957.77
1786987235|20260818012035|957.71
1786987240|20260818012040|957.66
1786987245|20260818012045|957.62
1786987250|20260818012050|957.65
1786987255|20260818012055|957.64
1786987260|20260818012100|957.73
1786987265|20260818012105|957.77
1786987275|20260818012115|957.87
1786987280|20260818012120|957.86
1786987285|20260818012125|957.86
1786987295|20260818012135|957.96
1786987300|20260818012140|957.95
1786987305|20260818012145|957.92
1786987310|20260818012150|957.79
1786987315|20260818012155|957.79
1786987325|20260818012205|957.78
1786987330|20260818012210|957.72
1786987335|20260818012215|957.80
1786987340|20260818012220|957.78
1786987345|20260818012225|957.76
1786987355|20260818012235|957.71
1786987360|20260818012240|957.63
1786987370|20260818012250|957.86
1786987375|20260818012255|957.79
1786987385|20260818012305|957.74
1786987390|20260818012310|957.72
1786987395|20260818012315|957.62
1786987400|20260818012320|957.50
1786987405|20260818012325|957.51
1786987420|20260818012340|957.45
1786987425|20260818012345|957.49
1786987430|20260818012350|957.48
1786987445|20260818012405|957.21
1786987450|20260818012410|957.11
1786987455|20260818012415|957.07
1786987460|20260818012420|957.09
1786987465|20260818012425|957.06
1786987500|20260818012500|957.13
1786987505|20260818012505|957.17
1786987510|20260818012510|957.18
1786987515|20260818012515|957.21
1786987520|20260818012520|957.26
1786987525|20260818012525|957.31
1786987535|20260818012535|957.18
1786987540|20260818012540|957.17
1786987545|20260818012545|957.19
1786987555|20260818012555|957.24
1786987565|20260818012605|957.22
1786987570|20260818012610|957.29
1786987575|20260818012615|957.22
1786987580|20260818012620|957.25
1786987585|20260818012625|957.07
1786987595|20260818012635|956.62
1786987600|20260818012640|956.71
1786987605|20260818012645|956.69
1786987610|20260818012650|956.78
1786987615|20260818012655|956.81
1786987625|20260818012705|956.80
1786987630|20260818012710|956.80
1786987635|20260818012715|956.72
1786987640|20260818012720|956.66
1786987645|20260818012725|956.63
1786987655|20260818012735|956.59
1786987660|20260818012740|956.57
1786987665|20260818012745|956.58
1786987670|20260818012750|956.58
1786987675|20260818012755|956.59
1786987685|20260818012805|956.68
1786987695|20260818012815|956.65
1786987705|20260818012825|956.67
1786987715|20260818012835|956.71
1786987720|20260818012840|956.73
1786987725|20260818012845|956.67
1786987730|20260818012850|956.80
1786987735|20260818012855|956.76
1786987745|20260818012905|956.78
1786987750|20260818012910|957.05
1786987755|20260818012915|957.02
1786987760|20260818012920|957.09
1786987765|20260818012925|957.22
1786987780|20260818012940|957.11
1786987800|20260818013000|957.21
1786987805|20260818013005|957.19
1786987815|20260818013015|957.13
1786987820|20260818013020|957.09
1786987825|20260818013025|957.16
1786987835|20260818013035|957.14
1786987840|20260818013040|957.06
1786987855|20260818013055|957.02
1786987870|20260818013110|956.79
1786987875|20260818013115|956.77
1786987885|20260818013125|956.62
1786987895|20260818013135|956.66
1786987900|20260818013140|956.64
1786987905|20260818013145|956.68
1786987910|20260818013150|956.71
1786987915|20260818013155|956.66
1786987925|20260818013205|956.69
1786987930|20260818013210|956.77
1786987935|20260818013215|956.76
1786987940|20260818013220|956.78
1786987945|20260818013225|956.89
1786987955|20260818013235|956.98
1786987960|20260818013240|956.97
1786987965|20260818013245|957.09
1786987985|20260818013305|957.43
1786987990|20260818013310|957.22
1786987995|20260818013315|957.20
1786988000|20260818013320|957.18
1786988015|20260818013335|957.25
1786988020|20260818013340|957.28
1786988025|20260818013345|957.37
1786988030|20260818013350|957.40
1786988035|20260818013355|957.32
1786988045|20260818013405|957.34
1786988050|20260818013410|957.35
1786988055|20260818013415|957.34
1786988100|20260818013500|957.30
1786988105|20260818013505|957.30
1786988110|20260818013510|957.26
1786988115|20260818013515|957.25
1786988120|20260818013520|957.35
1786988125|20260818013525|957.30
1786988135|20260818013535|957.11
1786988140|20260818013540|957.08
1786988145|20260818013545|956.97
1786988150|20260818013550|956.97
1786988155|20260818013555|956.96
1786988165|20260818013605|956.99
1786988170|20260818013610|956.99
1786988175|20260818013615|956.97
1786988180|20260818013620|956.94
1786988195|20260818013635|957.08
1786988200|20260818013640|956.97
1786988205|20260818013645|956.95
1786988210|20260818013650|957.04
1786988215|20260818013655|957.13
1786988225|20260818013705|957.14
1786988240|20260818013720|957.00
1786988245|20260818013725|956.97
1786988255|20260818013735|956.96
1786988260|20260818013740|956.94
1786988265|20260818013745|956.93
1786988275|20260818013755|956.85
1786988285|20260818013805|956.92
1786988290|20260818013810|956.94
1786988295|20260818013815|956.92
1786988300|20260818013820|956.91
1786988305|20260818013825|956.85
1786988315|20260818013835|956.84
1786988320|20260818013840|956.89
1786988325|20260818013845|956.83
1786988330|20260818013850|956.74
1786988335|20260818013855|956.71
1786988345|20260818013905|956.80
1786988350|20260818013910|956.72
1786988355|20260818013915|956.65
1786988360|20260818013920|956.61
1786988365|20260818013925|956.48
1786988400|20260818014000|956.15
1786988405|20260818014005|956.16
1786988410|20260818014010|956.18
1786988415|20260818014015|956.21
1786988420|20260818014020|956.23
1786988425|20260818014025|956.21
1786988435|20260818014035|956.17
1786988445|20260818014045|956.18
1786988450|20260818014050|956.13
1786988455|20260818014055|956.15
1786988480|20260818014120|956.36
1786988495|20260818014135|956.27
1786988500|20260818014140|956.49
1786988510|20260818014150|956.46
1786988515|20260818014155|956.47
1786988525|20260818014205|956.41
1786988535|20260818014215|956.57
1786988540|20260818014220|956.53
1786988545|20260818014225|956.50
1786988565|20260818014245|956.55
1786988570|20260818014250|956.61
1786988575|20260818014255|956.79
1786988590|20260818014310|956.82
1786988605|20260818014325|956.93
1786988615|20260818014335|956.88
1786988620|20260818014340|956.89
1786988630|20260818014350|956.79
1786988635|20260818014355|956.86
1786988645|20260818014405|956.96
1786988650|20260818014410|956.93
1786988665|20260818014425|957.07
1786988700|20260818014500|957.29
1786988705|20260818014505|957.34
1786988710|20260818014510|957.49
1786988715|20260818014515|957.37
1786988720|20260818014520|957.43
1786988725|20260818014525|957.48
1786988735|20260818014535|957.39
1786988740|20260818014540|957.64
1786988745|20260818014545|957.56
1786988750|20260818014550|957.55
1786988755|20260818014555|957.58
1786988760|20260818014600|957.71
1786988765|20260818014605|957.80
1786988770|20260818014610|957.85
1786988775|20260818014615|957.94
1786988780|20260818014620|957.86
1786988795|20260818014635|957.66
1786988800|20260818014640|957.56
1786988805|20260818014645|957.48
1786988810|20260818014650|957.48
1786988815|20260818014655|957.47
1786988825|20260818014705|957.56
1786988830|20260818014710|957.53
1786988835|20260818014715|957.54
1786988840|20260818014720|957.52
1786988845|20260818014725|957.55
1786988855|20260818014735|957.57
1786988860|20260818014740|957.51
1786988865|20260818014745|957.54
1786988870|20260818014750|957.49
1786988875|20260818014755|957.48
1786988885|20260818014805|957.57
1786988890|20260818014810|957.63
1786988895|20260818014815|957.68
1786988900|20260818014820|957.71
1786988905|20260818014825|957.69
1786988915|20260818014835|957.64
1786988925|20260818014845|957.60
1786988930|20260818014850|957.57
1786988935|20260818014855|957.54
1786988945|20260818014905|957.55
1786988950|20260818014910|957.57
1786988955|20260818014915|957.57
1786988960|20260818014920|957.57
1786988965|20260818014925|957.57
1786989000|20260818015000|957.70
1786989005|20260818015005|957.70
1786989010|20260818015010|957.88
1786989015|20260818015015|957.84
1786989020|20260818015020|957.89
1786989025|20260818015025|957.84
1786989035|20260818015035|957.77
1786989040|20260818015040|957.85
1786989045|20260818015045|957.82
1786989050|20260818015050|957.80
1786989055|20260818015055|957.87
1786989065|20260818015105|957.89
1786989070|20260818015110|957.91
1786989075|20260818015115|957.92
1786989080|20260818015120|957.93
1786989085|20260818015125|957.90
1786989095|20260818015135|957.79
1786989100|20260818015140|957.57
1786989105|20260818015145|957.63
1786989115|20260818015155|957.60
1786989125|20260818015205|957.53
1786989130|20260818015210|957.51
1786989135|20260818015215|957.51
1786989140|20260818015220|957.51
1786989145|20260818015225|957.53
1786989155|20260818015235|957.52
1786989160|20260818015240|957.52
1786989165|20260818015245|957.52
1786989175|20260818015255|957.45
1786989185|20260818015305|957.45
1786989190|20260818015310|957.45
1786989195|20260818015315|957.46
1786989200|20260818015320|957.55
1786989205|20260818015325|957.51
1786989215|20260818015335|957.48
1786989220|20260818015340|957.44
1786989225|20260818015345|957.50
1786989235|20260818015355|957.49
1786989250|20260818015410|957.50
1786989260|20260818015420|957.57
1786989300|20260818015500|957.40
1786989305|20260818015505|957.30
1786989310|20260818015510|957.36
1786989315|20260818015515|957.41
1786989320|20260818015520|957.37
1786989325|20260818015525|957.36
1786989335|20260818015535|957.40
1786989340|20260818015540|957.40
1786989345|20260818015545|957.41
1786989350|20260818015550|957.38
1786989355|20260818015555|957.37
1786989365|20260818015605|957.27
1786989370|20260818015610|957.26
1786989375|20260818015615|957.14
1786989380|20260818015620|957.09
1786989395|20260818015635|957.13
1786989400|20260818015640|957.14
1786989405|20260818015645|957.04
1786989410|20260818015650|956.99
1786989415|20260818015655|956.97
1786989435|20260818015715|956.71
1786989440|20260818015720|956.72
1786989460|20260818015740|956.85
1786989465|20260818015745|956.70
1786989470|20260818015750|956.63
1786989480|20260818015800|956.62
1786989485|20260818015805|956.63
1786989490|20260818015810|956.63
1786989495|20260818015815|956.60
1786989500|20260818015820|956.58
1786989515|20260818015835|956.61
1786989520|20260818015840|956.70
1786989525|20260818015845|956.73
1786989530|20260818015850|956.69
1786989535|20260818015855|956.65
1786989545|20260818015905|956.50
1786989550|20260818015910|956.49
1786989555|20260818015915|956.44
1786989560|20260818015920|956.46
1786989580|20260818015940|956.50
1786989600|20260818020000|956.52
1786989605|20260818020005|956.53
1786989610|20260818020010|956.65
1786989615|20260818020015|956.53
1786989620|20260818020020|956.53
1786989625|20260818020025|956.58
1786989635|20260818020035|956.46
1786989640|20260818020040|956.60
1786989645|20260818020045|956.66
1786989650|20260818020050|956.64
1786989655|20260818020055|956.62
1786989665|20260818020105|956.54
1786989670|20260818020110|956.50
1786989675|20260818020115|956.55
1786989680|20260818020120|956.55
1786989685|20260818020125|956.51
1786989695|20260818020135|956.61
1786989700|20260818020140|956.61
1786989705|20260818020145|956.57
1786989710|20260818020150|956.61
1786989715|20260818020155|956.59
1786989725|20260818020205|956.58
1786989730|20260818020210|956.59
1786989735|20260818020215|956.60
1786989740|20260818020220|956.61
1786989745|20260818020225|956.58
1786989755|20260818020235|956.52
1786989760|20260818020240|956.42
1786989765|20260818020245|956.51
1786989770|20260818020250|956.41
1786989775|20260818020255|956.47
1786989785|20260818020305|956.24
1786989790|20260818020310|956.17
1786989795|20260818020315|956.06
1786989800|20260818020320|956.10
1786989805|20260818020325|956.07
1786989815|20260818020335|955.98
1786989825|20260818020345|956.04
1786989830|20260818020350|956.05
1786989835|20260818020355|956.00
1786989845|20260818020405|956.05
1786989850|20260818020410|956.00
1786989855|20260818020415|955.94
1786989860|20260818020420|955.96
1786989865|20260818020425|956.05
1786989910|20260818020510|956.02
1786989915|20260818020515|956.00
1786989920|20260818020520|955.97
1786989935|20260818020535|955.87
1786989940|20260818020540|955.81
1786989945|20260818020545|955.81
1786989950|20260818020550|955.95
1786989955|20260818020555|955.96
1786989960|20260818020600|955.95
1786989965|20260818020605|956.26
1786989970|20260818020610|956.26
1786989975|20260818020615|956.25
1786989980|20260818020620|956.26
1786989985|20260818020625|956.22
1786989995|20260818020635|956.11
1786990000|20260818020640|956.07
1786990005|20260818020645|956.20
1786990015|20260818020655|956.17
1786990020|20260818020700|956.28
1786990025|20260818020705|956.28
1786990030|20260818020710|956.22
1786990035|20260818020715|956.18
1786990040|20260818020720|956.04
1786990045|20260818020725|956.02
1786990055|20260818020735|956.12
1786990060|20260818020740|956.21
1786990070|20260818020750|956.27
1786990075|20260818020755|956.29
1786990080|20260818020800|956.32
1786990085|20260818020805|956.34
1786990090|20260818020810|956.33
1786990095|20260818020815|956.31
1786990100|20260818020820|956.29
1786990105|20260818020825|956.29
1786990115|20260818020835|956.31
1786990120|20260818020840|956.37
1786990125|20260818020845|956.27
1786990135|20260818020855|956.20
1786990140|20260818020900|956.17
1786990145|20260818020905|956.17
1786990150|20260818020910|956.15
1786990155|20260818020915|956.15
1786990160|20260818020920|956.18
1786990200|20260818021000|956.16
1786990205|20260818021005|956.01
1786990210|20260818021010|956.03
1786990215|20260818021015|955.99
1786990220|20260818021020|956.00
1786990225|20260818021025|955.85
1786990235|20260818021035|955.84
1786990240|20260818021040|955.88
1786990245|20260818021045|955.97
1786990255|20260818021055|955.97
1786990265|20260818021105|955.90
1786990270|20260818021110|955.88
1786990275|20260818021115|955.85
1786990280|20260818021120|955.86
1786990285|20260818021125|955.83
1786990295|20260818021135|955.88
1786990300|20260818021140|955.83
1786990305|20260818021145|955.83
1786990310|20260818021150|955.88
1786990315|20260818021155|955.90
1786990325|20260818021205|955.95
1786990330|20260818021210|955.95
1786990345|20260818021225|956.10
1786990355|20260818021235|956.12
1786990360|20260818021240|956.15
1786990365|20260818021245|956.06
1786990370|20260818021250|956.16
1786990375|20260818021255|956.15
1786990385|20260818021305|956.15
1786990390|20260818021310|956.22
1786990395|20260818021315|956.15
1786990400|20260818021320|956.12
1786990405|20260818021325|956.10
1786990415|20260818021335|956.13
1786990420|20260818021340|956.07
1786990430|20260818021350|955.97
1786990445|20260818021405|956.10
1786990450|20260818021410|956.27
1786990455|20260818021415|956.20
1786990460|20260818021420|956.16
1786990465|20260818021425|956.38
1786990480|20260818021440|956.43
1786990510|20260818021510|956.66
1786990515|20260818021515|956.80
1786990520|20260818021520|956.88
1786990525|20260818021525|956.68
1786990535|20260818021535|956.76
1786990540|20260818021540|956.68
1786990545|20260818021545|956.69
1786990550|20260818021550|956.72
1786990555|20260818021555|956.69
1786990565|20260818021605|956.57
1786990575|20260818021615|956.56
1786990580|20260818021620|956.56
1786990585|20260818021625|956.55
1786990595|20260818021635|956.54
1786990600|20260818021640|956.55
1786990605|20260818021645|956.71
1786990610|20260818021650|956.71
1786990625|20260818021705|956.75
1786990630|20260818021710|956.75
1786990635|20260818021715|956.69
1786990640|20260818021720|956.66
1786990645|20260818021725|956.71
1786990655|20260818021735|956.76
1786990660|20260818021740|956.74
1786990665|20260818021745|956.82
1786990670|20260818021750|956.79
1786990675|20260818021755|956.87
1786990685|20260818021805|956.85
1786990690|20260818021810|956.85
1786990695|20260818021815|956.80
1786990700|20260818021820|956.79
1786990715|20260818021835|956.96
1786990720|20260818021840|957.04
1786990730|20260818021850|956.96
1786990735|20260818021855|956.95
1786990745|20260818021905|956.96
1786990750|20260818021910|956.96
1786990755|20260818021915|956.94
1786990760|20260818021920|956.92
1786990765|20260818021925|956.90
1786990800|20260818022000|956.84
1786990805|20260818022005|956.79
1786990810|20260818022010|956.79
1786990815|20260818022015|956.76
1786990820|20260818022020|956.71
1786990825|20260818022025|956.61
1786990835|20260818022035|956.55
1786990840|20260818022040|956.58
1786990845|20260818022045|956.49
1786990850|20260818022050|956.54
1786990855|20260818022055|956.47
1786990865|20260818022105|956.39
1786990870|20260818022110|956.36
1786990875|20260818022115|956.38
1786990880|20260818022120|956.39
1786990885|20260818022125|956.36
1786990895|20260818022135|956.44
1786990900|20260818022140|956.42
1786990905|20260818022145|956.44
1786990915|20260818022155|956.44
1786990920|20260818022200|956.35
1786990925|20260818022205|956.39
1786990935|20260818022215|956.37
1786990940|20260818022220|956.29
1786990955|20260818022235|956.41
1786990960|20260818022240|956.38
1786990965|20260818022245|956.41
1786990970|20260818022250|956.51
1786990975|20260818022255|956.62
1786990980|20260818022300|956.56
1786990985|20260818022305|956.67
1786990990|20260818022310|956.71
1786990995|20260818022315|956.64
1786991000|20260818022320|956.63
1786991005|20260818022325|956.66
1786991015|20260818022335|956.89
1786991020|20260818022340|956.84
1786991025|20260818022345|956.79
1786991030|20260818022350|956.74
1786991035|20260818022355|956.73
1786991040|20260818022400|956.72
1786991045|20260818022405|956.54
1786991050|20260818022410|956.12
1786991055|20260818022415|956.15
1786991060|20260818022420|956.13
1786991065|20260818022425|956.04
1786991105|20260818022505|955.58
1786991115|20260818022515|955.45
1786991120|20260818022520|955.37
1786991125|20260818022525|955.46
1786991135|20260818022535|955.55
1786991140|20260818022540|955.41
1786991155|20260818022555|955.22
1786991160|20260818022600|955.33
1786991165|20260818022605|955.39
1786991170|20260818022610|955.41
1786991180|20260818022620|955.52
1786991185|20260818022625|955.52
1786991195|20260818022635|955.55
1786991200|20260818022640|955.59
1786991205|20260818022645|955.59
1786991210|20260818022650|955.63
1786991215|20260818022655|955.62
1786991220|20260818022700|955.65
1786991225|20260818022705|955.68
1786991230|20260818022710|955.42
1786991240|20260818022720|955.40
1786991245|20260818022725|955.51
1786991255|20260818022735|955.52
1786991260|20260818022740|955.42
1786991265|20260818022745|955.42
1786991275|20260818022755|955.26
1786991280|20260818022800|955.33
1786991285|20260818022805|955.33
1786991290|20260818022810|955.33
1786991295|20260818022815|955.37
1786991300|20260818022820|955.15
1786991305|20260818022825|954.87
1786991315|20260818022835|954.90
1786991320|20260818022840|954.92
1786991325|20260818022845|954.98
1786991330|20260818022850|954.98
1786991335|20260818022855|955.03
1786991340|20260818022900|955.04
1786991345|20260818022905|955.03
1786991350|20260818022910|954.78
1786991355|20260818022915|954.92
1786991360|20260818022920|954.98
1786991365|20260818022925|954.86
1786991400|20260818023000|954.93
1786991405|20260818023005|954.92
1786991410|20260818023010|954.95
1786991425|20260818023025|954.58
1786991435|20260818023035|954.72
1786991440|20260818023040|954.54
1786991445|20260818023045|954.58
1786991450|20260818023050|955.04
1786991455|20260818023055|954.79
1786991465|20260818023105|954.63
1786991470|20260818023110|954.23
1786991475|20260818023115|954.33
1786991480|20260818023120|954.37
1786991495|20260818023135|954.22
1786991500|20260818023140|954.46
1786991505|20260818023145|954.42
1786991510|20260818023150|954.21
1786991515|20260818023155|954.17
1786991530|20260818023210|953.91
1786991540|20260818023220|953.96
1786991545|20260818023225|953.97
1786991565|20260818023245|954.35
1786991570|20260818023250|954.33
1786991575|20260818023255|954.31
1786991585|20260818023305|954.41
1786991590|20260818023310|954.23
1786991595|20260818023315|954.18
1786991605|20260818023325|954.43
1786991615|20260818023335|954.16
1786991620|20260818023340|953.83
1786991625|20260818023345|953.75
1786991635|20260818023355|953.69
1786991645|20260818023405|953.49
1786991660|20260818023420|953.42
1786991700|20260818023500|953.59
1786991705|20260818023505|953.64
1786991710|20260818023510|953.67
1786991715|20260818023515|953.75
1786991720|20260818023520|953.94
1786991740|20260818023540|954.03
1786991745|20260818023545|954.03
1786991750|20260818023550|954.06
1786991755|20260818023555|954.02
1786991760|20260818023600|954.00
1786991765|20260818023605|953.95
1786991770|20260818023610|953.89
1786991775|20260818023615|953.92
1786991780|20260818023620|953.85
1786991785|20260818023625|953.83
1786991795|20260818023635|953.73
1786991800|20260818023640|953.74
1786991810|20260818023650|953.79
1786991815|20260818023655|953.79
1786991820|20260818023700|953.79
1786991825|20260818023705|953.69
1786991830|20260818023710|953.59
1786991835|20260818023715|953.63
1786991840|20260818023720|953.62
1786991845|20260818023725|953.63
1786991860|20260818023740|953.61
1786991865|20260818023745|953.64
1786991870|20260818023750|953.69
1786991875|20260818023755|953.84
1786991880|20260818023800|953.89
1786991885|20260818023805|953.91
1786991895|20260818023815|954.05
1786991900|20260818023820|954.06
1786991905|20260818023825|954.07
1786991920|20260818023840|954.02
1786991925|20260818023845|954.03
1786991930|20260818023850|954.03
1786991935|20260818023855|954.04
1786991945|20260818023905|953.83
1786991950|20260818023910|953.86
1786991955|20260818023915|953.93
1786991965|20260818023925|953.86
1786991970|20260818023930|953.92
1786991985|20260818023945|953.97
1786992000|20260818024000|953.99
1786992005|20260818024005|954.05
1786992010|20260818024010|954.04
1786992015|20260818024015|953.99
1786992020|20260818024020|954.00
1786992035|20260818024035|954.08
1786992040|20260818024040|954.17
1786992050|20260818024050|954.08
1786992055|20260818024055|954.10
1786992075|20260818024115|954.26
1786992080|20260818024120|954.26
1786992085|20260818024125|954.33
1786992095|20260818024135|954.20
1786992100|20260818024140|954.28
1786992110|20260818024150|954.31
1786992115|20260818024155|954.35
1786992130|20260818024210|954.17
1786992135|20260818024215|954.04
1786992140|20260818024220|954.14
1786992145|20260818024225|954.15
1786992160|20260818024240|954.36
1786992165|20260818024245|954.31
1786992170|20260818024250|954.36
1786992180|20260818024300|954.40
1786992185|20260818024305|954.37
1786992190|20260818024310|954.43
1786992195|20260818024315|954.53
1786992200|20260818024320|954.57
1786992205|20260818024325|954.57
1786992220|20260818024340|954.55
1786992225|20260818024345|954.55
1786992230|20260818024350|954.44
1786992235|20260818024355|954.44
1786992245|20260818024405|954.35
1786992250|20260818024410|954.26
1786992255|20260818024415|954.23
1786992260|20260818024420|954.17
1786992265|20260818024425|954.17
1786992275|20260818024435|954.12
1786992305|20260818024505|953.96
1786992310|20260818024510|954.05
1786992315|20260818024515|953.99
1786992320|20260818024520|954.01
1786992335|20260818024535|953.85
1786992340|20260818024540|953.84
1786992345|20260818024545|953.83
1786992350|20260818024550|953.83
1786992355|20260818024555|953.84
1786992365|20260818024605|953.74
1786992370|20260818024610|953.75
1786992375|20260818024615|953.78
1786992380|20260818024620|953.77
1786992385|20260818024625|953.79
1786992395|20260818024635|953.87
1786992400|20260818024640|954.04
1786992405|20260818024645|954.17
1786992410|20260818024650|954.12
1786992415|20260818024655|954.13
1786992430|20260818024710|954.18
1786992435|20260818024715|954.28
1786992440|20260818024720|954.30
1786992445|20260818024725|954.08
1786992455|20260818024735|954.09
1786992460|20260818024740|954.10
1786992465|20260818024745|954.08
1786992470|20260818024750|954.11
1786992475|20260818024755|954.11
1786992495|20260818024815|954.15
1786992500|20260818024820|954.21
1786992505|20260818024825|954.21
1786992515|20260818024835|954.27
1786992520|20260818024840|954.33
1786992525|20260818024845|954.48
1786992530|20260818024850|954.57
1786992535|20260818024855|954.56
1786992545|20260818024905|954.72
1786992550|20260818024910|954.73
1786992560|20260818024920|954.73
1786992580|20260818024940|954.75
1786992600|20260818025000|954.89
1786992605|20260818025005|954.93
1786992610|20260818025010|954.94
1786992620|20260818025020|955.02
1786992625|20260818025025|955.02
1786992635|20260818025035|955.04
1786992640|20260818025040|955.00
1786992665|20260818025105|954.82
1786992670|20260818025110|954.87
1786992675|20260818025115|954.86
1786992680|20260818025120|954.88
1786992695|20260818025135|955.02
1786992700|20260818025140|955.03
1786992705|20260818025145|955.00
1786992715|20260818025155|955.08
1786992725|20260818025205|955.18
1786992730|20260818025210|955.17
1786992735|20260818025215|955.17
1786992745|20260818025225|955.20
1786992760|20260818025240|955.17
1786992765|20260818025245|955.13
1786992770|20260818025250|955.16
1786992775|20260818025255|955.15
1786992785|20260818025305|955.17
1786992790|20260818025310|955.18
1786992800|20260818025320|955.19
1786992805|20260818025325|955.18
1786992815|20260818025335|955.15
1786992820|20260818025340|955.15
1786992825|20260818025345|955.13
1786992835|20260818025355|955.07
1786992845|20260818025405|955.11
1786992855|20260818025415|955.05
1786992860|20260818025420|955.07
1786992865|20260818025425|954.98
1786992900|20260818025500|955.05
1786992905|20260818025505|955.02
1786992910|20260818025510|955.05
1786992920|20260818025520|955.02
1786992925|20260818025525|955.04
1786992935|20260818025535|955.03
1786992940|20260818025540|955.06
1786992945|20260818025545|955.01
1786992950|20260818025550|955.05
1786992955|20260818025555|955.03
1786992965|20260818025605|955.07
1786992970|20260818025610|955.07
1786992975|20260818025615|955.04
1786992980|20260818025620|955.06
1786992995|20260818025635|955.05
1786993000|20260818025640|955.08
1786993005|20260818025645|955.06
1786993010|20260818025650|955.03
1786993015|20260818025655|955.05
1786993025|20260818025705|954.99
1786993030|20260818025710|955.06
1786993035|20260818025715|955.02
1786993040|20260818025720|954.96
1786993045|20260818025725|954.97
1786993055|20260818025735|954.90
1786993060|20260818025740|954.96
1786993065|20260818025745|955.00
1786993070|20260818025750|954.97
1786993075|20260818025755|954.95
1786993085|20260818025805|954.97
1786993090|20260818025810|954.98
1786993095|20260818025815|954.95
1786993100|20260818025820|954.96
1786993105|20260818025825|954.93
1786993115|20260818025835|954.96
1786993120|20260818025840|954.94
1786993125|20260818025845|954.96
1786993130|20260818025850|954.95
1786993135|20260818025855|954.94
1786993145|20260818025905|954.96
1786993150|20260818025910|955.01
1786993155|20260818025915|955.01
1786993160|20260818025920|955.01
1786993165|20260818025925|955.08
1786993205|20260818030005|955.11
1786993210|20260818030010|955.08
1786993215|20260818030015|955.02
1786993220|20260818030020|955.08
1786993225|20260818030025|955.14
1786993235|20260818030035|954.47
1786993240|20260818030040|954.62
1786993245|20260818030045|954.63
1786993250|20260818030050|954.73
1786993255|20260818030055|954.74
1786993265|20260818030105|954.78
1786993270|20260818030110|954.82
1786993275|20260818030115|954.78
1786993280|20260818030120|954.79
1786993285|20260818030125|954.78
1786993295|20260818030135|954.77
1786993300|20260818030140|954.77
1786993305|20260818030145|954.75
1786993310|20260818030150|954.62
1786993315|20260818030155|954.58
1786993325|20260818030205|954.58
1786993330|20260818030210|954.52
1786993335|20260818030215|954.58
1786993340|20260818030220|954.55
1786993345|20260818030225|954.57
1786993355|20260818030235|954.74
1786993360|20260818030240|954.67
1786993365|20260818030245|954.63
1786993370|20260818030250|954.55
1786993375|20260818030255|954.55
1786993385|20260818030305|954.41
1786993390|20260818030310|954.43
1786993395|20260818030315|954.41
1786993400|20260818030320|954.40
1786993405|20260818030325|954.43
1786993415|20260818030335|954.53
1786993420|20260818030340|954.48
1786993425|20260818030345|954.42
1786993435|20260818030355|954.44
1786993445|20260818030405|954.46
1786993450|20260818030410|954.55
1786993455|20260818030415|954.56
1786993460|20260818030420|954.54
1786993465|20260818030425|954.55
1786993500|20260818030500|954.43
1786993505|20260818030505|954.29
1786993510|20260818030510|954.23
1786993520|20260818030520|954.34
1786993525|20260818030525|954.32
1786993535|20260818030535|954.16
1786993540|20260818030540|954.17
1786993545|20260818030545|953.95
1786993550|20260818030550|953.93
1786993555|20260818030555|953.85
1786993560|20260818030600|953.77
1786993565|20260818030605|953.73
1786993570|20260818030610|953.77
1786993575|20260818030615|953.71
1786993580|20260818030620|953.67
1786993585|20260818030625|953.68
1786993595|20260818030635|953.73
1786993600|20260818030640|953.71
1786993620|20260818030700|953.82
1786993625|20260818030705|953.85
1786993630|20260818030710|953.78
1786993640|20260818030720|953.75
1786993645|20260818030725|953.79
1786993655|20260818030735|953.76
1786993660|20260818030740|953.78
1786993665|20260818030745|953.74
1786993670|20260818030750|953.74
1786993675|20260818030755|953.87
1786993680|20260818030800|953.93
1786993685|20260818030805|954.02
1786993690|20260818030810|954.04
1786993695|20260818030815|954.10
1786993700|20260818030820|954.19
1786993705|20260818030825|954.23
1786993720|20260818030840|954.21
1786993725|20260818030845|954.16
1786993730|20260818030850|954.17
1786993735|20260818030855|954.18
1786993745|20260818030905|954.16
1786993750|20260818030910|954.17
1786993755|20260818030915|954.17
1786993760|20260818030920|954.18
1786993765|20260818030925|954.20
1786993800|20260818031000|954.40
1786993805|20260818031005|954.39
1786993815|20260818031015|954.53
1786993820|20260818031020|954.48
1786993825|20260818031025|954.52
1786993840|20260818031040|954.48
1786993850|20260818031050|954.52
1786993865|20260818031105|954.57
1786993870|20260818031110|954.55
1786993880|20260818031120|954.59
1786993885|20260818031125|954.56
1786993895|20260818031135|954.63
1786993900|20260818031140|954.64
1786993905|20260818031145|954.66
1786993915|20260818031155|954.74
1786993925|20260818031205|954.80
1786993930|20260818031210|954.89
1786993935|20260818031215|954.91
1786993940|20260818031220|954.83
1786993945|20260818031225|954.81
1786993955|20260818031235|954.81
1786993960|20260818031240|954.82
1786993965|20260818031245|954.81
1786993970|20260818031250|954.80
1786993975|20260818031255|954.78
1786993990|20260818031310|954.77
1786993995|20260818031315|954.75
1786994000|20260818031320|954.74
1786994005|20260818031325|954.73
1786994015|20260818031335|954.81
1786994020|20260818031340|954.81
1786994030|20260818031350|954.80
1786994035|20260818031355|954.85
1786994045|20260818031405|955.06
1786994055|20260818031415|955.34
1786994060|20260818031420|955.39
1786994065|20260818031425|955.30
1786994110|20260818031510|955.59
1786994115|20260818031515|955.61
1786994120|20260818031520|956.01
1786994125|20260818031525|955.92
1786994140|20260818031540|955.90
1786994145|20260818031545|955.97
1786994150|20260818031550|955.98
1786994155|20260818031555|955.89
1786994170|20260818031610|956.08
1786994175|20260818031615|956.20
1786994180|20260818031620|956.15
1786994185|20260818031625|956.24
1786994195|20260818031635|956.46
1786994200|20260818031640|956.43
1786994205|20260818031645|956.45
1786994210|20260818031650|956.60
1786994215|20260818031655|956.59
1786994230|20260818031710|956.48
1786994240|20260818031720|956.56
1786994255|20260818031735|956.71
1786994260|20260818031740|956.73
1786994265|20260818031745|956.77
1786994275|20260818031755|956.70
1786994285|20260818031805|956.65
1786994290|20260818031810|956.66
1786994295|20260818031815|956.70
1786994300|20260818031820|956.69
1786994305|20260818031825|956.78
1786994320|20260818031840|956.66
1786994330|20260818031850|956.81
1786994345|20260818031905|956.97
1786994350|20260818031910|956.82
1786994355|20260818031915|956.91
1786994360|20260818031920|956.89
1786994365|20260818031925|956.93
1786994400|20260818032000|956.94
1786994405|20260818032005|956.97
1786994410|20260818032010|957.00
1786994415|20260818032015|957.07
1786994420|20260818032020|957.08
1786994425|20260818032025|956.98
1786994435|20260818032035|956.91
1786994440|20260818032040|956.94
1786994445|20260818032045|956.91
1786994450|20260818032050|956.95
1786994455|20260818032055|956.91
1786994465|20260818032105|956.89
1786994470|20260818032110|956.99
1786994480|20260818032120|956.95
1786994485|20260818032125|956.92
1786994500|20260818032140|957.02
1786994505|20260818032145|956.99
1786994510|20260818032150|956.93
1786994515|20260818032155|956.89
1786994520|20260818032200|957.02
1786994525|20260818032205|957.00
1786994530|20260818032210|957.02
1786994535|20260818032215|957.02
1786994540|20260818032220|957.01
1786994555|20260818032235|956.92
1786994560|20260818032240|956.98
1786994565|20260818032245|957.03
1786994570|20260818032250|957.03
1786994585|20260818032305|957.00
1786994590|20260818032310|957.15
1786994595|20260818032315|957.22
1786994600|20260818032320|957.18
1786994605|20260818032325|957.21
1786994615|20260818032335|957.16
1786994620|20260818032340|957.19
1786994625|20260818032345|957.22
1786994630|20260818032350|957.07
1786994635|20260818032355|957.01
1786994640|20260818032400|957.12
1786994645|20260818032405|957.12
1786994650|20260818032410|957.23
1786994655|20260818032415|957.24
1786994660|20260818032420|957.19
1786994665|20260818032425|957.12
1786994705|20260818032505|957.03
1786994710|20260818032510|957.10
1786994715|20260818032515|957.10
1786994720|20260818032520|957.11
1786994725|20260818032525|957.12
1786994735|20260818032535|957.16
1786994740|20260818032540|957.10
1786994745|20260818032545|957.07
1786994750|20260818032550|957.23
1786994755|20260818032555|957.31
1786994765|20260818032605|957.33
1786994770|20260818032610|957.34
1786994775|20260818032615|957.31
1786994780|20260818032620|957.26
1786994785|20260818032625|957.28
1786994795|20260818032635|957.30
1786994800|20260818032640|957.25
1786994805|20260818032645|957.20
1786994810|20260818032650|957.21
1786994815|20260818032655|957.21
1786994825|20260818032705|957.15
1786994830|20260818032710|957.19
1786994835|20260818032715|957.21
1786994840|20260818032720|957.05
1786994845|20260818032725|957.11
1786994855|20260818032735|957.03
1786994860|20260818032740|957.01
1786994865|20260818032745|957.10
1786994870|20260818032750|957.09
1786994875|20260818032755|957.11
1786994885|20260818032805|957.09
1786994890|20260818032810|957.10
1786994895|20260818032815|957.11
1786994900|20260818032820|957.11
1786994905|20260818032825|957.07
1786994925|20260818032845|957.01
1786994940|20260818032900|956.91
1786994945|20260818032905|956.88
1786994950|20260818032910|956.87
1786994955|20260818032915|956.88
1786994960|20260818032920|956.85
1786994965|20260818032925|956.86
1786995000|20260818033000|956.77
1786995010|20260818033010|956.79
1786995015|20260818033015|956.85
1786995020|20260818033020|956.86
1786995025|20260818033025|956.73
1786995035|20260818033035|956.85
1786995040|20260818033040|956.80
1786995045|20260818033045|956.79
1786995050|20260818033050|956.82
1786995055|20260818033055|956.88
1786995065|20260818033105|956.93
1786995075|20260818033115|957.13
1786995080|20260818033120|957.14
1786995085|20260818033125|957.14
1786995095|20260818033135|957.06
1786995105|20260818033145|956.98
1786995110|20260818033150|956.98
1786995115|20260818033155|956.97
1786995125|20260818033205|957.00
1786995130|20260818033210|956.94
1786995135|20260818033215|956.97
1786995140|20260818033220|956.97
1786995145|20260818033225|957.02
1786995155|20260818033235|957.00
1786995160|20260818033240|957.00
1786995165|20260818033245|957.00
1786995170|20260818033250|956.96
1786995175|20260818033255|956.89
1786995185|20260818033305|956.92
1786995190|20260818033310|956.86
1786995195|20260818033315|956.93
1786995200|20260818033320|956.93
1786995205|20260818033325|956.94
1786995220|20260818033340|956.92
1786995225|20260818033345|956.93
1786995230|20260818033350|956.93
1786995235|20260818033355|956.93
1786995240|20260818033400|956.96
1786995245|20260818033405|956.92
1786995255|20260818033415|956.94
1786995260|20260818033420|956.95
1786995265|20260818033425|956.93
1786995300|20260818033500|957.15
1786995305|20260818033505|957.16
1786995315|20260818033515|957.21
1786995320|20260818033520|957.23
1786995325|20260818033525|957.29
1786995335|20260818033535|957.30
1786995340|20260818033540|957.17
1786995345|20260818033545|957.12
1786995350|20260818033550|957.08
1786995355|20260818033555|957.10
1786995375|20260818033615|957.17
1786995380|20260818033620|957.15
1786995395|20260818033635|957.14
1786995400|20260818033640|957.00
1786995405|20260818033645|956.96
1786995410|20260818033650|956.96
1786995415|20260818033655|956.90
1786995425|20260818033705|956.91
1786995430|20260818033710|956.93
1786995435|20260818033715|957.03
1786995440|20260818033720|956.99
1786995445|20260818033725|957.01
1786995455|20260818033735|957.02
1786995465|20260818033745|957.13
1786995475|20260818033755|957.15
1786995485|20260818033805|957.10
1786995490|20260818033810|957.03
1786995495|20260818033815|957.02
1786995500|20260818033820|956.98
1786995505|20260818033825|957.05
1786995515|20260818033835|957.05
1786995520|20260818033840|957.07
1786995525|20260818033845|957.07
1786995530|20260818033850|957.08
1786995535|20260818033855|957.01
1786995540|20260818033900|957.02
1786995545|20260818033905|957.07
1786995550|20260818033910|957.08
1786995555|20260818033915|957.09
1786995560|20260818033920|957.11
1786995565|20260818033925|957.11
1786995600|20260818034000|957.16
1786995605|20260818034005|957.19
1786995610|20260818034010|957.18
1786995615|20260818034015|957.24
1786995620|20260818034020|957.22
1786995625|20260818034025|957.22
1786995635|20260818034035|957.20
1786995640|20260818034040|957.20
1786995645|20260818034045|957.18
1786995650|20260818034050|957.17
1786995655|20260818034055|957.11
1786995665|20260818034105|957.13
1786995670|20260818034110|957.12
1786995675|20260818034115|957.11
1786995695|20260818034135|957.11
1786995700|20260818034140|957.05
1786995710|20260818034150|957.11
1786995715|20260818034155|957.15
1786995730|20260818034210|957.22
1786995735|20260818034215|957.27
1786995740|20260818034220|957.32
1786995745|20260818034225|957.36
1786995755|20260818034235|957.41
1786995765|20260818034245|957.40
1786995770|20260818034250|957.40
1786995775|20260818034255|957.39
1786995795|20260818034315|957.46
1786995800|20260818034320|957.52
1786995805|20260818034325|957.54
1786995815|20260818034335|957.64
1786995825|20260818034345|957.62
1786995830|20260818034350|957.62
1786995835|20260818034355|957.64
1786995845|20260818034405|957.69
1786995850|20260818034410|957.74
1786995855|20260818034415|957.74
1786995860|20260818034420|957.99
1786995865|20260818034425|958.00
1786995900|20260818034500|957.78
1786995905|20260818034505|957.81
1786995915|20260818034515|957.67
1786995920|20260818034520|957.70
1786995925|20260818034525|957.68
1786995935|20260818034535|957.67
1786995940|20260818034540|957.67
1786995945|20260818034545|957.72
1786995950|20260818034550|957.70
1786996010|20260818034650|957.66
