1790697607|20260930000007|896.64
1790697892|20260930000452|895.35
1790697902|20260930000502|895.44
1790698027|20260930000707|894.94
1790698350|20260930001230|895.58
1790698482|20260930001442|894.86
1790698563|20260930001603|895.28
1790698733|20260930001853|894.69
1790698929|20260930002209|894.65
1790699048|20260930002408|895.32
1790699109|20260930002509|895.16
1790699332|20260930002852|895.71
1790699412|20260930003012|895.60
1790699431|20260930003031|895.26
1790699810|20260930003650|895.82
1790699965|20260930003925|895.07
1790700003|20260930004003|895.38
1790700292|20260930004452|894.34
1790700346|20260930004546|893.72
1790700540|20260930004900|894.58
1790700696|20260930005136|895.02
1790700898|20260930005458|894.21
1790700901|20260930005501|894.32
1790701011|20260930005651|893.70
1790701392|20260930010312|893.69
1790701499|20260930010459|894.35
1790701577|20260930010617|894.40
1790701737|20260930010857|893.63
1790701801|20260930011001|893.89
1790701966|20260930011246|894.45
1790702202|20260930011642|894.05
1790702375|20260930011935|894.59
1790702464|20260930012104|893.99
1790702601|20260930012321|894.57
1790702961|20260930012921|894.06
1790702996|20260930012956|894.52
1790703069|20260930013109|894.63
1790703255|20260930013415|894.15
1790703326|20260930013526|894.43
1790703554|20260930013914|893.76
1790703708|20260930014148|893.52
1790703889|20260930014449|893.94
1790703976|20260930014616|894.26
1790704028|20260930014708|893.45
1790704267|20260930015107|894.10
1790704488|20260930015448|893.29
1790704710|20260930015830|893.21
1790704778|20260930015938|893.59
1790704800|20260930020000|893.57
1790705096|20260930020456|897.80
1790705220|20260930020700|897.90
1790705398|20260930020958|896.26
1790705405|20260930021005|896.22
1790705632|20260930021352|898.71
1790705786|20260930021626|899.16
1790705993|20260930021953|898.30
1790706193|20260930022313|898.87
1790706299|20260930022459|897.69
1790706313|20260930022513|897.58
1790706536|20260930022856|898.87
1790706619|20260930023019|898.86
1790706832|20260930023352|897.09
1790706937|20260930023537|897.87
1790707192|20260930023952|900.40
1790707215|20260930024015|900.44
1790707455|20260930024415|899.08
1790707501|20260930024501|899.31
1790707791|20260930024951|898.13
1790707848|20260930025048|898.04
1790708001|20260930025321|899.43
1790708132|20260930025532|898.76
1790708354|20260930025914|899.59
1790708556|20260930030236|899.19
1790708691|20260930030451|899.88
1790708920|20260930030840|899.77
1790708981|20260930030941|899.17
1790709003|20260930031003|899.30
1790709177|20260930031257|898.72
1790709334|20260930031534|898.75
1790709540|20260930031900|899.33
1790709703|20260930032143|899.51
1790709898|20260930032458|899.02
1790710013|20260930032653|898.87
1790710194|20260930032954|899.52
1790710202|20260930033002|899.51
1790710426|20260930033346|899.08
1790710539|20260930033539|899.31
1790710762|20260930033922|900.03
1790710800|20260930034000|899.76
1790710951|20260930034231|899.24
1790711100|20260930034500|899.73
1790711160|20260930034600|899.25
1790711460|20260930035100|899.17
1790711684|20260930035444|900.26
1790711881|20260930035801|899.81
1790711995|20260930035955|900.76
1790712000|20260930040000|900.77
1790712123|20260930040203|899.96
1790712338|20260930040538|900.02
1790712588|20260930040948|900.48
1790712600|20260930041000|900.44
1790712897|20260930041457|899.67
1790712988|20260930041628|899.53
1790713137|20260930041857|900.05
1790713213|20260930042013|899.86
1790713379|20260930042259|900.34
1790713510|20260930042510|900.03
1790713751|20260930042911|900.55
1790713855|20260930043055|900.29
1790714043|20260930043403|901.09
1790714128|20260930043528|900.83
1790714372|20260930043932|901.65
1790714402|20260930044002|901.56
1790714605|20260930044325|902.34
1790714718|20260930044518|902.47
1790714993|20260930044953|901.75
1790715001|20260930045001|901.76
1790715242|20260930045402|901.19
1790715310|20260930045510|901.38
1790715553|20260930045913|901.93
1790719213|20260930060013|902.28
1790719335|20260930060215|901.96
1790719504|20260930060504|902.08
1790719507|20260930060507|901.54
1790719887|20260930061127|902.00
1790720033|20260930061353|901.59
1790720347|20260930061907|901.50
1790720387|20260930061947|901.72
1790720463|20260930062103|901.62
1790720487|20260930062127|901.85
1790720832|20260930062712|901.88
1790720984|20260930062944|901.29
1790721005|20260930063005|901.37
1790721299|20260930063459|901.06
1790721302|20260930063502|901.11
1790721365|20260930063605|900.63
1790721651|20260930064051|900.83
1790721746|20260930064226|901.03
1790721909|20260930064509|900.79
1790722099|20260930064819|901.04
1790722401|20260930065321|900.81
1790722491|20260930065451|901.15
1790722584|20260930065624|901.34
1790722793|20260930065953|901.04
1790722800|20260930070000|901.08
1790723002|20260930070322|901.50
1790723100|20260930070500|901.25
1790723220|20260930070700|901.59
1790723419|20260930071019|901.41
1790723682|20260930071442|901.79
1790723700|20260930071500|901.77
1790723889|20260930071809|902.12
1790724040|20260930072040|901.92
1790724188|20260930072308|901.32
1790724415|20260930072655|901.43
1790724500|20260930072820|901.73
1790724606|20260930073006|901.52
1790724768|20260930073248|901.05
1790724932|20260930073532|901.34
1790725157|20260930073917|901.14
1790725260|20260930074100|901.14
1790725326|20260930074206|901.47
1790725502|20260930074502|901.34
1790725787|20260930074947|902.49
1790725990|20260930075310|902.16
1790726093|20260930075453|902.91
1790726157|20260930075557|902.97
1790726389|20260930075949|902.34
1790726450|20260930080050|902.91
1790726648|20260930080408|901.92
1790726717|20260930080517|901.99
1790726869|20260930080749|902.49
1790727207|20260930081327|902.60
1790727278|20260930081438|902.12
1790727310|20260930081510|902.46
1790727482|20260930081802|901.65
1790727710|20260930082150|902.24
1790727752|20260930082232|901.62
1790727908|20260930082508|901.64
1790728161|20260930082921|902.06
