1791216000|20261006000000|892.44
1791216241|20261006000401|891.40
1791216445|20261006000725|891.30
1791216599|20261006000959|891.76
1791216672|20261006001112|891.82
1791216836|20261006001356|890.87
1791216901|20261006001501|891.04
1791216967|20261006001607|890.39
1791217285|20261006002125|890.54
1791217465|20261006002425|891.00
1791217512|20261006002512|890.86
1791217657|20261006002737|890.24
1791217826|20261006003026|890.45
1791218068|20261006003428|891.00
1791218296|20261006003816|890.65
1791218388|20261006003948|891.16
1791218534|20261006004214|890.80
1791218698|20261006004458|891.26
1791218701|20261006004501|891.24
1791218823|20261006004703|890.69
1791219025|20261006005025|890.74
1791219183|20261006005303|891.47
1791219397|20261006005637|891.49
1791219573|20261006005933|890.99
1791219707|20261006010147|891.44
1791219799|20261006010319|890.84
1791219998|20261006010638|891.13
1791220189|20261006010949|890.48
1791220266|20261006011106|890.02
1791220496|20261006011456|890.71
1791220531|20261006011531|891.07
1791220723|20261006011843|890.13
1791220803|20261006012003|890.42
1791221038|20261006012358|891.21
1791221136|20261006012536|891.22
1791221344|20261006012904|890.69
1791221409|20261006013009|891.17
1791221590|20261006013310|890.57
1791221835|20261006013715|890.42
1791221975|20261006013935|891.04
1791222038|20261006014038|890.89
1791222201|20261006014321|891.67
1791222378|20261006014618|891.30
1791222595|20261006014955|891.86
1791222602|20261006015002|891.84
1791222759|20261006015239|892.42
1791223000|20261006015640|892.13
1791223065|20261006015745|892.44
1791223201|20261006020001|892.44
1791223452|20261006020412|893.22
1791223549|20261006020549|893.49
1791223785|20261006020945|892.92
1791223803|20261006021003|893.01
1791223967|20261006021247|892.17
1791224178|20261006021618|892.16
1791224342|20261006021902|892.53
1791224401|20261006022001|892.28
1791224669|20261006022429|891.78
1791224822|20261006022702|891.76
1791224927|20261006022847|892.84
1791225081|20261006023121|893.09
1791225232|20261006023352|892.26
1791225358|20261006023558|892.84
1791225518|20261006023838|892.28
1791225605|20261006024005|892.40
1791225785|20261006024305|892.92
1791225905|20261006024505|892.61
1791226187|20261006024947|893.25
1791226252|20261006025052|893.00
1791226454|20261006025414|893.58
1791226582|20261006025622|893.38
1791226699|20261006025819|893.79
1791226859|20261006030059|893.95
1791226956|20261006030236|893.49
1791227122|20261006030522|893.81
1791227358|20261006030918|893.07
1791227416|20261006031016|893.14
1791227662|20261006031422|893.65
1791227700|20261006031500|893.53
1791227848|20261006031728|893.01
1791228082|20261006032122|893.17
1791228210|20261006032330|893.46
1791228312|20261006032512|893.36
1791228535|20261006032855|893.83
1791228633|20261006033033|893.55
1791228857|20261006033417|894.01
1791228909|20261006033509|893.97
1791228969|20261006033609|893.58
1791229266|20261006034106|894.02
1791229449|20261006034409|893.61
1791229519|20261006034519|893.70
1791229722|20261006034842|893.34
1791229802|20261006035002|893.48
1791229999|20261006035319|893.03
1791230106|20261006035506|892.88
1791230318|20261006035838|893.43
1791230440|20261006040040|893.42
1791230619|20261006040339|892.60
1791230770|20261006040610|892.68
1791230964|20261006040924|893.03
1791231037|20261006041037|892.79
1791231118|20261006041158|892.99
1791231320|20261006041520|892.80
1791231348|20261006041548|893.03
1791231610|20261006042010|892.85
1791231729|20261006042209|893.54
1791232086|20261006042806|893.22
1791232161|20261006042921|893.52
1791232203|20261006043003|893.36
1791232492|20261006043452|892.96
1791232511|20261006043511|893.10
1791232581|20261006043621|892.86
1791232808|20261006044008|892.98
1791232851|20261006044051|893.28
1791233109|20261006044509|893.14
1791233340|20261006044900|893.85
1791233411|20261006045011|893.74
1791233681|20261006045441|893.37
1791233708|20261006045508|893.62
1791233941|20261006045901|893.20
1791237652|20261006060052|895.05
1791237705|20261006060145|893.52
1791237972|20261006060612|894.11
1791238153|20261006060913|893.71
1791238200|20261006061000|893.87
1791238303|20261006061143|893.55
1791238506|20261006061506|893.70
1791238711|20261006061831|893.94
1791238880|20261006062120|893.60
1791239084|20261006062444|893.91
1791239141|20261006062541|893.89
1791239282|20261006062802|893.66
1791239402|20261006063002|893.75
1791239565|20261006063245|894.08
1791239781|20261006063621|893.95
1791239873|20261006063753|894.14
1791240002|20261006064002|894.05
1791240091|20261006064131|894.31
1791240302|20261006064502|894.03
1791240422|20261006064702|893.47
1791240607|20261006065007|893.58
1791240812|20261006065332|893.36
1791240904|20261006065504|893.51
1791241118|20261006065838|893.31
1791241213|20261006070013|893.56
1791241406|20261006070326|893.18
1791241547|20261006070547|893.32
1791241657|20261006070737|892.90
1791241803|20261006071003|893.03
1791242056|20261006071416|892.78
1791242221|20261006071701|892.70
1791242383|20261006071943|893.09
1791242401|20261006072001|892.99
1791242694|20261006072454|893.33
1791242773|20261006072613|893.36
1791242853|20261006072733|893.01
1791243088|20261006073128|892.83
1791243225|20261006073345|893.25
1791243342|20261006073542|893.31
1791243528|20261006073848|892.80
1791243620|20261006074020|892.94
1791243876|20261006074436|892.45
1791243945|20261006074545|892.53
1791244166|20261006074926|892.05
1791244255|20261006075055|891.77
1791244496|20261006075456|892.11
1791244537|20261006075537|892.19
1791244726|20261006075846|891.79
1791244804|20261006080004|891.87
1791244947|20261006080227|892.59
1791245144|20261006080544|892.10
1791245208|20261006080648|891.67
1791245427|20261006081027|891.74
1791245597|20261006081317|892.38
1791245776|20261006081616|892.19
1791245971|20261006081931|893.43
1791246039|20261006082039|892.80
1791246224|20261006082344|893.43
1791246357|20261006082557|893.15
1791246498|20261006082818|893.48
1791246640|20261006083040|892.74
1791246816|20261006083336|894.20
1791246923|20261006083523|893.68
1791247080|20261006083800|892.28
1791247387|20261006084307|892.23
1791247454|20261006084414|892.79
1791247505|20261006084505|892.76
1791247781|20261006084941|894.39
1791247819|20261006085019|894.12
1791248021|20261006085341|894.59
1791248190|20261006085630|894.07
1791248399|20261006085959|895.58
1791248432|20261006090032|895.74
1791248649|20261006090409|894.48
1791248734|20261006090534|894.55
1791248989|20261006090949|895.71
1791249050|20261006091050|895.76
1791249213|20261006091333|895.00
1791249300|20261006091500|895.20
1791249599|20261006091959|893.38
1791249615|20261006092015|893.63
1791249893|20261006092453|892.91
1791249907|20261006092507|893.06
1791249986|20261006092626|892.20
1791250282|20261006093122|891.83
1791250388|20261006093308|892.78
1791250636|20261006093716|892.65
1791250750|20261006093910|891.76
1791250800|20261006094000|891.98
1791250858|20261006094058|891.21
1791251152|20261006094552|891.77
1791251226|20261006094706|891.18
1791251493|20261006095133|891.75
1791251698|20261006095458|890.91
1791251723|20261006095523|890.76
1791251823|20261006095703|891.37
1791252038|20261006100038|891.19
1791252294|20261006100454|890.66
1791252314|20261006100514|890.64
1791252544|20261006100904|891.14
1791252753|20261006101233|890.52
1791252898|20261006101458|891.16
1791253091|20261006101811|891.31
1791253145|20261006101905|890.75
1791253249|20261006102049|891.12
1791253350|20261006102230|890.46
1791253559|20261006102559|890.69
1791253787|20261006102947|890.22
1791253954|20261006103234|890.52
1791254091|20261006103451|889.26
1791254121|20261006103521|885.64
1791254302|20261006103822|890.04
1791254440|20261006104040|888.98
1791254550|20261006104230|889.52
1791254828|20261006104708|888.98
1791254993|20261006104953|890.68
1791255002|20261006105002|890.50
1791255224|20261006105344|892.87
1791255322|20261006105522|892.64
1791255573|20261006105933|890.80
1791255611|20261006110011|890.84
1791255795|20261006110315|891.65
1791255906|20261006110506|891.59
1791256147|20261006110907|890.81
1791256291|20261006111131|891.06
1791256495|20261006111455|890.65
1791256522|20261006111522|890.29
1791256769|20261006111929|890.90
1791256800|20261006112000|890.53
1791257047|20261006112407|891.13
1791257104|20261006112504|890.89
1791257324|20261006112844|890.18
1791257406|20261006113006|890.52
1791257696|20261006113456|889.82
1791257700|20261006113500|889.84
1791257939|20261006113859|890.57
1791258036|20261006114036|889.72
1791258275|20261006114435|891.77
1791258400|20261006114640|891.48
1791258510|20261006114830|890.60
1791258615|20261006115015|891.42
1791258899|20261006115459|889.84
1791258900|20261006115500|889.85
1791259197|20261006115957|890.69
1791259327|20261006120207|890.41
1791259477|20261006120437|891.14
1791259626|20261006120706|890.78
1791259759|20261006120919|891.20
1791259805|20261006121005|891.08
1791259950|20261006121230|890.12
1791260199|20261006121639|890.07
1791260397|20261006121957|890.44
1791260589|20261006122309|890.69
1791260655|20261006122415|890.15
1791260717|20261006122517|890.47
1791260926|20261006122846|890.09
1791261059|20261006123059|890.59
1791261299|20261006123459|890.04
1791261409|20261006123649|890.45
1791261596|20261006123956|889.61
1791261694|20261006124134|889.65
1791261771|20261006124251|888.99
1791262119|20261006124839|889.32
1791262164|20261006124924|888.96
1791262348|20261006125228|888.89
1791262498|20261006125458|889.80
1791262501|20261006125501|889.78
1791262659|20261006125739|889.11
1791262805|20261006130005|889.08
1791262935|20261006130215|889.84
1791263139|20261006130539|889.81
1791263323|20261006130843|889.14
1791263480|20261006131120|888.97
1791263626|20261006131346|889.49
1791263705|20261006131505|889.12
1791263835|20261006131715|890.12
1791264119|20261006132159|889.80
1791264187|20261006132307|889.39
1791264337|20261006132537|889.69
1791264459|20261006132739|888.94
1791264642|20261006133042|888.89
1791264878|20261006133438|889.78
1791265012|20261006133652|889.89
1791265197|20261006133957|889.21
1791265301|20261006134141|889.16
1791265306|20261006134146|889.47
1791265535|20261006134535|889.14
1791265667|20261006134747|889.49
1791265929|20261006135209|889.43
1791266099|20261006135459|888.84
1791266188|20261006135628|889.06
1791266290|20261006135810|888.17
1791266416|20261006140016|888.89
1791266584|20261006140304|887.43
1791266794|20261006140634|888.13
1791266998|20261006140958|889.00
1791267079|20261006141119|888.64
1791267219|20261006141339|889.57
1791267300|20261006141500|889.42
1791267557|20261006141917|890.74
1791267631|20261006142031|890.27
1791267897|20261006142457|891.26
1791267914|20261006142514|890.86
1791268091|20261006142811|891.94
1791268222|20261006143022|892.11
1791268486|20261006143446|891.17
1791268638|20261006143718|890.86
1791268768|20261006143928|891.53
1791268822|20261006144022|891.40
1791268914|20261006144154|890.98
1791269108|20261006144508|891.07
1791269185|20261006144625|892.00
1791269487|20261006145127|891.66
1791269565|20261006145245|891.03
1791269787|20261006145627|891.67
1791269852|20261006145732|891.09
1791270080|20261006150120|890.93
1791270209|20261006150329|891.92
1791270391|20261006150631|891.91
1791270523|20261006150843|890.78
1791270685|20261006151125|890.62
1791270899|20261006151459|892.65
1791270901|20261006151501|892.62
1791271010|20261006151650|893.76
1791271262|20261006152102|893.08
1791271416|20261006152336|892.48
1791271518|20261006152518|892.89
1791271798|20261006152958|892.11
1791271916|20261006153156|891.68
1791272022|20261006153342|893.07
1791272144|20261006153544|892.60
1791272301|20261006153821|892.12
1791272622|20261006154342|892.32
1791272680|20261006154440|892.89
1791272711|20261006154511|892.70
1791272830|20261006154710|893.48
1791273125|20261006155205|892.56
1791273268|20261006155428|893.36
1791273377|20261006155617|893.51
1791273568|20261006155928|893.01
1791273600|20261006160000|893.13
1791273841|20261006160401|893.97
1791273995|20261006160635|893.83
1791274145|20261006160905|892.75
1791274367|20261006161247|892.69
1791274487|20261006161447|893.49
1791274503|20261006161503|893.15
1791274569|20261006161609|894.06
1791274854|20261006162054|893.32
1791274989|20261006162309|894.35
1791275101|20261006162501|894.15
1791275327|20261006162847|894.69
1791275523|20261006163203|895.26
1791275658|20261006163418|894.27
1791275702|20261006163502|894.48
1791275836|20261006163716|895.37
1791276031|20261006164031|894.77
1791276286|20261006164446|896.14
1791276369|20261006164609|896.21
1791276591|20261006164951|895.39
1791276603|20261006165003|895.48
1791276708|20261006165148|896.17
1791276970|20261006165610|895.53
1791277169|20261006165929|896.51
1791277383|20261006170303|896.66
1791277456|20261006170416|896.06
1791277500|20261006170500|896.17
1791277733|20261006170853|895.69
1791277920|20261006171200|896.16
1791278089|20261006171449|895.33
1791278108|20261006171508|895.30
1791278324|20261006171844|896.69
1791278484|20261006172124|896.95
1791278597|20261006172317|896.41
1791278706|20261006172506|896.49
1791278996|20261006172956|896.87
1791279046|20261006173046|896.49
1791279274|20261006173434|897.06
1791279302|20261006173502|896.85
1791279443|20261006173723|896.30
1791279711|20261006174151|896.73
1791279851|20261006174411|896.07
1791280037|20261006174717|895.88
1791280188|20261006174948|896.21
1791280314|20261006175154|896.21
1791280466|20261006175426|895.67
1791280657|20261006175737|895.51
1791280778|20261006175938|895.94
1791280818|20261006180018|895.75
1791280986|20261006180306|896.08
1791281119|20261006180519|895.44
1791281181|20261006180621|895.90
1791281536|20261006181216|895.48
1791281625|20261006181345|895.84
1791281778|20261006181618|895.77
1791281888|20261006181808|895.09
1791282015|20261006182015|895.45
1791282272|20261006182432|896.16
1791282371|20261006182611|895.73
1791282515|20261006182835|896.31
