1789574400|20260917000000|938.56
1789574678|20260917000438|937.55
1789574844|20260917000724|937.19
1789574994|20260917000954|937.89
1789575168|20260917001248|937.60
1789575239|20260917001359|938.19
1789575357|20260917001557|938.40
1789575585|20260917001945|937.73
1789575621|20260917002021|937.96
1789575800|20260917002320|937.21
1789575966|20260917002606|937.57
1789576126|20260917002846|936.71
1789576264|20260917003104|936.89
1789576454|20260917003414|937.55
1789576521|20260917003521|937.61
1789576711|20260917003831|936.97
1789576868|20260917004108|937.57
1789576988|20260917004308|937.24
1789577299|20260917004819|937.63
1789577399|20260917004959|937.13
1789577400|20260917005000|937.10
1789577517|20260917005157|936.60
1789577758|20260917005558|937.40
1789577811|20260917005651|936.96
1789578013|20260917010013|937.26
1789578130|20260917010210|936.47
1789578368|20260917010608|937.05
1789578500|20260917010820|936.44
1789578726|20260917011206|936.16
1789578896|20260917011456|936.62
1789578909|20260917011509|936.43
1789579169|20260917011929|936.91
1789579210|20260917012010|936.88
1789579390|20260917012310|936.31
1789579508|20260917012508|936.70
1789579662|20260917012742|937.41
1789579901|20260917013141|937.13
1789580020|20260917013340|937.95
1789580117|20260917013517|937.79
1789580397|20260917013957|936.54
1789580409|20260917014009|936.55
1789580578|20260917014258|936.92
1789580884|20260917014804|936.36
1789580936|20260917014856|936.89
1789581071|20260917015111|936.70
1789581244|20260917015404|937.99
1789581362|20260917015602|937.43
1789581597|20260917015957|941.29
1789581611|20260917020011|941.40
1789581737|20260917020217|930.17
1789581900|20260917020500|932.13
1789582099|20260917020819|937.10
1789582216|20260917021016|934.63
1789582394|20260917021314|929.07
1789582631|20260917021711|928.74
1789582793|20260917021953|931.23
1789582878|20260917022118|932.52
1789582992|20260917022312|930.37
1789583295|20260917022815|930.06
1789583391|20260917022951|931.97
1789583409|20260917023009|932.46
1789583681|20260917023441|923.20
1789583863|20260917023743|919.91
1789583975|20260917023935|925.51
1789584076|20260917024116|924.75
1789584270|20260917024430|929.87
1789584321|20260917024521|929.41
1789584569|20260917024929|925.88
1789584629|20260917025029|926.66
1789584889|20260917025449|919.87
1789584946|20260917025546|921.60
1789585052|20260917025732|918.57
1789585202|20260917030002|918.96
1789585439|20260917030359|924.72
1789585510|20260917030510|921.83
1789585790|20260917030950|916.84
1789585853|20260917031053|913.54
1789586099|20260917031459|917.46
1789586136|20260917031536|918.35
1789586370|20260917031930|914.80
1789586463|20260917032103|915.76
1789586632|20260917032352|917.33
1789586722|20260917032522|918.21
1789586842|20260917032722|914.51
1789587006|20260917033006|917.48
1789587292|20260917033452|919.69
1789587315|20260917033515|920.06
1789587410|20260917033650|918.14
1789587610|20260917034010|919.21
1789587692|20260917034132|921.20
1789587914|20260917034514|920.00
1789588190|20260917034950|921.47
1789588267|20260917035107|922.44
1789588456|20260917035416|920.60
1789588521|20260917035521|921.94
1789588673|20260917035753|920.83
1789588911|20260917040151|920.60
1789588984|20260917040304|921.87
1789589120|20260917040520|921.45
1789589372|20260917040932|920.24
1789589409|20260917041009|920.55
1789589524|20260917041204|919.74
1789589776|20260917041616|919.69
1789589930|20260917041850|920.72
1789590002|20260917042002|920.40
1789590292|20260917042452|919.10
1789590313|20260917042513|919.28
1789590513|20260917042833|918.41
1789590642|20260917043042|918.56
1789590722|20260917043202|919.39
1789590976|20260917043616|918.83
1789591091|20260917043811|919.97
1789591277|20260917044117|920.06
1789591424|20260917044344|919.35
1789591507|20260917044507|919.41
1789591773|20260917044933|920.30
1789591803|20260917045003|920.19
1789592053|20260917045413|919.11
1789592203|20260917045643|919.40
1789592354|20260917045914|919.85
1789596009|20260917060009|919.71
1789596287|20260917060447|918.79
1789596317|20260917060517|918.68
1789596375|20260917060615|919.52
1789596820|20260917061340|919.34
1789596899|20260917061459|918.77
1789597015|20260917061655|918.39
1789597163|20260917061923|918.90
1789597203|20260917062003|918.83
1789597387|20260917062307|919.40
1789597506|20260917062506|919.11
1789597618|20260917062658|919.66
1789597800|20260917063000|919.31
1789598096|20260917063456|921.14
1789598103|20260917063503|920.90
1789598337|20260917063857|922.42
1789598401|20260917064001|922.19
1789598601|20260917064321|921.72
1789598704|20260917064504|921.91
1789598990|20260917064950|921.15
1789599002|20260917065002|921.15
1789599225|20260917065345|920.13
1789599401|20260917065641|920.25
1789599537|20260917065857|921.33
1789599716|20260917070156|920.59
1789599836|20260917070356|919.42
1789599908|20260917070508|920.20
1789600075|20260917070755|918.71
1789600306|20260917071146|920.37
1789600354|20260917071234|919.21
1789600555|20260917071555|919.36
1789600724|20260917071844|921.20
1789600801|20260917072001|920.81
1789601033|20260917072353|921.77
1789601190|20260917072630|921.04
1789601340|20260917072900|921.50
1789601413|20260917073013|921.79
1789601549|20260917073229|921.30
1789601832|20260917073712|920.76
1789601971|20260917073931|921.46
1789602042|20260917074042|920.91
1789602285|20260917074445|921.98
1789602323|20260917074523|921.44
1789602578|20260917074938|922.28
1789602622|20260917075022|922.23
1789602888|20260917075448|921.39
1789602977|20260917075617|921.91
1789603179|20260917075939|921.40
1789603208|20260917080008|921.53
1789603318|20260917080158|920.30
1789603506|20260917080506|920.81
1789603790|20260917080950|922.72
1789603801|20260917081001|922.72
1789604088|20260917081448|924.69
1789604163|20260917081603|924.60
1789604355|20260917081915|923.55
1789604403|20260917082003|924.14
1789604464|20260917082104|925.22
1789604869|20260917082749|924.70
1789604942|20260917082902|923.99
1789605071|20260917083111|923.81
1789605237|20260917083357|925.13
1789605407|20260917083647|924.08
1789605509|20260917083829|925.15
1789605608|20260917084008|924.76
1789605780|20260917084300|925.86
1789605942|20260917084542|925.20
1789606148|20260917084908|924.17
1789606205|20260917085005|924.35
1789606454|20260917085414|922.95
1789606738|20260917085858|922.62
1789606745|20260917085905|923.60
1789606801|20260917090001|923.08
1789607087|20260917090447|927.15
1789607111|20260917090511|926.85
1789607286|20260917090806|929.70
1789607400|20260917091000|928.30
1789607594|20260917091314|926.42
1789607703|20260917091503|927.17
1789607952|20260917091912|928.98
1789608011|20260917092011|927.85
1789608297|20260917092457|929.81
1789608355|20260917092555|930.26
1789608522|20260917092842|929.30
1789608646|20260917093046|929.52
1789608767|20260917093247|930.97
1789609009|20260917093649|931.79
1789609196|20260917093956|930.29
1789609250|20260917094050|930.74
1789609324|20260917094204|929.89
1789609569|20260917094609|929.44
1789609747|20260917094907|930.54
1789609831|20260917095031|930.39
1789610074|20260917095434|929.02
1789610100|20260917095500|929.16
1789610368|20260917095928|927.49
1789610498|20260917100138|928.05
1789610683|20260917100443|927.28
1789610715|20260917100515|927.68
1789610963|20260917100923|924.62
1789611058|20260917101058|925.41
1789611186|20260917101306|923.76
1789611392|20260917101632|924.98
1789611583|20260917101943|926.09
1789611682|20260917102122|926.20
1789611881|20260917102441|925.66
1789611965|20260917102605|926.06
1789612149|20260917102909|925.55
1789612204|20260917103004|926.04
1789612493|20260917103453|924.34
1789612640|20260917103720|924.68
1789612799|20260917103959|923.96
1789612824|20260917104024|923.61
1789613017|20260917104337|925.53
1789613110|20260917104510|925.23
1789613385|20260917104945|923.93
1789613400|20260917105000|924.15
1789613691|20260917105451|922.28
1789613710|20260917105510|922.14
1789613884|20260917105804|923.53
1789614118|20260917110158|922.68
1789614297|20260917110457|923.93
1789614331|20260917110531|923.52
1789614489|20260917110809|924.65
1789614641|20260917111041|924.48
1789614718|20260917111158|923.81
1789615016|20260917111656|924.02
1789615168|20260917111928|924.78
1789615202|20260917112002|924.69
1789615368|20260917112248|923.95
1789615579|20260917112619|924.70
1789615642|20260917112722|924.34
1789615804|20260917113004|924.49
1789616019|20260917113339|925.85
1789616184|20260917113624|925.33
1789616321|20260917113841|925.97
1789616456|20260917114056|925.68
1789616656|20260917114416|926.70
1789616833|20260917114713|926.76
1789616880|20260917114800|926.13
1789617095|20260917115135|926.21
1789617281|20260917115441|926.75
1789617357|20260917115557|926.47
1789617460|20260917115740|926.85
1789617601|20260917120001|926.58
1789617791|20260917120311|926.09
1789618029|20260917120709|925.95
1789618176|20260917120936|926.75
1789618200|20260917121000|926.67
1789618375|20260917121255|926.01
1789618613|20260917121653|926.25
1789618635|20260917121715|925.91
1789618819|20260917122019|925.84
1789618922|20260917122202|926.51
1789619118|20260917122518|926.13
1789619193|20260917122633|925.51
1789619427|20260917123027|925.35
1789619525|20260917123205|925.94
1789619700|20260917123500|925.53
1789619846|20260917123726|926.65
1789620069|20260917124109|925.95
1789620209|20260917124329|926.63
1789620305|20260917124505|926.43
1789620394|20260917124634|927.18
1789620694|20260917125134|926.44
1789620752|20260917125232|927.17
1789620951|20260917125551|926.50
1789621048|20260917125728|927.11
1789621205|20260917130005|926.75
1789621382|20260917130302|927.19
1789621636|20260917130716|927.01
1789621704|20260917130824|926.67
1789621803|20260917131003|926.87
1789622099|20260917131459|926.17
1789622100|20260917131500|926.20
1789622388|20260917131948|925.02
1789622400|20260917132000|924.99
1789622669|20260917132429|924.39
1789622722|20260917132522|924.55
1789622921|20260917132841|924.88
1789623002|20260917133002|924.50
1789623278|20260917133438|926.78
1789623429|20260917133709|925.89
1789623530|20260917133850|926.85
1789623706|20260917134146|926.25
1789623875|20260917134435|927.02
1789623974|20260917134614|926.58
1789624099|20260917134819|927.27
1789624200|20260917135000|926.93
1789624489|20260917135449|928.05
1789624582|20260917135622|928.43
1789624661|20260917135741|927.84
1789624800|20260917140000|928.23
1789625045|20260917140405|929.16
1789625112|20260917140512|928.56
1789625337|20260917140857|929.55
1789625622|20260917141342|929.16
1789625696|20260917141456|929.92
1789625703|20260917141503|929.89
1789625858|20260917141738|928.32
1789626151|20260917142231|929.10
1789626238|20260917142358|928.46
1789626377|20260917142617|928.78
1789626598|20260917142958|930.06
1789626609|20260917143009|929.66
1789626729|20260917143209|930.54
1789626901|20260917143501|930.06
1789627186|20260917143946|928.54
1789627202|20260917144002|928.62
1789627422|20260917144342|929.24
1789627651|20260917144731|928.88
1789627764|20260917144924|929.86
1789627900|20260917145140|928.73
1789628057|20260917145417|929.63
1789628166|20260917145606|929.13
1789628204|20260917145644|929.72
1789628414|20260917150014|929.35
1789628518|20260917150158|930.25
1789628700|20260917150500|929.88
1789628871|20260917150751|930.77
1789629000|20260917151000|930.51
1789629294|20260917151454|932.41
1789629302|20260917151502|932.28
1789629464|20260917151744|933.67
1789629726|20260917152206|931.57
1789629872|20260917152432|932.74
1789629986|20260917152626|932.53
1789630196|20260917152956|933.77
1789630205|20260917153005|933.61
1789630404|20260917153324|934.79
1789630553|20260917153553|933.69
1789630768|20260917153928|934.73
1789630805|20260917154005|934.86
1789630944|20260917154224|933.62
