1787587205|20260825000005|1004.67
1787587210|20260825000010|1004.29
1787587225|20260825000025|1004.82
1787587235|20260825000035|1004.98
1787587240|20260825000040|1005.02
1787587245|20260825000045|1004.70
1787587250|20260825000050|1004.46
1787587255|20260825000055|1004.43
1787587265|20260825000105|1004.51
1787587270|20260825000110|1004.51
1787587275|20260825000115|1004.42
1787587280|20260825000120|1004.56
1787587285|20260825000125|1004.81
1787587295|20260825000135|1004.94
1787587300|20260825000140|1005.27
1787587305|20260825000145|1005.97
1787587310|20260825000150|1006.46
1787587315|20260825000155|1005.96
1787587320|20260825000200|1005.84
1787587325|20260825000205|1005.92
1787587330|20260825000210|1005.70
1787587335|20260825000215|1005.83
1787587340|20260825000220|1005.77
1787587355|20260825000235|1006.04
1787587360|20260825000240|1005.92
1787587365|20260825000245|1006.19
1787587370|20260825000250|1006.05
1787587375|20260825000255|1006.46
1787587380|20260825000300|1006.60
1787587385|20260825000305|1006.41
1787587390|20260825000310|1006.50
1787587395|20260825000315|1006.50
1787587400|20260825000320|1006.57
1787587405|20260825000325|1006.77
1787587415|20260825000335|1006.67
1787587420|20260825000340|1006.38
1787587425|20260825000345|1006.67
1787587430|20260825000350|1006.67
1787587435|20260825000355|1006.91
1787587440|20260825000400|1006.91
1787587445|20260825000405|1006.45
1787587450|20260825000410|1006.84
1787587455|20260825000415|1007.28
1787587460|20260825000420|1007.32
1787587465|20260825000425|1006.93
1787587500|20260825000500|1006.94
1787587505|20260825000505|1006.87
1787587510|20260825000510|1006.90
1787587515|20260825000515|1006.93
1787587520|20260825000520|1006.98
1787587535|20260825000535|1007.27
1787587540|20260825000540|1007.19
1787587545|20260825000545|1007.16
1787587550|20260825000550|1007.14
1787587555|20260825000555|1007.07
1787587560|20260825000600|1007.06
1787587565|20260825000605|1006.90
1787587570|20260825000610|1006.76
1787587575|20260825000615|1006.69
1787587585|20260825000625|1006.67
1787587595|20260825000635|1006.61
1787587600|20260825000640|1006.63
1787587605|20260825000645|1006.67
1787587610|20260825000650|1006.61
1787587615|20260825000655|1006.65
1787587625|20260825000705|1006.74
1787587630|20260825000710|1006.69
1787587635|20260825000715|1006.76
1787587640|20260825000720|1006.95
1787587660|20260825000740|1007.00
1787587670|20260825000750|1006.77
1787587685|20260825000805|1006.89
1787587690|20260825000810|1006.77
1787587695|20260825000815|1006.52
1787587700|20260825000820|1006.59
1787587705|20260825000825|1006.50
1787587715|20260825000835|1006.09
1787587720|20260825000840|1006.05
1787587725|20260825000845|1006.02
1787587730|20260825000850|1006.06
1787587735|20260825000855|1006.15
1787587740|20260825000900|1006.16
1787587745|20260825000905|1006.12
1787587750|20260825000910|1006.16
1787587760|20260825000920|1006.09
1787587765|20260825000925|1005.98
1787587790|20260825000950|1005.89
1787587805|20260825001005|1005.97
1787587810|20260825001010|1005.85
1787587815|20260825001015|1005.85
1787587820|20260825001020|1005.96
1787587840|20260825001040|1005.93
1787587845|20260825001045|1006.09
1787587850|20260825001050|1006.24
1787587855|20260825001055|1006.30
1787587860|20260825001100|1006.24
1787587865|20260825001105|1006.07
1787587870|20260825001110|1006.18
1787587875|20260825001115|1006.16
1787587895|20260825001135|1006.27
1787587900|20260825001140|1006.24
1787587905|20260825001145|1006.28
1787587910|20260825001150|1006.34
1787587915|20260825001155|1006.32
1787587920|20260825001200|1006.40
1787587925|20260825001205|1006.44
1787587930|20260825001210|1006.48
1787587935|20260825001215|1006.50
1787587940|20260825001220|1006.39
1787587945|20260825001225|1006.40
1787587955|20260825001235|1006.44
1787587965|20260825001245|1006.48
1787587970|20260825001250|1006.54
1787587975|20260825001255|1006.55
1787587985|20260825001305|1006.41
1787587990|20260825001310|1006.37
1787587995|20260825001315|1006.51
1787588000|20260825001320|1006.46
1787588005|20260825001325|1006.51
1787588015|20260825001335|1006.61
1787588020|20260825001340|1006.59
1787588025|20260825001345|1006.56
1787588035|20260825001355|1006.56
1787588050|20260825001410|1006.61
1787588055|20260825001415|1006.67
1787588060|20260825001420|1006.66
1787588065|20260825001425|1006.48
1787588100|20260825001500|1006.55
1787588105|20260825001505|1006.54
1787588110|20260825001510|1006.52
1787588115|20260825001515|1006.47
1787588125|20260825001525|1006.71
1787588145|20260825001545|1006.65
1787588165|20260825001605|1006.52
1787588175|20260825001615|1006.33
1787588180|20260825001620|1006.46
1787588195|20260825001635|1006.53
1787588200|20260825001640|1006.50
1787588205|20260825001645|1006.47
1787588210|20260825001650|1006.34
1787588215|20260825001655|1006.38
1787588220|20260825001700|1006.53
1787588225|20260825001705|1006.63
1787588235|20260825001715|1006.59
1787588245|20260825001725|1006.70
1787588255|20260825001735|1006.48
1787588260|20260825001740|1006.82
1787588265|20260825001745|1006.89
1787588275|20260825001755|1006.94
1787588285|20260825001805|1006.92
1787588290|20260825001810|1006.95
1787588300|20260825001820|1006.93
1787588305|20260825001825|1006.89
1787588315|20260825001835|1006.93
1787588320|20260825001840|1006.85
1787588325|20260825001845|1006.81
1787588335|20260825001855|1006.96
1787588345|20260825001905|1007.02
1787588350|20260825001910|1006.99
1787588355|20260825001915|1007.09
1787588360|20260825001920|1007.20
1787588365|20260825001925|1007.11
1787588410|20260825002010|1006.63
1787588420|20260825002020|1006.72
1787588425|20260825002025|1006.86
1787588435|20260825002035|1006.85
1787588440|20260825002040|1006.93
1787588445|20260825002045|1006.93
1787588450|20260825002050|1006.81
1787588455|20260825002055|1006.71
1787588465|20260825002105|1006.72
1787588475|20260825002115|1006.93
1787588480|20260825002120|1006.79
1787588485|20260825002125|1006.71
1787588495|20260825002135|1006.72
1787588500|20260825002140|1006.72
1787588505|20260825002145|1006.64
1787588515|20260825002155|1006.52
1787588520|20260825002200|1006.45
1787588525|20260825002205|1006.45
1787588530|20260825002210|1006.50
1787588535|20260825002215|1006.50
1787588540|20260825002220|1006.54
1787588555|20260825002235|1006.56
1787588560|20260825002240|1006.52
1787588565|20260825002245|1006.50
1787588570|20260825002250|1006.59
1787588575|20260825002255|1006.66
1787588585|20260825002305|1006.59
1787588590|20260825002310|1006.58
1787588595|20260825002315|1006.59
1787588600|20260825002320|1006.57
1787588605|20260825002325|1006.57
1787588615|20260825002335|1006.61
1787588625|20260825002345|1006.58
1787588630|20260825002350|1006.56
1787588640|20260825002400|1006.52
1787588645|20260825002405|1006.57
1787588655|20260825002415|1006.40
1787588660|20260825002420|1006.44
1787588665|20260825002425|1006.41
1787588700|20260825002500|1006.33
1787588705|20260825002505|1006.40
1787588710|20260825002510|1006.41
1787588715|20260825002515|1006.51
1787588720|20260825002520|1006.58
1787588725|20260825002525|1006.58
1787588735|20260825002535|1006.42
1787588740|20260825002540|1006.44
1787588745|20260825002545|1006.37
1787588750|20260825002550|1006.38
1787588755|20260825002555|1006.45
1787588760|20260825002600|1006.52
1787588770|20260825002610|1006.67
1787588775|20260825002615|1006.68
1787588780|20260825002620|1006.67
1787588785|20260825002625|1006.69
1787588795|20260825002635|1006.72
1787588810|20260825002650|1006.80
1787588815|20260825002655|1006.81
1787588820|20260825002700|1006.82
1787588825|20260825002705|1006.85
1787588830|20260825002710|1006.85
1787588840|20260825002720|1006.83
1787588845|20260825002725|1006.79
1787588865|20260825002745|1006.76
1787588875|20260825002755|1006.72
1787588885|20260825002805|1006.74
1787588895|20260825002815|1006.71
1787588900|20260825002820|1006.71
1787588905|20260825002825|1006.79
1787588915|20260825002835|1006.76
1787588920|20260825002840|1006.75
1787588930|20260825002850|1006.69
1787588945|20260825002905|1006.88
1787588950|20260825002910|1006.77
1787588955|20260825002915|1006.85
1787588960|20260825002920|1006.91
1787588965|20260825002925|1006.87
1787589005|20260825003005|1007.09
1787589010|20260825003010|1007.09
1787589020|20260825003020|1007.14
1787589025|20260825003025|1007.15
1787589035|20260825003035|1006.96
1787589040|20260825003040|1006.96
1787589045|20260825003045|1007.01
1787589050|20260825003050|1007.05
1787589065|20260825003105|1007.39
1787589070|20260825003110|1007.38
1787589085|20260825003125|1007.21
1787589095|20260825003135|1007.18
1787589100|20260825003140|1007.18
1787589105|20260825003145|1007.16
1787589120|20260825003200|1007.18
1787589125|20260825003205|1007.23
1787589130|20260825003210|1007.17
1787589135|20260825003215|1007.11
1787589145|20260825003225|1007.17
1787589155|20260825003235|1007.16
1787589160|20260825003240|1007.10
1787589165|20260825003245|1007.11
1787589170|20260825003250|1007.33
1787589175|20260825003255|1007.38
1787589180|20260825003300|1007.33
1787589185|20260825003305|1007.19
1787589195|20260825003315|1007.36
1787589200|20260825003320|1007.31
1787589220|20260825003340|1007.25
1787589230|20260825003350|1007.28
1787589235|20260825003355|1007.23
1787589240|20260825003400|1007.21
1787589245|20260825003405|1007.26
1787589250|20260825003410|1007.25
1787589260|20260825003420|1007.26
1787589300|20260825003500|1007.21
1787589305|20260825003505|1007.22
1787589310|20260825003510|1007.20
1787589315|20260825003515|1007.23
1787589320|20260825003520|1007.20
1787589325|20260825003525|1007.04
1787589335|20260825003535|1007.08
1787589345|20260825003545|1007.00
1787589350|20260825003550|1007.13
1787589355|20260825003555|1007.15
1787589360|20260825003600|1007.20
1787589365|20260825003605|1007.20
1787589370|20260825003610|1007.22
1787589375|20260825003615|1007.25
1787589395|20260825003635|1007.40
1787589400|20260825003640|1007.42
1787589405|20260825003645|1007.44
1787589425|20260825003705|1007.58
1787589430|20260825003710|1007.56
1787589435|20260825003715|1007.53
1787589440|20260825003720|1007.50
1787589445|20260825003725|1007.50
1787589455|20260825003735|1007.31
1787589460|20260825003740|1007.35
1787589465|20260825003745|1007.37
1787589475|20260825003755|1007.35
1787589490|20260825003810|1007.43
1787589495|20260825003815|1007.49
1787589500|20260825003820|1007.49
1787589505|20260825003825|1007.46
1787589515|20260825003835|1007.46
1787589520|20260825003840|1007.44
1787589525|20260825003845|1007.41
1787589535|20260825003855|1007.37
1787589540|20260825003900|1007.26
1787589545|20260825003905|1007.26
1787589550|20260825003910|1007.11
1787589555|20260825003915|1007.09
1787589560|20260825003920|1007.08
1787589565|20260825003925|1007.05
1787589580|20260825003940|1007.31
1787589605|20260825004005|1007.07
1787589610|20260825004010|1006.98
1787589615|20260825004015|1006.96
1787589620|20260825004020|1007.08
1787589640|20260825004040|1007.00
1787589645|20260825004045|1007.03
1787589650|20260825004050|1007.09
1787589665|20260825004105|1007.07
1787589670|20260825004110|1007.12
1787589675|20260825004115|1007.08
1787589680|20260825004120|1007.13
1787589700|20260825004140|1007.30
1787589705|20260825004145|1007.29
1787589715|20260825004155|1007.26
1787589720|20260825004200|1007.29
1787589725|20260825004205|1007.28
1787589730|20260825004210|1007.22
1787589735|20260825004215|1007.25
1787589740|20260825004220|1007.20
1787589745|20260825004225|1007.26
1787589755|20260825004235|1007.36
1787589765|20260825004245|1007.12
1787589770|20260825004250|1007.18
1787589775|20260825004255|1007.13
1787589780|20260825004300|1007.11
1787589785|20260825004305|1007.19
1787589790|20260825004310|1007.17
1787589795|20260825004315|1007.26
1787589800|20260825004320|1007.27
1787589815|20260825004335|1007.14
1787589820|20260825004340|1007.18
1787589825|20260825004345|1007.32
1787589830|20260825004350|1007.31
1787589835|20260825004355|1007.37
1787589840|20260825004400|1007.34
1787589845|20260825004405|1007.26
1787589855|20260825004415|1007.27
1787589860|20260825004420|1007.23
1787589865|20260825004425|1007.24
1787589900|20260825004500|1007.04
1787589905|20260825004505|1007.03
1787589910|20260825004510|1007.00
1787589915|20260825004515|1007.10
1787589920|20260825004520|1007.07
1787589925|20260825004525|1006.99
1787589935|20260825004535|1006.74
1787589940|20260825004540|1006.73
1787589945|20260825004545|1006.75
1787589950|20260825004550|1006.75
1787589970|20260825004610|1006.73
1787589980|20260825004620|1006.58
1787589985|20260825004625|1006.63
1787589995|20260825004635|1006.68
1787590000|20260825004640|1006.57
1787590005|20260825004645|1006.62
1787590010|20260825004650|1006.56
1787590015|20260825004655|1006.60
1787590025|20260825004705|1006.50
1787590030|20260825004710|1006.39
1787590035|20260825004715|1006.40
1787590040|20260825004720|1006.46
1787590045|20260825004725|1006.44
1787590055|20260825004735|1006.33
1787590060|20260825004740|1006.30
1787590065|20260825004745|1006.26
1787590075|20260825004755|1006.30
1787590080|20260825004800|1006.20
1787590085|20260825004805|1006.28
1787590090|20260825004810|1006.32
1787590095|20260825004815|1006.28
1787590100|20260825004820|1006.31
1787590115|20260825004835|1006.28
1787590120|20260825004840|1006.27
1787590125|20260825004845|1006.35
1787590130|20260825004850|1006.21
1787590135|20260825004855|1006.27
1787590150|20260825004910|1006.35
1787590155|20260825004915|1006.41
1787590160|20260825004920|1006.56
1787590205|20260825005005|1006.55
1787590210|20260825005010|1006.53
1787590215|20260825005015|1006.60
1787590220|20260825005020|1006.54
1787590225|20260825005025|1006.52
1787590235|20260825005035|1006.36
1787590240|20260825005040|1006.27
1787590245|20260825005045|1006.39
1787590250|20260825005050|1006.45
1787590255|20260825005055|1006.43
1787590265|20260825005105|1006.36
1787590270|20260825005110|1006.31
1787590275|20260825005115|1006.29
1787590280|20260825005120|1006.30
1787590285|20260825005125|1006.21
1787590295|20260825005135|1006.24
1787590300|20260825005140|1006.21
1787590305|20260825005145|1006.13
1787590310|20260825005150|1005.97
1787590315|20260825005155|1005.83
1787590320|20260825005200|1005.83
1787590325|20260825005205|1005.80
1787590330|20260825005210|1005.72
1787590340|20260825005220|1005.48
1787590345|20260825005225|1005.23
1787590355|20260825005235|1005.52
1787590360|20260825005240|1005.48
1787590365|20260825005245|1005.66
1787590370|20260825005250|1005.82
1787590375|20260825005255|1005.66
1787590385|20260825005305|1005.78
1787590390|20260825005310|1005.55
1787590395|20260825005315|1005.60
1787590405|20260825005325|1005.72
1787590415|20260825005335|1005.68
1787590420|20260825005340|1005.71
1787590435|20260825005355|1005.82
1787590445|20260825005405|1005.87
1787590450|20260825005410|1005.73
1787590455|20260825005415|1005.61
1787590460|20260825005420|1005.68
1787590465|20260825005425|1005.55
1787590480|20260825005440|1005.43
1787590500|20260825005500|1005.40
1787590510|20260825005510|1005.35
1787590515|20260825005515|1005.21
1787590520|20260825005520|1005.19
1787590525|20260825005525|1005.19
1787590535|20260825005535|1005.19
1787590540|20260825005540|1005.12
1787590545|20260825005545|1005.09
1787590550|20260825005550|1005.03
1787590560|20260825005600|1004.91
1787590565|20260825005605|1004.89
1787590570|20260825005610|1004.64
1787590575|20260825005615|1004.66
1787590580|20260825005620|1004.67
1787590585|20260825005625|1004.86
1787590595|20260825005635|1003.58
1787590600|20260825005640|1003.55
1787590605|20260825005645|1003.60
1787590610|20260825005650|1003.60
1787590625|20260825005705|1003.66
1787590640|20260825005720|1003.69
1787590645|20260825005725|1003.77
1787590655|20260825005735|1004.02
1787590660|20260825005740|1004.04
1787590670|20260825005750|1003.95
1787590680|20260825005800|1004.06
1787590685|20260825005805|1004.08
1787590690|20260825005810|1004.03
1787590700|20260825005820|1003.96
1787590705|20260825005825|1003.73
1787590715|20260825005835|1003.61
1787590720|20260825005840|1003.68
1787590725|20260825005845|1003.80
1787590735|20260825005855|1003.80
1787590745|20260825005905|1003.28
1787590750|20260825005910|1003.33
1787590755|20260825005915|1003.34
1787590760|20260825005920|1003.34
1787590765|20260825005925|1003.43
1787590800|20260825010000|1003.80
1787590805|20260825010005|1003.85
1787590810|20260825010010|1003.85
1787590815|20260825010015|1003.91
1787590820|20260825010020|1003.78
1787590825|20260825010025|1003.78
1787590840|20260825010040|1003.68
1787590845|20260825010045|1003.57
1787590850|20260825010050|1003.42
1787590855|20260825010055|1003.40
1787590865|20260825010105|1003.47
1787590870|20260825010110|1003.49
1787590875|20260825010115|1003.68
1787590880|20260825010120|1003.65
1787590885|20260825010125|1003.56
1787590895|20260825010135|1003.74
1787590900|20260825010140|1003.75
1787590905|20260825010145|1003.99
1787590910|20260825010150|1004.11
1787590915|20260825010155|1004.16
1787590920|20260825010200|1004.03
1787590925|20260825010205|1004.01
1787590930|20260825010210|1004.02
1787590940|20260825010220|1004.01
1787590945|20260825010225|1003.90
1787590955|20260825010235|1003.20
1787590960|20260825010240|1003.48
1787590965|20260825010245|1003.55
1787590970|20260825010250|1003.37
1787590975|20260825010255|1003.43
1787590985|20260825010305|1003.41
1787590990|20260825010310|1003.32
1787590995|20260825010315|1003.30
1787591000|20260825010320|1003.30
1787591005|20260825010325|1003.27
1787591015|20260825010335|1003.60
1787591020|20260825010340|1003.67
1787591025|20260825010345|1003.60
1787591035|20260825010355|1003.79
1787591045|20260825010405|1003.87
1787591050|20260825010410|1003.87
1787591055|20260825010415|1003.86
1787591060|20260825010420|1003.95
1787591090|20260825010450|1004.18
1787591100|20260825010500|1004.19
1787591105|20260825010505|1004.05
1787591110|20260825010510|1004.16
1787591115|20260825010515|1004.22
1787591120|20260825010520|1004.25
1787591125|20260825010525|1004.02
1787591135|20260825010535|1004.04
1787591140|20260825010540|1004.24
1787591145|20260825010545|1004.22
1787591150|20260825010550|1004.00
1787591155|20260825010555|1003.77
1787591170|20260825010610|1003.83
1787591175|20260825010615|1003.83
1787591180|20260825010620|1003.91
1787591185|20260825010625|1003.96
1787591195|20260825010635|1003.85
1787591200|20260825010640|1003.89
1787591205|20260825010645|1003.89
1787591210|20260825010650|1003.98
1787591215|20260825010655|1003.92
1787591225|20260825010705|1003.98
1787591230|20260825010710|1003.90
1787591235|20260825010715|1004.12
1787591240|20260825010720|1004.11
1787591255|20260825010735|1004.07
1787591265|20260825010745|1004.86
1787591270|20260825010750|1005.01
1787591285|20260825010805|1005.07
1787591290|20260825010810|1005.18
1787591295|20260825010815|1005.14
1787591300|20260825010820|1005.09
1787591305|20260825010825|1005.16
1787591315|20260825010835|1005.17
1787591320|20260825010840|1005.04
1787591325|20260825010845|1005.22
1787591330|20260825010850|1005.29
1787591335|20260825010855|1005.76
1787591345|20260825010905|1005.89
1787591355|20260825010915|1005.93
1787591360|20260825010920|1006.01
1787591365|20260825010925|1006.08
1787591400|20260825011000|1005.54
1787591405|20260825011005|1005.53
1787591410|20260825011010|1005.35
1787591415|20260825011015|1005.26
1787591420|20260825011020|1005.26
1787591425|20260825011025|1005.24
1787591435|20260825011035|1005.42
1787591440|20260825011040|1005.40
1787591445|20260825011045|1005.33
1787591455|20260825011055|1004.87
1787591465|20260825011105|1004.92
1787591470|20260825011110|1004.99
1787591475|20260825011115|1005.12
1787591480|20260825011120|1005.26
1787591485|20260825011125|1005.37
1787591495|20260825011135|1005.61
1787591500|20260825011140|1005.62
1787591505|20260825011145|1005.67
1787591510|20260825011150|1005.75
1787591515|20260825011155|1005.67
1787591525|20260825011205|1005.86
1787591540|20260825011220|1005.63
1787591545|20260825011225|1005.62
1787591555|20260825011235|1005.49
1787591560|20260825011240|1005.56
1787591565|20260825011245|1005.58
1787591570|20260825011250|1005.48
1787591575|20260825011255|1005.50
1787591580|20260825011300|1005.69
1787591585|20260825011305|1005.66
1787591590|20260825011310|1005.74
1787591595|20260825011315|1005.72
1787591600|20260825011320|1005.73
1787591605|20260825011325|1005.86
1787591615|20260825011335|1005.67
1787591630|20260825011350|1005.26
1787591635|20260825011355|1005.25
1787591645|20260825011405|1005.21
1787591650|20260825011410|1005.11
1787591655|20260825011415|1005.05
1787591660|20260825011420|1005.13
1787591665|20260825011425|1005.41
1787591705|20260825011505|1005.34
1787591710|20260825011510|1005.25
1787591715|20260825011515|1005.41
1787591720|20260825011520|1005.47
1787591725|20260825011525|1005.54
1787591740|20260825011540|1005.66
1787591745|20260825011545|1005.44
1787591750|20260825011550|1005.55
1787591755|20260825011555|1005.47
1787591765|20260825011605|1005.50
1787591775|20260825011615|1004.81
1787591780|20260825011620|1004.82
1787591785|20260825011625|1004.68
1787591800|20260825011640|1004.77
1787591810|20260825011650|1005.05
1787591815|20260825011655|1005.04
1787591830|20260825011710|1005.21
1787591840|20260825011720|1005.47
1787591845|20260825011725|1005.49
1787591860|20260825011740|1005.74
1787591865|20260825011745|1005.70
1787591870|20260825011750|1005.56
1787591875|20260825011755|1005.64
1787591885|20260825011805|1005.67
1787591890|20260825011810|1005.75
1787591915|20260825011835|1005.74
1787591930|20260825011850|1005.51
1787591935|20260825011855|1005.34
1787591945|20260825011905|1005.32
1787591950|20260825011910|1005.31
1787591955|20260825011915|1005.35
1787591960|20260825011920|1005.34
1787591965|20260825011925|1005.25
1787592005|20260825012005|1004.58
1787592010|20260825012010|1003.46
1787592015|20260825012015|1003.72
1787592020|20260825012020|1003.39
1787592025|20260825012025|1003.33
1787592040|20260825012040|1002.83
1787592045|20260825012045|1002.91
1787592050|20260825012050|1002.81
1787592065|20260825012105|1002.83
1787592070|20260825012110|1002.47
1787592075|20260825012115|1002.29
1787592080|20260825012120|1001.74
1787592085|20260825012125|1001.54
1787592095|20260825012135|1001.77
1787592100|20260825012140|1001.67
1787592115|20260825012155|1001.53
1787592130|20260825012210|1001.25
1787592135|20260825012215|1001.06
1787592140|20260825012220|1001.31
1787592145|20260825012225|1001.31
1787592155|20260825012235|1001.32
1787592160|20260825012240|1001.39
1787592165|20260825012245|1000.89
1787592170|20260825012250|1000.99
1787592175|20260825012255|1000.99
1787592190|20260825012310|1000.94
1787592195|20260825012315|1000.94
1787592200|20260825012320|1000.84
1787592205|20260825012325|1000.99
1787592215|20260825012335|1000.83
1787592225|20260825012345|1001.74
1787592230|20260825012350|1001.79
1787592235|20260825012355|1001.69
1787592245|20260825012405|1002.32
1787592260|20260825012420|1002.32
1787592265|20260825012425|1002.18
1787592280|20260825012440|1002.15
1787592305|20260825012505|1001.92
1787592310|20260825012510|1001.76
1787592315|20260825012515|1001.54
1787592320|20260825012520|1001.53
1787592325|20260825012525|1001.42
1787592340|20260825012540|1001.53
1787592345|20260825012545|1001.42
1787592350|20260825012550|1001.61
1787592355|20260825012555|1001.77
1787592365|20260825012605|1001.87
1787592370|20260825012610|1001.93
1787592375|20260825012615|1001.99
1787592380|20260825012620|1002.03
1787592385|20260825012625|1001.90
1787592395|20260825012635|1002.01
1787592400|20260825012640|1002.03
1787592405|20260825012645|1002.21
1787592415|20260825012655|1002.26
1787592425|20260825012705|1002.34
1787592430|20260825012710|1002.38
1787592435|20260825012715|1002.18
1787592440|20260825012720|1002.63
1787592445|20260825012725|1002.58
1787592455|20260825012735|1002.85
1787592460|20260825012740|1002.84
1787592465|20260825012745|1002.93
1787592470|20260825012750|1002.86
1787592475|20260825012755|1002.82
1787592485|20260825012805|1002.75
1787592490|20260825012810|1002.85
1787592495|20260825012815|1002.90
1787592500|20260825012820|1002.70
1787592505|20260825012825|1002.74
1787592515|20260825012835|1002.77
1787592520|20260825012840|1002.72
1787592525|20260825012845|1002.66
1787592535|20260825012855|1002.97
1787592545|20260825012905|1003.74
1787592555|20260825012915|1003.36
1787592560|20260825012920|1003.27
1787592565|20260825012925|1003.26
1787592600|20260825013000|1002.30
1787592605|20260825013005|1002.36
1787592610|20260825013010|1002.17
1787592615|20260825013015|1002.26
1787592620|20260825013020|1002.31
1787592625|20260825013025|1002.48
1787592640|20260825013040|1002.68
1787592645|20260825013045|1002.67
1787592650|20260825013050|1002.69
1787592655|20260825013055|1002.52
1787592670|20260825013110|1002.63
1787592680|20260825013120|1002.78
1787592695|20260825013135|1002.74
1787592700|20260825013140|1002.93
1787592705|20260825013145|1002.88
1787592710|20260825013150|1002.75
1787592715|20260825013155|1002.77
1787592725|20260825013205|1002.92
1787592740|20260825013220|1002.94
1787592755|20260825013235|1002.81
1787592760|20260825013240|1002.79
1787592770|20260825013250|1002.30
1787592775|20260825013255|1002.03
1787592785|20260825013305|1002.05
1787592790|20260825013310|1002.05
1787592795|20260825013315|1002.03
1787592800|20260825013320|1002.28
1787592805|20260825013325|1002.39
1787592815|20260825013335|1002.13
1787592825|20260825013345|1002.00
1787592835|20260825013355|1001.97
1787592845|20260825013405|1002.07
1787592855|20260825013415|1002.08
1787592860|20260825013420|1002.15
1787592865|20260825013425|1002.11
1787592905|20260825013505|1002.14
1787592910|20260825013510|1002.23
1787592915|20260825013515|1002.23
1787592920|20260825013520|1002.26
1787592925|20260825013525|1002.24
1787592940|20260825013540|1002.20
1787592950|20260825013550|1002.39
1787592955|20260825013555|1002.37
1787592960|20260825013600|1002.28
1787592965|20260825013605|1002.22
1787592970|20260825013610|1002.20
1787592975|20260825013615|1002.31
1787592980|20260825013620|1002.31
1787592985|20260825013625|1002.51
1787592995|20260825013635|1002.66
1787593000|20260825013640|1002.75
1787593005|20260825013645|1002.72
1787593010|20260825013650|1002.90
1787593015|20260825013655|1003.02
1787593025|20260825013705|1003.25
1787593035|20260825013715|1003.23
1787593040|20260825013720|1003.25
1787593045|20260825013725|1003.24
1787593055|20260825013735|1003.17
1787593065|20260825013745|1003.17
1787593070|20260825013750|1003.18
1787593075|20260825013755|1003.26
1787593085|20260825013805|1003.24
1787593095|20260825013815|1003.26
1787593100|20260825013820|1003.28
1787593105|20260825013825|1003.28
1787593115|20260825013835|1003.19
1787593120|20260825013840|1003.09
1787593130|20260825013850|1003.14
1787593135|20260825013855|1003.15
1787593145|20260825013905|1003.19
1787593160|20260825013920|1003.12
1787593165|20260825013925|1003.15
1787593195|20260825013955|1003.01
1787593215|20260825014015|1003.17
1787593220|20260825014020|1003.20
1787593225|20260825014025|1003.22
1787593235|20260825014035|1003.21
1787593240|20260825014040|1003.15
1787593245|20260825014045|1003.13
1787593250|20260825014050|1003.15
1787593265|20260825014105|1003.18
1787593275|20260825014115|1002.98
1787593280|20260825014120|1002.89
1787593285|20260825014125|1002.92
1787593295|20260825014135|1002.98
1787593300|20260825014140|1002.90
1787593305|20260825014145|1002.91
1787593315|20260825014155|1003.03
1787593320|20260825014200|1003.02
1787593325|20260825014205|1003.10
1787593330|20260825014210|1003.01
1787593335|20260825014215|1003.07
1787593340|20260825014220|1003.18
1787593345|20260825014225|1003.10
1787593360|20260825014240|1003.12
1787593365|20260825014245|1003.12
1787593370|20260825014250|1002.97
1787593375|20260825014255|1003.04
1787593380|20260825014300|1002.98
1787593385|20260825014305|1002.95
1787593390|20260825014310|1003.04
1787593400|20260825014320|1003.19
1787593405|20260825014325|1003.12
1787593415|20260825014335|1003.06
1787593420|20260825014340|1002.90
1787593425|20260825014345|1002.86
1787593430|20260825014350|1002.83
1787593435|20260825014355|1002.88
1787593440|20260825014400|1002.86
1787593445|20260825014405|1002.85
1787593450|20260825014410|1002.81
1787593455|20260825014415|1002.77
1787593460|20260825014420|1002.76
1787593465|20260825014425|1002.78
1787593500|20260825014500|1002.80
1787593505|20260825014505|1002.54
1787593510|20260825014510|1002.56
1787593515|20260825014515|1002.52
1787593520|20260825014520|1002.57
1787593525|20260825014525|1002.56
1787593535|20260825014535|1002.52
1787593540|20260825014540|1002.47
1787593545|20260825014545|1002.21
1787593550|20260825014550|1002.35
1787593555|20260825014555|1002.21
1787593560|20260825014600|1002.35
1787593565|20260825014605|1002.35
1787593570|20260825014610|1002.31
1787593575|20260825014615|1002.28
1787593580|20260825014620|1002.26
1787593585|20260825014625|1002.24
1787593595|20260825014635|1002.22
1787593600|20260825014640|1002.27
1787593615|20260825014655|1002.39
1787593625|20260825014705|1002.34
1787593630|20260825014710|1002.32
1787593635|20260825014715|1002.20
1787593640|20260825014720|1002.11
1787593645|20260825014725|1002.34
1787593655|20260825014735|1002.42
1787593660|20260825014740|1002.32
1787593665|20260825014745|1002.27
1787593670|20260825014750|1002.03
1787593675|20260825014755|1002.03
1787593680|20260825014800|1002.12
1787593685|20260825014805|1002.10
1787593690|20260825014810|1002.01
1787593695|20260825014815|1002.03
1787593700|20260825014820|1002.08
1787593705|20260825014825|1002.04
1787593715|20260825014835|1002.03
1787593720|20260825014840|1002.00
1787593725|20260825014845|1002.05
1787593730|20260825014850|1002.10
1787593735|20260825014855|1002.06
1787593745|20260825014905|1002.05
1787593750|20260825014910|1001.86
1787593755|20260825014915|1001.70
1787593760|20260825014920|1001.65
1787593765|20260825014925|1001.81
1787593790|20260825014950|1001.62
1787593800|20260825015000|1001.73
1787593805|20260825015005|1001.36
1787593810|20260825015010|1001.36
1787593815|20260825015015|1001.68
1787593820|20260825015020|1001.70
1787593825|20260825015025|1001.83
1787593835|20260825015035|1001.89
1787593840|20260825015040|1001.98
1787593845|20260825015045|1002.23
1787593850|20260825015050|1002.37
1787593855|20260825015055|1002.45
1787593865|20260825015105|1002.35
1787593870|20260825015110|1002.40
1787593880|20260825015120|1002.18
1787593885|20260825015125|1002.20
1787593895|20260825015135|1001.96
1787593900|20260825015140|1001.91
1787593905|20260825015145|1001.94
1787593910|20260825015150|1001.92
1787593915|20260825015155|1002.13
1787593920|20260825015200|1002.09
1787593925|20260825015205|1002.17
1787593930|20260825015210|1002.24
1787593935|20260825015215|1002.15
1787593940|20260825015220|1002.11
1787593945|20260825015225|1002.07
1787593955|20260825015235|1001.78
1787593960|20260825015240|1001.77
1787593965|20260825015245|1001.65
1787593970|20260825015250|1001.54
1787593975|20260825015255|1001.48
1787593980|20260825015300|1001.49
1787593985|20260825015305|1001.49
1787593990|20260825015310|1001.51
1787593995|20260825015315|1001.47
1787594005|20260825015325|1001.47
1787594015|20260825015335|1001.62
1787594020|20260825015340|1001.68
1787594025|20260825015345|1001.67
1787594030|20260825015350|1001.68
1787594035|20260825015355|1001.71
1787594040|20260825015400|1001.70
1787594045|20260825015405|1001.72
1787594050|20260825015410|1001.51
1787594055|20260825015415|1001.56
1787594065|20260825015425|1001.65
1787594100|20260825015500|1001.59
1787594105|20260825015505|1001.57
1787594110|20260825015510|1001.54
1787594115|20260825015515|1001.41
1787594120|20260825015520|1001.38
1787594125|20260825015525|1001.31
1787594135|20260825015535|1001.42
1787594140|20260825015540|1001.45
1787594145|20260825015545|1001.40
1787594150|20260825015550|1001.42
1787594155|20260825015555|1001.39
1787594165|20260825015605|1001.38
1787594170|20260825015610|1001.40
1787594180|20260825015620|1001.43
1787594195|20260825015635|1001.54
1787594200|20260825015640|1001.42
1787594205|20260825015645|1001.47
1787594210|20260825015650|1001.64
1787594220|20260825015700|1001.83
1787594225|20260825015705|1001.81
1787594230|20260825015710|1001.82
1787594235|20260825015715|1001.65
1787594240|20260825015720|1001.85
1787594245|20260825015725|1001.85
1787594255|20260825015735|1001.94
1787594260|20260825015740|1002.05
1787594265|20260825015745|1002.14
1787594270|20260825015750|1002.07
1787594280|20260825015800|1002.05
1787594295|20260825015815|1002.18
1787594315|20260825015835|1002.17
1787594320|20260825015840|1002.19
1787594325|20260825015845|1002.06
1787594330|20260825015850|1002.07
1787594335|20260825015855|1002.16
1787594345|20260825015905|1001.94
1787594350|20260825015910|1001.93
1787594355|20260825015915|1002.06
1787594360|20260825015920|1002.17
1787594365|20260825015925|1002.14
1787594390|20260825015950|1002.14
1787594405|20260825020005|1001.98
1787594410|20260825020010|1001.97
1787594415|20260825020015|1002.12
1787594420|20260825020020|1002.04
1787594435|20260825020035|1002.15
1787594440|20260825020040|1002.25
1787594445|20260825020045|1002.26
1787594465|20260825020105|1001.94
1787594470|20260825020110|1001.93
1787594475|20260825020115|1001.94
1787594495|20260825020135|1002.04
1787594500|20260825020140|1002.01
1787594505|20260825020145|1002.00
1787594510|20260825020150|1001.93
1787594515|20260825020155|1001.98
1787594525|20260825020205|1002.17
1787594530|20260825020210|1002.14
1787594535|20260825020215|1002.16
1787594540|20260825020220|1002.23
1787594545|20260825020225|1002.40
1787594555|20260825020235|1002.95
1787594560|20260825020240|1002.91
1787594565|20260825020245|1002.67
1787594570|20260825020250|1002.69
1787594575|20260825020255|1002.49
1787594580|20260825020300|1002.49
1787594585|20260825020305|1002.62
1787594590|20260825020310|1002.59
1787594595|20260825020315|1002.67
1787594600|20260825020320|1002.55
1787594605|20260825020325|1002.47
1787594610|20260825020330|1002.47
1787594615|20260825020335|1002.46
1787594625|20260825020345|1002.39
1787594630|20260825020350|1002.46
1787594635|20260825020355|1002.58
1787594640|20260825020400|1002.59
1787594645|20260825020405|1002.67
1787594650|20260825020410|1002.66
1787594655|20260825020415|1002.70
1787594660|20260825020420|1002.74
1787594665|20260825020425|1002.73
1787594670|20260825020430|1002.76
1787594685|20260825020445|1002.81
1787594690|20260825020450|1002.84
1787594695|20260825020455|1002.84
1787594705|20260825020505|1002.78
1787594710|20260825020510|1002.68
1787594715|20260825020515|1002.71
1787594720|20260825020520|1002.69
1787594725|20260825020525|1002.69
1787594730|20260825020530|1002.51
1787594735|20260825020535|1002.53
1787594740|20260825020540|1002.45
1787594745|20260825020545|1002.55
1787594755|20260825020555|1002.61
1787594760|20260825020600|1002.70
1787594765|20260825020605|1002.11
1787594770|20260825020610|1001.82
1787594775|20260825020615|1001.69
1787594780|20260825020620|1001.72
1787594785|20260825020625|1001.74
1787594795|20260825020635|1001.72
1787594800|20260825020640|1001.84
1787594805|20260825020645|1001.79
1787594810|20260825020650|1001.82
1787594815|20260825020655|1001.51
1787594825|20260825020705|1001.50
1787594830|20260825020710|1001.58
1787594835|20260825020715|1001.56
1787594845|20260825020725|1001.65
1787594850|20260825020730|1001.78
1787594855|20260825020735|1001.83
1787594860|20260825020740|1001.78
1787594865|20260825020745|1001.87
1787594870|20260825020750|1001.91
1787594875|20260825020755|1001.69
1787594880|20260825020800|1001.56
1787594885|20260825020805|1001.68
1787594895|20260825020815|1001.46
1787594900|20260825020820|1001.38
1787594905|20260825020825|1001.13
1787594915|20260825020835|1001.11
1787594920|20260825020840|1000.63
1787594930|20260825020850|1000.73
1787594950|20260825020910|999.62
1787594955|20260825020915|1000.09
1787594960|20260825020920|1000.19
1787594965|20260825020925|1000.28
1787594995|20260825020955|1001.17
1787595000|20260825021000|1001.07
1787595005|20260825021005|1000.90
1787595010|20260825021010|1000.85
1787595020|20260825021020|1000.91
1787595035|20260825021035|1001.30
1787595040|20260825021040|1001.32
1787595045|20260825021045|1001.26
1787595050|20260825021050|1001.38
1787595055|20260825021055|1001.35
1787595065|20260825021105|1001.27
1787595070|20260825021110|1001.20
1787595075|20260825021115|1001.23
1787595080|20260825021120|1001.27
1787595085|20260825021125|1001.31
1787595095|20260825021135|1001.40
1787595110|20260825021150|1001.47
1787595115|20260825021155|1001.50
1787595125|20260825021205|1001.62
1787595130|20260825021210|1001.41
1787595135|20260825021215|1001.30
1787595145|20260825021225|1001.15
1787595160|20260825021240|1001.15
1787595165|20260825021245|1001.17
1787595170|20260825021250|1001.09
1787595185|20260825021305|1000.99
1787595195|20260825021315|1001.00
1787595200|20260825021320|1000.94
1787595205|20260825021325|1000.86
1787595215|20260825021335|1000.82
1787595220|20260825021340|1000.65
1787595230|20260825021350|1000.88
1787595235|20260825021355|1000.89
1787595245|20260825021405|1000.95
1787595250|20260825021410|1001.13
1787595255|20260825021415|1001.24
1787595260|20260825021420|1001.04
1787595265|20260825021425|1001.20
1787595305|20260825021505|1001.13
1787595310|20260825021510|1001.07
1787595315|20260825021515|1001.06
1787595320|20260825021520|1001.05
1787595325|20260825021525|1001.12
1787595335|20260825021535|1000.88
1787595340|20260825021540|1001.03
1787595345|20260825021545|1001.18
1787595350|20260825021550|1001.35
1787595355|20260825021555|1001.49
1787595365|20260825021605|1001.34
1787595375|20260825021615|1001.30
1787595380|20260825021620|1001.41
1787595385|20260825021625|1001.45
1787595400|20260825021640|1001.42
1787595405|20260825021645|1001.36
1787595415|20260825021655|1000.88
1787595425|20260825021705|1000.85
1787595435|20260825021715|1000.93
1787595440|20260825021720|1000.87
1787595445|20260825021725|1000.97
1787595460|20260825021740|1000.97
1787595470|20260825021750|1000.84
1787595495|20260825021815|1000.86
1787595500|20260825021820|1000.69
1787595505|20260825021825|1000.67
1787595520|20260825021840|1000.85
1787595530|20260825021850|1000.64
1787595550|20260825021910|1000.19
1787595555|20260825021915|1000.28
1787595560|20260825021920|1000.26
1787595565|20260825021925|1000.23
1787595600|20260825022000|1000.31
1787595605|20260825022005|1000.05
1787595610|20260825022010|1000.14
1787595615|20260825022015|1000.38
1787595620|20260825022020|1000.57
1787595625|20260825022025|1000.58
1787595635|20260825022035|1000.65
1787595640|20260825022040|1000.68
1787595645|20260825022045|1000.74
1787595665|20260825022105|1000.94
1787595670|20260825022110|1000.87
1787595675|20260825022115|1000.90
1787595680|20260825022120|1001.07
1787595685|20260825022125|1001.02
1787595695|20260825022135|1000.98
1787595700|20260825022140|1001.13
1787595705|20260825022145|1001.20
1787595710|20260825022150|1001.25
1787595715|20260825022155|1001.38
1787595730|20260825022210|1001.50
1787595735|20260825022215|1001.54
1787595740|20260825022220|1001.70
1787595745|20260825022225|1001.70
1787595755|20260825022235|1001.78
1787595760|20260825022240|1001.88
1787595765|20260825022245|1001.95
1787595770|20260825022250|1001.98
1787595775|20260825022255|1001.88
1787595785|20260825022305|1001.82
1787595790|20260825022310|1001.80
1787595795|20260825022315|1001.95
1787595800|20260825022320|1001.94
1787595805|20260825022325|1001.94
1787595825|20260825022345|1002.01
1787595830|20260825022350|1001.79
1787595835|20260825022355|1001.85
1787595845|20260825022405|1001.98
1787595850|20260825022410|1001.97
1787595855|20260825022415|1002.01
1787595860|20260825022420|1002.01
1787595865|20260825022425|1001.99
1787595880|20260825022440|1001.92
1787595905|20260825022505|1002.02
1787595910|20260825022510|1002.22
1787595915|20260825022515|1002.23
1787595920|20260825022520|1002.23
1787595925|20260825022525|1002.30
1787595935|20260825022535|1002.88
1787595940|20260825022540|1002.72
1787595945|20260825022545|1002.64
1787595950|20260825022550|1002.62
1787595955|20260825022555|1002.64
1787595965|20260825022605|1002.68
1787595970|20260825022610|1002.68
1787595975|20260825022615|1002.75
1787595980|20260825022620|1002.78
1787595985|20260825022625|1002.84
1787595995|20260825022635|1002.71
1787596000|20260825022640|1002.71
1787596005|20260825022645|1002.67
1787596010|20260825022650|1002.71
1787596015|20260825022655|1002.74
1787596025|20260825022705|1002.79
1787596030|20260825022710|1002.88
1787596035|20260825022715|1002.91
1787596040|20260825022720|1003.01
1787596045|20260825022725|1002.94
1787596055|20260825022735|1002.91
1787596060|20260825022740|1003.01
1787596065|20260825022745|1003.19
1787596070|20260825022750|1003.24
1787596075|20260825022755|1003.26
1787596080|20260825022800|1003.16
1787596085|20260825022805|1003.16
1787596090|20260825022810|1003.24
1787596095|20260825022815|1003.22
1787596100|20260825022820|1002.88
1787596105|20260825022825|1002.89
1787596115|20260825022835|1002.76
1787596120|20260825022840|1002.74
1787596125|20260825022845|1002.73
1787596130|20260825022850|1002.73
1787596135|20260825022855|1002.63
1787596145|20260825022905|1002.61
1787596150|20260825022910|1002.63
1787596155|20260825022915|1002.62
1787596160|20260825022920|1002.59
1787596165|20260825022925|1002.60
1787596200|20260825023000|1002.91
1787596205|20260825023005|1002.96
1787596210|20260825023010|1002.91
1787596215|20260825023015|1002.93
1787596220|20260825023020|1002.94
1787596225|20260825023025|1003.09
1787596235|20260825023035|1003.13
1787596240|20260825023040|1003.11
1787596245|20260825023045|1003.01
1787596250|20260825023050|1002.90
1787596255|20260825023055|1002.79
1787596265|20260825023105|1002.78
1787596270|20260825023110|1002.77
1787596275|20260825023115|1002.73
1787596280|20260825023120|1002.87
1787596285|20260825023125|1002.83
1787596300|20260825023140|1002.70
1787596305|20260825023145|1002.55
1787596310|20260825023150|1002.25
1787596315|20260825023155|1002.21
1787596320|20260825023200|1002.26
1787596325|20260825023205|1002.29
1787596330|20260825023210|1002.23
1787596335|20260825023215|1002.15
1787596340|20260825023220|1002.19
1787596345|20260825023225|1002.12
1787596355|20260825023235|1002.19
1787596360|20260825023240|1002.29
1787596365|20260825023245|1002.50
1787596375|20260825023255|1002.40
1787596385|20260825023305|1002.39
1787596390|20260825023310|1002.26
1787596395|20260825023315|1002.21
1787596400|20260825023320|1002.19
1787596415|20260825023335|1002.13
1787596420|20260825023340|1001.80
1787596425|20260825023345|1001.83
1787596430|20260825023350|1001.84
1787596440|20260825023400|1001.85
1787596450|20260825023410|1001.70
1787596460|20260825023420|1001.65
1787596465|20260825023425|1001.56
1787596500|20260825023500|1001.64
1787596505|20260825023505|1001.09
1787596510|20260825023510|1001.20
1787596515|20260825023515|1001.14
1787596520|20260825023520|1001.17
1787596525|20260825023525|1001.17
1787596535|20260825023535|1001.27
1787596540|20260825023540|1001.18
1787596545|20260825023545|1001.26
1787596550|20260825023550|1001.29
1787596555|20260825023555|1001.25
1787596560|20260825023600|1001.20
1787596565|20260825023605|1001.21
1787596570|20260825023610|1001.19
1787596575|20260825023615|1001.13
1787596580|20260825023620|1001.13
1787596595|20260825023635|1000.90
1787596600|20260825023640|1001.08
1787596605|20260825023645|1001.13
1787596610|20260825023650|1001.00
1787596615|20260825023655|1000.74
1787596630|20260825023710|1000.69
1787596635|20260825023715|1000.56
1787596655|20260825023735|1000.24
1787596660|20260825023740|1000.21
1787596670|20260825023750|1000.14
1787596675|20260825023755|1000.18
1787596685|20260825023805|1000.12
1787596695|20260825023815|1000.16
1787596700|20260825023820|999.95
1787596705|20260825023825|999.97
1787596710|20260825023830|999.74
1787596715|20260825023835|999.76
1787596720|20260825023840|999.78
1787596725|20260825023845|999.92
1787596730|20260825023850|1000.01
1787596735|20260825023855|999.83
1787596740|20260825023900|999.75
1787596745|20260825023905|999.63
1787596750|20260825023910|999.63
1787596755|20260825023915|999.65
1787596765|20260825023925|999.73
1787596805|20260825024005|1000.71
1787596810|20260825024010|1000.80
1787596815|20260825024015|1000.92
1787596820|20260825024020|1000.85
1787596825|20260825024025|1000.93
1787596835|20260825024035|1000.90
1787596840|20260825024040|1000.92
1787596845|20260825024045|1000.93
1787596850|20260825024050|1001.20
1787596855|20260825024055|1001.22
1787596860|20260825024100|1001.22
1787596865|20260825024105|1001.25
1787596870|20260825024110|1001.22
1787596875|20260825024115|1001.35
1787596880|20260825024120|1001.35
1787596885|20260825024125|1001.44
1787596900|20260825024140|1001.49
1787596905|20260825024145|1001.56
1787596910|20260825024150|1001.61
1787596925|20260825024205|1001.32
1787596930|20260825024210|1001.38
1787596935|20260825024215|1001.41
1787596940|20260825024220|1001.43
1787596945|20260825024225|1001.46
1787596960|20260825024240|1001.62
1787596965|20260825024245|1001.67
1787596995|20260825024315|1001.70
1787597000|20260825024320|1001.72
1787597005|20260825024325|1001.64
1787597015|20260825024335|1001.58
1787597020|20260825024340|1001.67
1787597025|20260825024345|1001.70
1787597030|20260825024350|1001.80
1787597035|20260825024355|1001.70
1787597045|20260825024405|1001.71
1787597050|20260825024410|1001.81
1787597055|20260825024415|1001.79
1787597060|20260825024420|1001.70
1787597065|20260825024425|1001.61
1787597095|20260825024455|1001.82
1787597100|20260825024500|1001.77
1787597105|20260825024505|1001.68
1787597110|20260825024510|1001.77
1787597115|20260825024515|1001.82
1787597120|20260825024520|1001.68
1787597135|20260825024535|1001.67
1787597145|20260825024545|1001.80
1787597150|20260825024550|1001.81
1787597155|20260825024555|1001.66
1787597160|20260825024600|1001.67
1787597165|20260825024605|1001.44
1787597170|20260825024610|1001.43
1787597175|20260825024615|1001.45
1787597180|20260825024620|1001.39
1787597185|20260825024625|1001.43
1787597195|20260825024635|1001.44
1787597200|20260825024640|1001.48
1787597205|20260825024645|1001.55
1787597210|20260825024650|1001.53
1787597215|20260825024655|1001.62
1787597220|20260825024700|1001.63
1787597225|20260825024705|1001.50
1787597230|20260825024710|1001.51
1787597235|20260825024715|1001.50
1787597240|20260825024720|1001.49
1787597245|20260825024725|1001.53
1787597260|20260825024740|1001.43
1787597265|20260825024745|1001.44
1787597270|20260825024750|1001.41
1787597275|20260825024755|1001.46
1787597280|20260825024800|1001.46
1787597285|20260825024805|1001.11
1787597290|20260825024810|1001.08
1787597295|20260825024815|1001.11
1787597300|20260825024820|1001.11
1787597305|20260825024825|1001.11
1787597315|20260825024835|1001.13
1787597320|20260825024840|1001.10
1787597325|20260825024845|1001.09
1787597330|20260825024850|1001.14
1787597335|20260825024855|1001.12
1787597340|20260825024900|1001.15
1787597345|20260825024905|1001.37
1787597350|20260825024910|1001.19
1787597355|20260825024915|1001.26
1787597360|20260825024920|1001.23
1787597365|20260825024925|1001.23
1787597375|20260825024935|1001.40
1787597405|20260825025005|1001.37
1787597410|20260825025010|1001.32
1787597420|20260825025020|1001.43
1787597435|20260825025035|1001.48
1787597440|20260825025040|1001.45
1787597445|20260825025045|1001.39
1787597450|20260825025050|1001.43
1787597455|20260825025055|1001.42
1787597460|20260825025100|1001.44
1787597465|20260825025105|1001.45
1787597470|20260825025110|1001.46
1787597475|20260825025115|1001.44
1787597485|20260825025125|1001.40
1787597495|20260825025135|1001.42
1787597505|20260825025145|1001.36
1787597510|20260825025150|1001.36
1787597515|20260825025155|1001.38
1787597520|20260825025200|1001.38
1787597530|20260825025210|1001.45
1787597540|20260825025220|1001.62
1787597545|20260825025225|1001.61
1787597555|20260825025235|1001.42
1787597560|20260825025240|1001.52
1787597565|20260825025245|1001.46
1787597575|20260825025255|1001.37
1787597585|20260825025305|1001.46
1787597590|20260825025310|1001.68
1787597595|20260825025315|1001.52
1787597600|20260825025320|1001.61
1787597605|20260825025325|1001.72
1787597615|20260825025335|1001.77
1787597620|20260825025340|1001.76
1787597625|20260825025345|1001.73
1787597630|20260825025350|1001.64
1787597635|20260825025355|1001.59
1787597650|20260825025410|1001.53
1787597655|20260825025415|1001.59
1787597660|20260825025420|1001.58
1787597665|20260825025425|1001.57
1787597700|20260825025500|1001.47
1787597705|20260825025505|1001.47
1787597710|20260825025510|1001.56
1787597715|20260825025515|1001.55
1787597720|20260825025520|1001.64
1787597725|20260825025525|1001.53
1787597735|20260825025535|1001.64
1787597740|20260825025540|1001.54
1787597745|20260825025545|1001.55
1787597750|20260825025550|1001.56
1787597755|20260825025555|1001.63
1787597760|20260825025600|1001.63
1787597765|20260825025605|1001.67
1787597770|20260825025610|1001.61
1787597775|20260825025615|1001.69
1787597780|20260825025620|1001.69
1787597785|20260825025625|1001.61
1787597795|20260825025635|1001.73
1787597800|20260825025640|1001.67
1787597805|20260825025645|1001.69
1787597810|20260825025650|1001.60
1787597820|20260825025700|1001.61
1787597825|20260825025705|1001.60
1787597830|20260825025710|1001.60
1787597835|20260825025715|1001.59
1787597840|20260825025720|1001.69
1787597845|20260825025725|1002.09
1787597855|20260825025735|1001.94
1787597860|20260825025740|1002.02
1787597865|20260825025745|1002.05
1787597870|20260825025750|1002.06
1787597875|20260825025755|1002.06
1787597880|20260825025800|1002.04
1787597885|20260825025805|1002.15
1787597890|20260825025810|1002.16
1787597895|20260825025815|1002.17
1787597900|20260825025820|1002.16
1787597905|20260825025825|1002.21
1787597910|20260825025830|1002.21
1787597915|20260825025835|1002.20
1787597920|20260825025840|1002.15
1787597925|20260825025845|1002.05
1787597930|20260825025850|1002.08
1787597935|20260825025855|1002.07
1787597940|20260825025900|1002.05
1787597950|20260825025910|1002.15
1787597955|20260825025915|1002.18
1787597975|20260825025935|1002.23
1787597990|20260825025950|1002.04
1787597995|20260825025955|1002.04
1787598005|20260825030005|1002.03
1787598010|20260825030010|1002.16
1787598015|20260825030015|1002.14
1787598020|20260825030020|1002.20
1787598025|20260825030025|1002.02
1787598035|20260825030035|1002.31
1787598040|20260825030040|1002.36
1787598045|20260825030045|1002.34
1787598050|20260825030050|1002.41
1787598060|20260825030100|1002.50
1787598065|20260825030105|1002.57
1787598075|20260825030115|1002.69
1787598080|20260825030120|1002.70
1787598085|20260825030125|1002.82
1787598100|20260825030140|1002.78
1787598105|20260825030145|1002.83
1787598110|20260825030150|1002.90
1787598115|20260825030155|1002.93
1787598125|20260825030205|1002.91
1787598130|20260825030210|1002.87
1787598135|20260825030215|1002.86
1787598140|20260825030220|1002.89
1787598155|20260825030235|1002.89
1787598160|20260825030240|1002.84
1787598165|20260825030245|1002.95
1787598175|20260825030255|1002.74
1787598185|20260825030305|1002.76
1787598190|20260825030310|1002.87
1787598195|20260825030315|1002.87
1787598200|20260825030320|1002.81
1787598205|20260825030325|1002.72
1787598220|20260825030340|1002.42
1787598225|20260825030345|1002.43
1787598230|20260825030350|1002.50
1787598235|20260825030355|1002.45
1787598245|20260825030405|1002.52
1787598255|20260825030415|1002.50
1787598265|20260825030425|1002.55
1787598300|20260825030500|1002.57
1787598305|20260825030505|1002.64
1787598310|20260825030510|1002.59
1787598315|20260825030515|1002.60
1787598320|20260825030520|1002.62
1787598325|20260825030525|1002.55
1787598335|20260825030535|1002.62
1787598340|20260825030540|1002.57
1787598345|20260825030545|1002.59
1787598405|20260825030645|1002.60
