1789574404|20260917000004|938.51
1789574410|20260917000010|938.49
1789574415|20260917000015|938.38
1789574425|20260917000025|938.48
1789574435|20260917000035|938.48
1789574440|20260917000040|938.43
1789574445|20260917000045|938.51
1789574450|20260917000050|938.23
1789574455|20260917000055|938.29
1789574465|20260917000105|938.24
1789574475|20260917000115|938.27
1789574480|20260917000120|938.45
1789574485|20260917000125|938.35
1789574495|20260917000135|938.18
1789574500|20260917000140|938.10
1789574505|20260917000145|938.11
1789574510|20260917000150|938.18
1789574515|20260917000155|938.27
1789574525|20260917000205|938.35
1789574530|20260917000210|938.31
1789574540|20260917000220|938.15
1789574545|20260917000225|938.19
1789574555|20260917000235|938.11
1789574560|20260917000240|938.12
1789574565|20260917000245|938.05
1789574570|20260917000250|938.05
1789574575|20260917000255|938.16
1789574585|20260917000305|938.02
1789574590|20260917000310|937.94
1789574595|20260917000315|937.87
1789574600|20260917000320|937.88
1789574615|20260917000335|937.68
1789574620|20260917000340|937.69
1789574625|20260917000345|937.67
1789574645|20260917000405|937.73
1789574650|20260917000410|937.77
1789574655|20260917000415|937.78
1789574660|20260917000420|937.71
1789574665|20260917000425|937.73
1789574705|20260917000505|937.52
1789574710|20260917000510|937.54
1789574715|20260917000515|937.57
1789574720|20260917000520|937.52
1789574725|20260917000525|937.57
1789574735|20260917000535|937.56
1789574745|20260917000545|937.46
1789574750|20260917000550|937.46
1789574770|20260917000610|937.36
1789574780|20260917000620|937.40
1789574785|20260917000625|937.41
1789574795|20260917000635|937.49
1789574810|20260917000650|937.29
1789574815|20260917000655|937.34
1789574825|20260917000705|937.31
1789574830|20260917000710|937.34
1789574835|20260917000715|937.33
1789574840|20260917000720|937.30
1789574845|20260917000725|937.24
1789574855|20260917000735|937.40
1789574860|20260917000740|937.38
1789574870|20260917000750|937.65
1789574875|20260917000755|937.60
1789574885|20260917000805|937.61
1789574890|20260917000810|937.53
1789574895|20260917000815|937.53
1789574900|20260917000820|937.51
1789574905|20260917000825|937.68
1789574915|20260917000835|937.75
1789574930|20260917000850|937.75
1789574935|20260917000855|937.77
1789574945|20260917000905|937.72
1789574950|20260917000910|937.76
1789574955|20260917000915|937.75
1789574960|20260917000920|937.78
1789575000|20260917001000|937.86
1789575005|20260917001005|937.93
1789575010|20260917001010|937.79
1789575020|20260917001020|937.88
1789575025|20260917001025|937.94
1789575035|20260917001035|938.01
1789575040|20260917001040|937.95
1789575045|20260917001045|937.96
1789575055|20260917001055|937.89
1789575070|20260917001110|937.80
1789575075|20260917001115|937.79
1789575080|20260917001120|937.84
1789575085|20260917001125|937.82
1789575095|20260917001135|937.77
1789575100|20260917001140|937.87
1789575115|20260917001155|937.98
1789575125|20260917001205|937.99
1789575130|20260917001210|937.98
1789575135|20260917001215|937.94
1789575140|20260917001220|937.84
1789575155|20260917001235|937.76
1789575160|20260917001240|937.80
1789575165|20260917001245|937.62
1789575170|20260917001250|937.68
1789575190|20260917001310|937.92
1789575215|20260917001335|937.99
1789575225|20260917001345|938.18
1789575230|20260917001350|938.11
1789575245|20260917001405|937.81
1789575255|20260917001415|937.95
1789575260|20260917001420|937.95
1789575265|20260917001425|937.88
1789575305|20260917001505|938.20
1789575310|20260917001510|938.21
1789575315|20260917001515|938.20
1789575325|20260917001525|938.18
1789575335|20260917001535|938.26
1789575345|20260917001545|938.23
1789575350|20260917001550|938.22
1789575355|20260917001555|938.25
1789575375|20260917001615|938.24
1789575395|20260917001635|938.37
1789575400|20260917001640|938.25
1789575415|20260917001655|938.22
1789575435|20260917001715|938.18
1789575440|20260917001720|938.10
1789575455|20260917001735|938.04
1789575460|20260917001740|938.00
1789575465|20260917001745|938.03
1789575470|20260917001750|938.10
1789575475|20260917001755|938.10
1789575485|20260917001805|938.07
1789575490|20260917001810|938.05
1789575495|20260917001815|938.01
1789575500|20260917001820|938.06
1789575505|20260917001825|938.10
1789575515|20260917001835|937.96
1789575525|20260917001845|937.98
1789575530|20260917001850|937.96
1789575545|20260917001905|937.89
1789575550|20260917001910|937.91
1789575555|20260917001915|937.88
1789575560|20260917001920|937.82
1789575565|20260917001925|937.86
1789575600|20260917002000|937.87
1789575605|20260917002005|937.91
1789575610|20260917002010|937.91
1789575615|20260917002015|937.93
1789575620|20260917002020|937.91
1789575625|20260917002025|937.90
1789575640|20260917002040|937.92
1789575645|20260917002045|937.81
1789575650|20260917002050|937.77
1789575655|20260917002055|937.83
1789575665|20260917002105|937.80
1789575670|20260917002110|937.82
1789575675|20260917002115|937.77
1789575700|20260917002140|937.51
1789575705|20260917002145|937.47
1789575710|20260917002150|937.48
1789575725|20260917002205|937.36
1789575730|20260917002210|937.28
1789575735|20260917002215|937.33
1789575745|20260917002225|937.33
1789575765|20260917002245|937.34
1789575770|20260917002250|937.34
1789575775|20260917002255|937.33
1789575785|20260917002305|937.35
1789575790|20260917002310|937.29
1789575795|20260917002315|937.30
1789575805|20260917002325|937.23
1789575815|20260917002335|937.37
1789575820|20260917002340|937.31
1789575825|20260917002345|937.30
1789575830|20260917002350|937.49
1789575845|20260917002405|937.31
1789575855|20260917002415|937.30
1789575860|20260917002420|937.32
1789575905|20260917002505|937.37
1789575910|20260917002510|937.36
1789575915|20260917002515|937.31
1789575920|20260917002520|937.47
1789575925|20260917002525|937.44
1789575935|20260917002535|937.56
1789575955|20260917002555|937.47
1789575965|20260917002605|937.53
1789575970|20260917002610|937.52
1789575975|20260917002615|937.49
1789575980|20260917002620|937.51
1789575985|20260917002625|937.34
1789575995|20260917002635|937.26
1789576000|20260917002640|937.25
1789576005|20260917002645|937.26
1789576010|20260917002650|937.24
1789576015|20260917002655|937.13
1789576025|20260917002705|937.15
1789576030|20260917002710|937.09
1789576035|20260917002715|937.09
1789576045|20260917002725|937.03
1789576065|20260917002745|937.17
1789576075|20260917002755|937.15
1789576085|20260917002805|936.92
1789576090|20260917002810|936.84
1789576095|20260917002815|936.93
1789576100|20260917002820|936.83
1789576105|20260917002825|936.80
1789576120|20260917002840|936.75
1789576155|20260917002915|936.87
1789576165|20260917002925|936.81
1789576205|20260917003005|937.11
1789576210|20260917003010|937.14
1789576215|20260917003015|937.01
1789576220|20260917003020|937.05
1789576225|20260917003025|937.10
1789576235|20260917003035|937.09
1789576240|20260917003040|937.12
1789576245|20260917003045|937.07
1789576250|20260917003050|936.95
1789576255|20260917003055|936.97
1789576265|20260917003105|936.92
1789576270|20260917003110|936.93
1789576275|20260917003115|937.15
1789576280|20260917003120|937.13
1789576285|20260917003125|937.18
1789576295|20260917003135|937.34
1789576300|20260917003140|937.35
1789576305|20260917003145|937.31
1789576315|20260917003155|937.22
1789576325|20260917003205|937.46
1789576330|20260917003210|937.49
1789576335|20260917003215|937.42
1789576340|20260917003220|937.43
1789576345|20260917003225|937.33
1789576355|20260917003235|937.30
1789576360|20260917003240|937.32
1789576365|20260917003245|937.34
1789576370|20260917003250|937.28
1789576385|20260917003305|937.27
1789576390|20260917003310|937.29
1789576395|20260917003315|937.38
1789576400|20260917003320|937.48
1789576405|20260917003325|937.44
1789576420|20260917003340|937.51
1789576425|20260917003345|937.50
1789576430|20260917003350|937.50
1789576445|20260917003405|937.43
1789576450|20260917003410|937.50
1789576455|20260917003415|937.55
1789576460|20260917003420|937.50
1789576465|20260917003425|937.50
1789576505|20260917003505|937.48
1789576515|20260917003515|937.55
1789576520|20260917003520|937.57
1789576535|20260917003535|937.54
1789576540|20260917003540|937.51
1789576550|20260917003550|937.51
1789576555|20260917003555|937.39
1789576570|20260917003610|937.45
1789576575|20260917003615|937.49
1789576580|20260917003620|937.47
1789576600|20260917003640|937.35
1789576605|20260917003645|937.26
1789576615|20260917003655|937.25
1789576630|20260917003710|937.12
1789576640|20260917003720|937.12
1789576645|20260917003725|937.14
1789576655|20260917003735|937.17
1789576660|20260917003740|937.14
1789576665|20260917003745|937.16
1789576670|20260917003750|937.17
1789576675|20260917003755|937.19
1789576690|20260917003810|937.08
1789576695|20260917003815|937.05
1789576700|20260917003820|937.04
1789576705|20260917003825|937.06
1789576715|20260917003835|936.99
1789576720|20260917003840|937.00
1789576725|20260917003845|936.97
1789576745|20260917003905|937.15
1789576750|20260917003910|937.15
1789576760|20260917003920|937.22
1789576765|20260917003925|937.28
1789576805|20260917004005|937.39
1789576820|20260917004020|937.36
1789576835|20260917004035|937.34
1789576845|20260917004045|937.36
1789576850|20260917004050|937.31
1789576855|20260917004055|937.34
1789576865|20260917004105|937.53
1789576870|20260917004110|937.54
1789576875|20260917004115|937.31
1789576885|20260917004125|937.39
1789576900|20260917004140|937.45
1789576905|20260917004145|937.35
1789576910|20260917004150|937.38
1789576915|20260917004155|937.42
1789576925|20260917004205|937.34
1789576930|20260917004210|937.40
1789576940|20260917004220|937.31
1789576945|20260917004225|937.34
1789576955|20260917004235|937.34
1789576960|20260917004240|937.33
1789576965|20260917004245|937.35
1789576970|20260917004250|937.31
1789576975|20260917004255|937.38
1789576985|20260917004305|937.38
1789577000|20260917004320|937.37
1789577005|20260917004325|937.31
1789577020|20260917004340|937.38
1789577025|20260917004345|937.37
1789577030|20260917004350|937.36
1789577035|20260917004355|937.35
1789577045|20260917004405|937.39
1789577050|20260917004410|937.40
1789577055|20260917004415|937.34
1789577060|20260917004420|937.39
1789577065|20260917004425|937.44
1789577075|20260917004435|937.39
1789577080|20260917004440|937.36
1789577115|20260917004515|937.52
1789577120|20260917004520|937.54
1789577135|20260917004535|937.51
1789577140|20260917004540|937.50
1789577145|20260917004545|937.47
1789577155|20260917004555|937.44
1789577165|20260917004605|937.36
1789577170|20260917004610|937.38
1789577175|20260917004615|937.38
1789577180|20260917004620|937.34
1789577185|20260917004625|937.29
1789577195|20260917004635|937.41
1789577205|20260917004645|937.46
1789577210|20260917004650|937.43
1789577215|20260917004655|937.49
1789577225|20260917004705|937.43
1789577230|20260917004710|937.40
1789577235|20260917004715|937.26
1789577240|20260917004720|937.23
1789577245|20260917004725|937.40
1789577255|20260917004735|937.36
1789577260|20260917004740|937.35
1789577265|20260917004745|937.40
1789577270|20260917004750|937.43
1789577275|20260917004755|937.49
1789577285|20260917004805|937.52
1789577290|20260917004810|937.60
1789577295|20260917004815|937.58
1789577300|20260917004820|937.60
1789577305|20260917004825|937.59
1789577315|20260917004835|937.52
1789577320|20260917004840|937.50
1789577325|20260917004845|937.35
1789577330|20260917004850|937.41
1789577345|20260917004905|937.43
1789577350|20260917004910|937.44
1789577355|20260917004915|937.46
1789577360|20260917004920|937.50
1789577365|20260917004925|937.45
1789577400|20260917005000|937.10
1789577405|20260917005005|937.02
1789577410|20260917005010|936.99
1789577415|20260917005015|937.04
1789577420|20260917005020|936.94
1789577425|20260917005025|936.91
1789577440|20260917005040|936.77
1789577445|20260917005045|936.77
1789577455|20260917005055|936.70
1789577475|20260917005115|936.78
1789577480|20260917005120|936.77
1789577485|20260917005125|936.76
1789577505|20260917005145|936.71
1789577515|20260917005155|936.64
1789577525|20260917005205|936.69
1789577530|20260917005210|936.65
1789577535|20260917005215|936.76
1789577540|20260917005220|936.80
1789577545|20260917005225|936.76
1789577560|20260917005240|936.61
1789577585|20260917005305|936.78
1789577590|20260917005310|936.79
1789577595|20260917005315|936.84
1789577600|20260917005320|936.76
1789577605|20260917005325|936.79
1789577615|20260917005335|936.85
1789577620|20260917005340|936.89
1789577630|20260917005350|936.93
1789577635|20260917005355|936.96
1789577655|20260917005415|936.93
1789577660|20260917005420|936.92
1789577665|20260917005425|936.94
1789577695|20260917005455|936.93
1789577705|20260917005505|937.02
1789577715|20260917005515|936.99
1789577720|20260917005520|937.05
1789577725|20260917005525|937.07
1789577735|20260917005535|937.23
1789577745|20260917005545|937.30
1789577765|20260917005605|937.32
1789577770|20260917005610|937.33
1789577775|20260917005615|937.29
1789577780|20260917005620|937.28
1789577795|20260917005635|937.23
1789577800|20260917005640|937.05
1789577805|20260917005645|937.01
1789577810|20260917005650|936.99
1789577815|20260917005655|936.98
1789577830|20260917005710|937.10
1789577835|20260917005715|937.06
1789577840|20260917005720|937.09
1789577845|20260917005725|937.06
1789577855|20260917005735|937.13
1789577860|20260917005740|937.09
1789577865|20260917005745|937.08
1789577875|20260917005755|937.18
1789577890|20260917005810|937.26
1789577895|20260917005815|937.25
1789577900|20260917005820|937.22
1789577905|20260917005825|937.29
1789577915|20260917005835|937.26
1789577925|20260917005845|937.28
1789577930|20260917005850|937.33
1789577935|20260917005855|937.28
1789577945|20260917005905|937.22
1789577950|20260917005910|937.26
1789577955|20260917005915|937.26
1789577960|20260917005920|937.30
1789577965|20260917005925|937.28
1789578000|20260917010000|937.26
1789578005|20260917010005|937.12
1789578010|20260917010010|937.19
1789578015|20260917010015|937.24
1789578020|20260917010020|937.21
1789578025|20260917010025|937.09
1789578035|20260917010035|937.01
1789578040|20260917010040|937.05
1789578045|20260917010045|937.02
1789578055|20260917010055|936.96
1789578065|20260917010105|936.80
1789578080|20260917010120|936.70
1789578085|20260917010125|936.66
1789578095|20260917010135|936.68
1789578100|20260917010140|936.60
1789578105|20260917010145|936.65
1789578110|20260917010150|936.69
1789578115|20260917010155|936.62
1789578125|20260917010205|936.55
1789578130|20260917010210|936.47
1789578135|20260917010215|936.58
1789578140|20260917010220|936.51
1789578155|20260917010235|936.59
1789578160|20260917010240|936.66
1789578165|20260917010245|936.58
1789578175|20260917010255|936.58
1789578185|20260917010305|936.55
1789578190|20260917010310|936.56
1789578195|20260917010315|936.66
1789578200|20260917010320|936.64
1789578205|20260917010325|936.70
1789578215|20260917010335|936.79
1789578225|20260917010345|936.86
1789578230|20260917010350|936.79
1789578235|20260917010355|936.73
1789578245|20260917010405|936.73
1789578255|20260917010415|936.85
1789578260|20260917010420|936.84
1789578265|20260917010425|936.83
1789578280|20260917010440|936.84
1789578315|20260917010515|936.99
1789578345|20260917010545|936.90
1789578355|20260917010555|936.96
1789578365|20260917010605|936.99
1789578370|20260917010610|937.01
1789578375|20260917010615|936.95
1789578380|20260917010620|936.80
1789578385|20260917010625|936.80
1789578395|20260917010635|936.76
1789578400|20260917010640|936.70
1789578415|20260917010655|936.72
1789578425|20260917010705|936.78
1789578435|20260917010715|936.82
1789578440|20260917010720|936.85
1789578455|20260917010735|936.52
1789578460|20260917010740|936.46
1789578475|20260917010755|936.51
1789578485|20260917010805|936.57
1789578490|20260917010810|936.57
1789578495|20260917010815|936.50
1789578505|20260917010825|936.45
1789578515|20260917010835|936.54
1789578525|20260917010845|936.55
1789578530|20260917010850|936.58
1789578535|20260917010855|936.55
1789578545|20260917010905|936.58
1789578550|20260917010910|936.54
1789578555|20260917010915|936.55
1789578565|20260917010925|936.56
1789578580|20260917010940|936.48
1789578605|20260917011005|936.51
1789578610|20260917011010|936.43
1789578625|20260917011025|936.43
1789578635|20260917011035|936.25
1789578650|20260917011050|936.43
1789578665|20260917011105|936.50
1789578670|20260917011110|936.49
1789578680|20260917011120|936.47
1789578685|20260917011125|936.47
1789578700|20260917011140|936.31
1789578705|20260917011145|936.30
1789578710|20260917011150|936.33
1789578725|20260917011205|936.18
1789578730|20260917011210|936.16
1789578740|20260917011220|936.23
1789578755|20260917011235|936.22
1789578775|20260917011255|936.19
1789578785|20260917011305|936.28
1789578795|20260917011315|936.36
1789578805|20260917011325|936.35
1789578815|20260917011335|936.36
1789578820|20260917011340|936.24
1789578825|20260917011345|936.22
1789578845|20260917011405|936.28
1789578850|20260917011410|936.28
1789578855|20260917011415|936.25
1789578860|20260917011420|936.28
1789578915|20260917011515|936.50
1789578920|20260917011520|936.64
1789578925|20260917011525|936.63
1789578935|20260917011535|936.67
1789578940|20260917011540|936.66
1789578945|20260917011545|936.66
1789578950|20260917011550|936.61
1789578965|20260917011605|936.54
1789578970|20260917011610|936.50
1789578975|20260917011615|936.52
1789578980|20260917011620|936.52
1789578985|20260917011625|936.59
1789578995|20260917011635|936.75
1789579000|20260917011640|936.77
1789579005|20260917011645|936.82
1789579010|20260917011650|936.79
1789579015|20260917011655|936.83
1789579025|20260917011705|936.77
1789579030|20260917011710|936.79
1789579035|20260917011715|936.69
1789579040|20260917011720|936.68
1789579045|20260917011725|936.66
1789579055|20260917011735|936.67
1789579060|20260917011740|936.69
1789579065|20260917011745|936.65
1789579070|20260917011750|936.66
1789579090|20260917011810|936.70
1789579100|20260917011820|936.70
1789579105|20260917011825|936.83
1789579115|20260917011835|936.78
1789579120|20260917011840|936.68
1789579125|20260917011845|936.60
1789579130|20260917011850|936.62
1789579135|20260917011855|936.63
1789579145|20260917011905|936.64
1789579155|20260917011915|936.84
1789579160|20260917011920|936.82
1789579165|20260917011925|936.76
1789579200|20260917012000|936.79
1789579205|20260917012005|936.82
1789579210|20260917012010|936.88
1789579215|20260917012015|936.88
1789579220|20260917012020|936.87
1789579225|20260917012025|936.82
1789579240|20260917012040|936.75
1789579250|20260917012050|936.66
1789579255|20260917012055|936.65
1789579270|20260917012110|936.66
1789579275|20260917012115|936.64
1789579280|20260917012120|936.62
1789579295|20260917012135|936.57
1789579300|20260917012140|936.60
1789579305|20260917012145|936.57
1789579325|20260917012205|936.49
1789579330|20260917012210|936.49
1789579335|20260917012215|936.46
1789579340|20260917012220|936.57
1789579345|20260917012225|936.57
1789579360|20260917012240|936.55
1789579365|20260917012245|936.44
1789579370|20260917012250|936.45
1789579375|20260917012255|936.40
1789579385|20260917012305|936.37
1789579390|20260917012310|936.31
1789579395|20260917012315|936.33
1789579400|20260917012320|936.33
1789579405|20260917012325|936.37
1789579420|20260917012340|936.50
1789579445|20260917012405|936.62
1789579450|20260917012410|936.65
1789579460|20260917012420|936.67
1789579465|20260917012425|936.63
1789579505|20260917012505|936.74
1789579515|20260917012515|936.78
1789579525|20260917012525|936.85
1789579535|20260917012535|936.98
1789579540|20260917012540|937.04
1789579545|20260917012545|936.98
1789579550|20260917012550|937.01
1789579555|20260917012555|937.01
1789579575|20260917012615|937.01
1789579585|20260917012625|937.03
1789579595|20260917012635|937.10
1789579600|20260917012640|937.12
1789579605|20260917012645|937.14
1789579630|20260917012710|937.12
1789579635|20260917012715|937.18
1789579645|20260917012725|937.13
1789579655|20260917012735|937.31
1789579675|20260917012755|937.13
1789579685|20260917012805|937.16
1789579690|20260917012810|937.22
1789579695|20260917012815|937.22
1789579700|20260917012820|937.19
1789579725|20260917012845|937.15
1789579735|20260917012855|937.10
1789579745|20260917012905|936.92
1789579750|20260917012910|936.89
1789579755|20260917012915|937.02
1789579760|20260917012920|936.96
1789579765|20260917012925|937.04
1789579800|20260917013000|937.27
1789579805|20260917013005|937.33
1789579810|20260917013010|937.39
1789579815|20260917013015|937.32
1789579820|20260917013020|937.50
1789579825|20260917013025|937.49
1789579835|20260917013035|937.59
1789579840|20260917013040|937.52
1789579845|20260917013045|937.47
1789579850|20260917013050|937.45
1789579855|20260917013055|937.45
1789579865|20260917013105|937.37
1789579870|20260917013110|937.33
1789579875|20260917013115|937.34
1789579880|20260917013120|937.32
1789579885|20260917013125|937.19
1789579895|20260917013135|937.24
1789579900|20260917013140|937.19
1789579905|20260917013145|937.17
1789579915|20260917013155|937.14
1789579925|20260917013205|937.27
1789579930|20260917013210|937.32
1789579935|20260917013215|937.32
1789579940|20260917013220|937.30
1789579945|20260917013225|937.35
1789579955|20260917013235|937.48
1789579960|20260917013240|937.48
1789579970|20260917013250|937.51
1789579975|20260917013255|937.48
1789579985|20260917013305|937.67
1789579990|20260917013310|937.70
1789579995|20260917013315|937.68
1789580000|20260917013320|937.65
1789580005|20260917013325|937.68
1789580015|20260917013335|937.77
1789580020|20260917013340|937.95
1789580025|20260917013345|937.80
1789580045|20260917013405|937.85
1789580050|20260917013410|937.88
1789580055|20260917013415|937.88
1789580060|20260917013420|937.87
1789580065|20260917013425|937.90
1789580105|20260917013505|937.72
1789580110|20260917013510|937.73
1789580115|20260917013515|937.77
1789580120|20260917013520|937.75
1789580125|20260917013525|937.64
1789580135|20260917013535|937.71
1789580140|20260917013540|937.64
1789580145|20260917013545|937.65
1789580150|20260917013550|937.58
1789580155|20260917013555|937.55
1789580165|20260917013605|937.63
1789580175|20260917013615|937.50
1789580180|20260917013620|937.22
1789580185|20260917013625|937.26
1789580195|20260917013635|937.24
1789580200|20260917013640|937.31
1789580205|20260917013645|937.33
1789580210|20260917013650|937.30
1789580215|20260917013655|937.31
1789580225|20260917013705|937.19
1789580235|20260917013715|937.22
1789580240|20260917013720|937.26
1789580245|20260917013725|937.27
1789580255|20260917013735|937.28
1789580265|20260917013745|937.25
1789580270|20260917013750|937.29
1789580275|20260917013755|937.33
1789580285|20260917013805|937.28
1789580290|20260917013810|937.22
1789580300|20260917013820|937.21
1789580305|20260917013825|937.18
1789580320|20260917013840|936.98
1789580325|20260917013845|937.05
1789580330|20260917013850|937.02
1789580335|20260917013855|936.99
1789580345|20260917013905|936.97
1789580350|20260917013910|936.79
1789580355|20260917013915|936.82
1789580365|20260917013925|936.80
1789580405|20260917014005|936.61
1789580410|20260917014010|936.57
1789580415|20260917014015|936.61
1789580420|20260917014020|936.67
1789580425|20260917014025|936.64
1789580450|20260917014050|936.80
1789580455|20260917014055|936.72
1789580465|20260917014105|936.77
1789580470|20260917014110|936.83
1789580475|20260917014115|936.80
1789580480|20260917014120|936.88
1789580485|20260917014125|936.86
1789580495|20260917014135|936.82
1789580500|20260917014140|936.80
1789580505|20260917014145|936.82
1789580510|20260917014150|936.88
1789580525|20260917014205|936.78
1789580530|20260917014210|936.81
1789580535|20260917014215|936.76
1789580545|20260917014225|936.77
1789580555|20260917014235|936.86
1789580560|20260917014240|936.86
1789580565|20260917014245|936.86
1789580575|20260917014255|936.91
1789580585|20260917014305|936.84
1789580590|20260917014310|936.83
1789580595|20260917014315|936.89
1789580600|20260917014320|936.87
1789580605|20260917014325|936.84
1789580615|20260917014335|936.77
1789580625|20260917014345|936.72
1789580630|20260917014350|936.61
1789580645|20260917014405|936.65
1789580650|20260917014410|936.65
1789580705|20260917014505|936.69
1789580710|20260917014510|936.68
1789580715|20260917014515|936.57
1789580725|20260917014525|936.62
1789580735|20260917014535|936.72
1789580745|20260917014545|936.65
1789580755|20260917014555|936.69
1789580765|20260917014605|936.55
1789580770|20260917014610|936.64
1789580775|20260917014615|936.61
1789580785|20260917014625|936.68
1789580795|20260917014635|936.75
1789580800|20260917014640|936.79
1789580805|20260917014645|936.81
1789580810|20260917014650|936.76
1789580815|20260917014655|936.74
1789580825|20260917014705|936.79
1789580830|20260917014710|936.74
1789580835|20260917014715|936.75
1789580840|20260917014720|936.82
1789580860|20260917014740|936.44
1789580865|20260917014745|936.46
1789580870|20260917014750|936.49
1789580875|20260917014755|936.44
1789580885|20260917014805|936.39
1789580890|20260917014810|936.52
1789580895|20260917014815|936.63
1789580900|20260917014820|936.63
1789580920|20260917014840|936.80
1789580935|20260917014855|936.86
1789580950|20260917014910|936.81
1789580955|20260917014915|936.88
1789580960|20260917014920|936.85
1789580965|20260917014925|936.85
1789581000|20260917015000|936.75
1789581005|20260917015005|936.80
1789581015|20260917015015|936.84
1789581020|20260917015020|936.75
1789581025|20260917015025|936.79
1789581035|20260917015035|936.79
1789581040|20260917015040|936.80
1789581045|20260917015045|936.85
1789581065|20260917015105|936.72
1789581075|20260917015115|936.82
1789581080|20260917015120|936.75
1789581095|20260917015135|936.80
1789581110|20260917015150|936.84
1789581115|20260917015155|937.10
1789581125|20260917015205|937.12
1789581130|20260917015210|936.96
1789581135|20260917015215|936.93
1789581140|20260917015220|936.81
1789581175|20260917015255|937.21
1789581185|20260917015305|937.46
1789581190|20260917015310|937.46
1789581195|20260917015315|937.38
1789581205|20260917015325|937.49
1789581225|20260917015345|937.66
1789581245|20260917015405|937.96
1789581255|20260917015415|937.88
1789581260|20260917015420|937.85
1789581265|20260917015425|937.85
1789581305|20260917015505|937.52
1789581310|20260917015510|937.65
1789581315|20260917015515|937.64
1789581320|20260917015520|937.70
1789581325|20260917015525|937.77
1789581340|20260917015540|937.89
1789581365|20260917015605|937.45
1789581370|20260917015610|937.53
1789581375|20260917015615|937.60
1789581380|20260917015620|937.61
1789581385|20260917015625|937.77
1789581395|20260917015635|937.94
1789581405|20260917015645|938.07
1789581415|20260917015655|938.15
1789581425|20260917015705|938.07
1789581430|20260917015710|938.27
1789581435|20260917015715|938.20
1789581440|20260917015720|938.21
1789581445|20260917015725|938.16
1789581465|20260917015745|938.57
1789581485|20260917015805|938.79
1789581490|20260917015810|938.68
1789581495|20260917015815|938.59
1789581500|20260917015820|938.70
1789581505|20260917015825|938.97
1789581515|20260917015835|939.02
1789581520|20260917015840|939.11
1789581525|20260917015845|938.96
1789581530|20260917015850|938.74
1789581545|20260917015905|938.82
1789581550|20260917015910|938.79
1789581555|20260917015915|938.74
1789581560|20260917015920|938.71
1789581565|20260917015925|938.53
1789581600|20260917020000|940.30
1789581605|20260917020005|939.21
1789581615|20260917020015|938.61
1789581620|20260917020020|938.39
1789581625|20260917020025|937.19
1789581635|20260917020035|936.42
1789581640|20260917020040|938.09
1789581645|20260917020045|939.92
1789581665|20260917020105|935.40
1789581675|20260917020115|933.04
1789581680|20260917020120|932.94
1789581695|20260917020135|932.56
1789581700|20260917020140|932.15
1789581705|20260917020145|932.38
1789581710|20260917020150|932.26
1789581730|20260917020210|931.04
1789581735|20260917020215|930.95
1789581740|20260917020220|930.96
1789581745|20260917020225|931.27
1789581755|20260917020235|931.09
1789581760|20260917020240|931.38
1789581765|20260917020245|932.21
1789581770|20260917020250|932.94
1789581775|20260917020255|933.56
1789581785|20260917020305|934.17
1789581790|20260917020310|934.89
1789581795|20260917020315|935.27
1789581800|20260917020320|935.27
1789581815|20260917020335|935.60
1789581825|20260917020345|934.96
1789581830|20260917020350|935.12
1789581845|20260917020405|933.99
1789581855|20260917020415|933.00
1789581860|20260917020420|933.17
1789581865|20260917020425|932.78
1789581905|20260917020505|933.25
1789581910|20260917020510|933.05
1789581915|20260917020515|933.05
1789581920|20260917020520|932.77
1789581945|20260917020545|934.68
1789581950|20260917020550|934.58
1789581965|20260917020605|934.47
1789581970|20260917020610|934.31
1789581975|20260917020615|934.20
1789581980|20260917020620|934.49
1789582000|20260917020640|934.83
1789582010|20260917020650|934.49
1789582015|20260917020655|934.29
1789582025|20260917020705|934.70
1789582030|20260917020710|934.38
1789582035|20260917020715|935.22
1789582040|20260917020720|935.66
1789582065|20260917020745|934.74
1789582085|20260917020805|936.42
1789582095|20260917020815|936.66
1789582100|20260917020820|936.98
1789582115|20260917020835|934.92
1789582120|20260917020840|935.06
1789582125|20260917020845|934.99
1789582145|20260917020905|935.62
1789582150|20260917020910|934.99
1789582155|20260917020915|935.29
1789582160|20260917020920|934.72
1789582205|20260917021005|933.84
1789582210|20260917021010|934.41
1789582215|20260917021015|934.54
1789582220|20260917021020|933.89
1789582225|20260917021025|933.40
1789582235|20260917021035|932.78
1789582245|20260917021045|933.40
1789582250|20260917021050|933.24
1789582255|20260917021055|933.19
1789582265|20260917021105|933.42
1789582275|20260917021115|932.63
1789582280|20260917021120|932.64
1789582295|20260917021135|931.74
1789582300|20260917021140|932.06
1789582305|20260917021145|931.46
1789582315|20260917021155|930.88
1789582325|20260917021205|930.15
1789582330|20260917021210|930.49
1789582335|20260917021215|930.49
1789582340|20260917021220|930.38
1789582345|20260917021225|930.42
1789582360|20260917021240|929.63
1789582365|20260917021245|929.55
1789582375|20260917021255|930.17
1789582385|20260917021305|929.86
1789582390|20260917021310|929.53
1789582395|20260917021315|929.16
1789582400|20260917021320|929.62
1789582415|20260917021335|929.90
1789582420|20260917021340|929.92
1789582425|20260917021345|929.52
1789582435|20260917021355|929.57
1789582445|20260917021405|929.68
1789582455|20260917021415|929.98
1789582460|20260917021420|929.85
1789582465|20260917021425|929.83
1789582500|20260917021500|929.90
1789582505|20260917021505|929.54
1789582515|20260917021515|929.80
1789582520|20260917021520|929.88
1789582525|20260917021525|929.90
1789582535|20260917021535|930.17
1789582545|20260917021545|929.89
1789582550|20260917021550|929.74
1789582565|20260917021605|929.03
1789582570|20260917021610|929.21
1789582575|20260917021615|929.23
1789582580|20260917021620|929.48
1789582600|20260917021640|929.64
1789582605|20260917021645|930.34
1789582615|20260917021655|929.51
1789582625|20260917021705|929.49
1789582630|20260917021710|928.86
1789582635|20260917021715|929.23
1789582640|20260917021720|929.06
1789582645|20260917021725|929.96
1789582660|20260917021740|930.33
1789582665|20260917021745|930.37
1789582685|20260917021805|929.77
1789582690|20260917021810|929.35
1789582695|20260917021815|930.10
1789582700|20260917021820|930.56
1789582705|20260917021825|930.35
1789582715|20260917021835|930.42
1789582720|20260917021840|930.07
1789582725|20260917021845|929.78
1789582730|20260917021850|929.32
1789582735|20260917021855|929.54
1789582745|20260917021905|929.92
1789582750|20260917021910|929.83
1789582755|20260917021915|929.43
1789582760|20260917021920|929.42
1789582765|20260917021925|929.74
1789582770|20260917021930|930.20
1789582775|20260917021935|930.76
1789582780|20260917021940|930.65
1789582785|20260917021945|930.18
1789582790|20260917021950|930.74
1789582795|20260917021955|930.63
1789582800|20260917022000|931.50
1789582805|20260917022005|931.39
1789582810|20260917022010|931.04
1789582815|20260917022015|930.82
1789582820|20260917022020|930.65
1789582825|20260917022025|930.75
1789582835|20260917022035|931.51
1789582840|20260917022040|931.99
1789582845|20260917022045|932.16
1789582855|20260917022055|931.93
1789582870|20260917022110|932.19
1789582875|20260917022115|932.38
1789582880|20260917022120|931.98
1789582885|20260917022125|932.17
1789582900|20260917022140|931.80
1789582905|20260917022145|931.92
1789582915|20260917022155|932.15
1789582925|20260917022205|932.04
1789582930|20260917022210|932.17
1789582935|20260917022215|932.11
1789582940|20260917022220|931.64
1789582945|20260917022225|931.51
1789582955|20260917022235|931.70
1789582960|20260917022240|931.58
1789582965|20260917022245|932.05
1789582975|20260917022255|931.13
1789582985|20260917022305|930.81
1789582990|20260917022310|930.65
1789582995|20260917022315|930.71
1789583000|20260917022320|930.71
1789583005|20260917022325|931.21
1789583015|20260917022335|931.07
1789583025|20260917022345|931.21
1789583030|20260917022350|930.82
1789583035|20260917022355|931.09
1789583045|20260917022405|931.67
1789583050|20260917022410|931.61
1789583055|20260917022415|931.70
1789583060|20260917022420|931.93
1789583065|20260917022425|931.79
1789583080|20260917022440|931.25
1789583110|20260917022510|930.67
1789583115|20260917022515|930.72
1789583120|20260917022520|930.56
1789583125|20260917022525|930.67
1789583135|20260917022535|930.21
1789583140|20260917022540|930.50
1789583145|20260917022545|930.72
1789583155|20260917022555|930.35
1789583165|20260917022605|930.39
1789583170|20260917022610|930.94
1789583175|20260917022615|930.91
1789583180|20260917022620|930.81
1789583185|20260917022625|930.97
1789583195|20260917022635|930.71
1789583200|20260917022640|930.34
1789583205|20260917022645|930.98
1789583210|20260917022650|930.73
1789583215|20260917022655|930.77
1789583225|20260917022705|930.79
1789583230|20260917022710|930.84
1789583235|20260917022715|930.71
1789583240|20260917022720|930.44
1789583245|20260917022725|930.30
1789583255|20260917022735|930.28
1789583260|20260917022740|930.42
1789583275|20260917022755|930.88
1789583295|20260917022815|930.06
1789583305|20260917022825|930.70
1789583320|20260917022840|930.30
1789583325|20260917022845|930.74
1789583330|20260917022850|930.76
1789583345|20260917022905|930.88
1789583360|20260917022920|931.12
1789583365|20260917022925|931.53
1789583400|20260917023000|932.23
1789583405|20260917023005|932.27
1789583410|20260917023010|932.34
1789583415|20260917023015|932.37
1789583420|20260917023020|932.13
1789583425|20260917023025|931.89
1789583440|20260917023040|931.05
1789583445|20260917023045|930.64
1789583450|20260917023050|930.32
1789583465|20260917023105|930.27
1789583470|20260917023110|929.00
1789583475|20260917023115|929.08
1789583485|20260917023125|928.62
1789583495|20260917023135|928.33
1789583525|20260917023205|929.51
1789583530|20260917023210|929.31
1789583540|20260917023220|928.01
1789583545|20260917023225|927.32
1789583565|20260917023245|926.48
1789583570|20260917023250|926.24
1789583575|20260917023255|926.41
1789583585|20260917023305|925.45
1789583590|20260917023310|925.57
1789583595|20260917023315|925.86
1789583605|20260917023325|924.44
1789583615|20260917023335|925.35
1789583625|20260917023345|923.89
1789583645|20260917023405|924.52
1789583655|20260917023415|924.06
1789583660|20260917023420|923.83
1789583705|20260917023505|923.78
1789583710|20260917023510|924.08
1789583715|20260917023515|923.87
1789583720|20260917023520|923.37
1789583725|20260917023525|923.09
1789583735|20260917023535|923.00
1789583740|20260917023540|922.94
1789583750|20260917023550|922.56
1789583755|20260917023555|921.94
1789583765|20260917023605|922.00
1789583770|20260917023610|921.76
1789583775|20260917023615|921.72
1789583780|20260917023620|922.18
1789583785|20260917023625|922.17
1789583795|20260917023635|921.72
1789583800|20260917023640|921.74
1789583805|20260917023645|922.07
1789583810|20260917023650|921.41
1789583815|20260917023655|921.11
1789583830|20260917023710|920.37
1789583835|20260917023715|920.00
1789583845|20260917023725|920.67
1789583855|20260917023735|920.76
1789583865|20260917023745|920.03
1789583870|20260917023750|920.67
1789583875|20260917023755|920.17
1789583885|20260917023805|921.98
1789583890|20260917023810|922.13
1789583895|20260917023815|921.98
1789583900|20260917023820|922.79
1789583905|20260917023825|922.69
1789583915|20260917023835|923.77
1789583920|20260917023840|923.70
1789583925|20260917023845|923.72
1789583930|20260917023850|923.62
1789583945|20260917023905|923.70
1789583950|20260917023910|924.13
1789583955|20260917023915|924.05
1789583960|20260917023920|924.20
1789583965|20260917023925|924.35
1789584000|20260917024000|925.46
1789584005|20260917024005|925.47
1789584010|20260917024010|925.49
1789584015|20260917024015|925.95
1789584020|20260917024020|925.29
1789584025|20260917024025|925.67
1789584035|20260917024035|924.87
1789584040|20260917024040|924.91
1789584050|20260917024050|925.22
1789584055|20260917024055|925.30
1789584065|20260917024105|924.97
1789584070|20260917024110|925.23
1789584080|20260917024120|924.83
1789584100|20260917024140|925.39
1789584105|20260917024145|926.32
1789584115|20260917024155|926.04
1789584125|20260917024205|926.59
1789584135|20260917024215|926.88
1789584145|20260917024225|927.09
1789584160|20260917024240|926.71
1789584170|20260917024250|927.07
1789584185|20260917024305|927.72
1789584190|20260917024310|928.01
1789584195|20260917024315|927.79
1789584200|20260917024320|927.76
1789584220|20260917024340|929.41
1789584225|20260917024345|928.95
1789584230|20260917024350|928.88
1789584250|20260917024410|929.22
1789584255|20260917024415|929.67
1789584260|20260917024420|929.69
1789584265|20260917024425|929.57
1789584305|20260917024505|927.74
1789584310|20260917024510|927.97
1789584315|20260917024515|928.43
1789584320|20260917024520|928.46
1789584325|20260917024525|928.47
1789584340|20260917024540|928.18
1789584350|20260917024550|928.21
1789584355|20260917024555|928.87
1789584365|20260917024605|928.64
1789584375|20260917024615|928.40
1789584380|20260917024620|928.24
1789584385|20260917024625|928.33
1789584400|20260917024640|928.60
1789584405|20260917024645|928.36
1789584410|20260917024650|928.48
1789584425|20260917024705|927.85
1789584430|20260917024710|927.91
1789584435|20260917024715|927.72
1789584445|20260917024725|927.47
1789584455|20260917024735|927.70
1789584465|20260917024745|927.83
1789584475|20260917024755|926.88
1789584485|20260917024805|926.77
1789584490|20260917024810|926.30
1789584495|20260917024815|926.26
1789584500|20260917024820|926.41
1789584505|20260917024825|926.55
1789584520|20260917024840|926.57
1789584525|20260917024845|926.18
1789584535|20260917024855|926.52
1789584545|20260917024905|926.56
1789584550|20260917024910|926.76
1789584555|20260917024915|926.66
1789584560|20260917024920|926.26
1789584590|20260917024950|926.11
1789584600|20260917025000|926.34
1789584610|20260917025010|925.91
1789584615|20260917025015|926.03
1789584625|20260917025025|926.41
1789584640|20260917025040|925.98
1789584645|20260917025045|926.23
1789584655|20260917025055|925.44
1789584665|20260917025105|924.59
1789584670|20260917025110|924.62
1789584680|20260917025120|924.06
1789584715|20260917025155|924.44
1789584730|20260917025210|923.73
1789584735|20260917025215|923.26
1789584740|20260917025220|923.04
1789584755|20260917025235|922.60
1789584765|20260917025245|922.20
1789584770|20260917025250|922.03
1789584775|20260917025255|921.81
1789584785|20260917025305|921.68
1789584795|20260917025315|922.30
1789584800|20260917025320|922.21
1789584815|20260917025335|922.05
1789584820|20260917025340|920.94
1789584825|20260917025345|921.35
1789584845|20260917025405|920.62
1789584850|20260917025410|920.40
1789584855|20260917025415|920.54
1789584860|20260917025420|920.62
1789584900|20260917025500|920.16
1789584905|20260917025505|919.97
1789584910|20260917025510|919.99
1789584915|20260917025515|920.07
1789584920|20260917025520|920.17
1789584925|20260917025525|920.78
1789584935|20260917025535|921.02
1789584955|20260917025555|921.27
1789584965|20260917025605|920.32
1789584970|20260917025610|919.52
1789584975|20260917025615|918.95
1789584980|20260917025620|919.52
1789584985|20260917025625|920.08
1789584995|20260917025635|920.13
1789585000|20260917025640|920.13
1789585015|20260917025655|920.96
1789585025|20260917025705|919.96
1789585030|20260917025710|919.89
1789585035|20260917025715|919.42
1789585040|20260917025720|919.44
1789585055|20260917025735|918.93
1789585060|20260917025740|918.95
1789585065|20260917025745|919.60
1789585070|20260917025750|919.71
1789585075|20260917025755|919.85
1789585095|20260917025815|920.37
1789585100|20260917025820|920.62
1789585105|20260917025825|920.53
1789585115|20260917025835|920.40
1789585120|20260917025840|920.37
1789585130|20260917025850|920.28
1789585135|20260917025855|920.44
1789585155|20260917025915|920.97
1789585160|20260917025920|920.38
1789585200|20260917030000|919.11
1789585205|20260917030005|919.17
1789585210|20260917030010|919.27
1789585215|20260917030015|919.98
1789585220|20260917030020|920.26
1789585225|20260917030025|920.75
1789585235|20260917030035|921.70
1789585250|20260917030050|922.16
1789585275|20260917030115|923.02
1789585280|20260917030120|922.90
1789585285|20260917030125|922.58
1789585295|20260917030135|922.23
1789585305|20260917030145|921.98
1789585325|20260917030205|922.07
1789585335|20260917030215|922.06
1789585375|20260917030255|922.80
1789585385|20260917030305|922.88
1789585395|20260917030315|923.00
1789585400|20260917030320|922.93
1789585405|20260917030325|922.97
1789585450|20260917030410|924.00
1789585460|20260917030420|923.95
1789585465|20260917030425|923.33
1789585510|20260917030510|921.83
1789585515|20260917030515|920.99
1789585520|20260917030520|920.94
1789585525|20260917030525|920.70
1789585530|20260917030530|920.74
1789585535|20260917030535|920.70
1789585540|20260917030540|921.13
1789585545|20260917030545|921.07
1789585550|20260917030550|921.05
1789585570|20260917030610|921.20
1789585575|20260917030615|921.41
1789585580|20260917030620|921.56
1789585585|20260917030625|921.56
1789585600|20260917030640|921.30
1789585605|20260917030645|921.09
1789585610|20260917030650|920.81
1789585615|20260917030655|920.67
1789585625|20260917030705|920.56
1789585630|20260917030710|918.32
1789585635|20260917030715|918.25
1789585645|20260917030725|918.08
1789585665|20260917030745|919.16
1789585670|20260917030750|919.51
1789585685|20260917030805|919.04
1789585690|20260917030810|918.29
1789585695|20260917030815|918.06
1789585700|20260917030820|918.10
1789585705|20260917030825|917.68
1789585715|20260917030835|917.88
1789585720|20260917030840|917.99
1789585725|20260917030845|918.27
1789585735|20260917030855|918.45
1789585750|20260917030910|918.02
1789585760|20260917030920|918.47
1789585765|20260917030925|918.52
1789585790|20260917030950|916.84
1789585800|20260917031000|917.24
1789585805|20260917031005|917.07
1789585815|20260917031015|916.41
1789585825|20260917031025|915.16
1789585845|20260917031045|914.33
1789585865|20260917031105|913.86
1789585870|20260917031110|914.49
1789585880|20260917031120|915.58
1789585885|20260917031125|915.90
1789585900|20260917031140|915.24
1789585905|20260917031145|915.58
1789585910|20260917031150|915.49
1789585915|20260917031155|915.03
1789585935|20260917031215|915.40
1789585955|20260917031235|915.33
1789585965|20260917031245|915.16
1789585970|20260917031250|914.44
1789585990|20260917031310|914.91
1789586000|20260917031320|914.25
1789586015|20260917031335|915.51
1789586025|20260917031345|914.87
1789586035|20260917031355|915.06
1789586045|20260917031405|915.88
1789586050|20260917031410|915.82
1789586060|20260917031420|916.14
1789586065|20260917031425|916.02
1789586105|20260917031505|917.51
1789586110|20260917031510|917.26
1789586115|20260917031515|917.20
1789586140|20260917031540|918.14
1789586155|20260917031555|917.01
1789586165|20260917031605|916.94
1789586170|20260917031610|916.06
1789586175|20260917031615|916.24
1789586215|20260917031655|916.56
1789586225|20260917031705|916.26
1789586230|20260917031710|915.73
1789586240|20260917031720|915.89
1789586255|20260917031735|915.99
1789586265|20260917031745|915.95
1789586270|20260917031750|916.01
1789586275|20260917031755|916.16
1789586280|20260917031800|915.68
1789586285|20260917031805|915.93
1789586290|20260917031810|915.46
1789586295|20260917031815|915.75
1789586300|20260917031820|916.58
1789586305|20260917031825|916.15
1789586320|20260917031840|916.08
1789586330|20260917031850|915.37
1789586335|20260917031855|915.57
1789586345|20260917031905|915.42
1789586400|20260917032000|915.83
1789586405|20260917032005|916.26
1789586410|20260917032010|916.60
1789586425|20260917032025|916.57
1789586440|20260917032040|916.31
1789586450|20260917032050|916.11
1789586455|20260917032055|916.04
1789586475|20260917032115|916.12
1789586495|20260917032135|915.85
1789586500|20260917032140|916.34
1789586505|20260917032145|916.89
1789586510|20260917032150|916.84
1789586525|20260917032205|916.41
1789586535|20260917032215|916.48
1789586540|20260917032220|916.70
1789586545|20260917032225|916.99
1789586565|20260917032245|916.46
1789586575|20260917032255|916.41
1789586585|20260917032305|916.41
1789586595|20260917032315|916.15
1789586600|20260917032320|916.32
1789586615|20260917032335|916.60
1789586620|20260917032340|916.90
1789586625|20260917032345|916.93
1789586635|20260917032355|917.06
1789586645|20260917032405|917.23
1789586655|20260917032415|917.16
1789586660|20260917032420|917.01
1789586665|20260917032425|916.98
1789586700|20260917032500|917.30
1789586705|20260917032505|917.54
1789586710|20260917032510|917.96
1789586715|20260917032515|917.76
1789586720|20260917032520|917.82
1789586725|20260917032525|917.62
1789586735|20260917032535|917.08
1789586740|20260917032540|917.04
1789586750|20260917032550|916.36
1789586765|20260917032605|916.20
1789586770|20260917032610|915.51
1789586775|20260917032615|915.26
1789586785|20260917032625|915.66
1789586800|20260917032640|915.56
1789586805|20260917032645|915.60
1789586810|20260917032650|915.76
1789586815|20260917032655|915.73
1789586825|20260917032705|915.51
1789586830|20260917032710|915.22
1789586835|20260917032715|915.29
1789586845|20260917032725|914.83
1789586855|20260917032735|915.72
1789586860|20260917032740|915.86
1789586870|20260917032750|916.29
1789586875|20260917032755|916.43
1789586885|20260917032805|916.46
1789586890|20260917032810|916.36
1789586895|20260917032815|916.63
1789586900|20260917032820|916.66
1789586905|20260917032825|916.37
1789586915|20260917032835|916.09
1789586920|20260917032840|916.22
1789586925|20260917032845|915.99
1789586935|20260917032855|915.77
1789586955|20260917032915|916.66
1789586960|20260917032920|916.89
1789586965|20260917032925|916.79
1789586995|20260917032955|917.41
1789587005|20260917033005|917.59
1789587010|20260917033010|917.67
1789587015|20260917033015|917.73
1789587020|20260917033020|917.69
1789587025|20260917033025|917.90
1789587045|20260917033045|918.50
1789587050|20260917033050|918.10
1789587055|20260917033055|918.39
1789587065|20260917033105|918.39
1789587070|20260917033110|918.32
1789587080|20260917033120|918.68
1789587085|20260917033125|918.82
1789587095|20260917033135|918.40
1789587100|20260917033140|918.60
1789587110|20260917033150|919.02
1789587115|20260917033155|918.96
1789587125|20260917033205|918.68
1789587135|20260917033215|919.02
1789587145|20260917033225|919.13
1789587155|20260917033235|918.52
1789587160|20260917033240|918.67
1789587165|20260917033245|918.69
1789587175|20260917033255|918.44
1789587185|20260917033305|918.60
1789587190|20260917033310|918.91
1789587200|20260917033320|919.16
1789587205|20260917033325|919.23
1789587215|20260917033335|918.56
1789587220|20260917033340|918.39
1789587225|20260917033345|918.25
1789587235|20260917033355|918.83
1789587245|20260917033405|918.90
1789587250|20260917033410|918.78
1789587260|20260917033420|918.35
1789587265|20260917033425|918.88
1789587305|20260917033505|919.72
1789587310|20260917033510|919.72
1789587315|20260917033515|920.06
1789587320|20260917033520|919.50
1789587335|20260917033535|919.42
1789587345|20260917033545|919.40
1789587355|20260917033555|918.98
1789587365|20260917033605|919.30
1789587370|20260917033610|919.28
1789587375|20260917033615|919.20
1789587380|20260917033620|918.75
1789587385|20260917033625|918.76
1789587400|20260917033640|918.60
1789587410|20260917033650|918.14
1789587465|20260917033745|918.89
1789587485|20260917033805|919.32
1789587490|20260917033810|919.39
1789587495|20260917033815|919.39
1789587500|20260917033820|919.51
1789587515|20260917033835|919.02
1789587520|20260917033840|918.55
1789587525|20260917033845|918.43
1789587530|20260917033850|918.41
1789587535|20260917033855|918.77
1789587545|20260917033905|918.65
1789587550|20260917033910|918.44
1789587555|20260917033915|918.41
1789587560|20260917033920|918.36
1789587565|20260917033925|919.27
1789587615|20260917034015|919.56
1789587620|20260917034020|919.35
1789587625|20260917034025|919.73
1789587635|20260917034035|919.93
1789587645|20260917034045|919.73
1789587650|20260917034050|919.82
1789587665|20260917034105|920.01
1789587670|20260917034110|920.10
1789587685|20260917034125|920.78
1789587700|20260917034140|921.02
1789587705|20260917034145|921.03
1789587715|20260917034155|920.64
1789587725|20260917034205|920.34
1789587735|20260917034215|919.96
1789587740|20260917034220|920.02
1789587755|20260917034235|920.54
1789587760|20260917034240|920.70
1789587775|20260917034255|920.34
1789587785|20260917034305|920.10
1789587790|20260917034310|920.10
1789587795|20260917034315|920.15
1789587800|20260917034320|920.44
1789587805|20260917034325|920.39
1789587830|20260917034350|920.57
1789587845|20260917034405|920.62
1789587850|20260917034410|920.76
1789587855|20260917034415|920.76
1789587860|20260917034420|920.77
1789587865|20260917034425|920.97
1789587905|20260917034505|920.13
1789587915|20260917034515|920.13
1789587920|20260917034520|920.58
1789587935|20260917034535|920.52
1789587940|20260917034540|920.79
1789587945|20260917034545|920.78
1789587950|20260917034550|920.98
1789587955|20260917034555|920.94
1789587965|20260917034605|921.02
1789587970|20260917034610|920.65
1789587975|20260917034615|921.17
1789587980|20260917034620|921.26
1789587985|20260917034625|921.09
1789588005|20260917034645|920.69
1789588010|20260917034650|920.79
1789588030|20260917034710|920.62
1789588035|20260917034715|920.83
1789588045|20260917034725|920.83
1789588055|20260917034735|920.86
1789588060|20260917034740|920.91
1789588065|20260917034745|920.72
1789588070|20260917034750|920.78
1789588080|20260917034800|920.33
1789588085|20260917034805|920.36
1789588090|20260917034810|920.17
1789588095|20260917034815|920.51
1789588120|20260917034840|920.67
1789588130|20260917034850|920.63
1789588135|20260917034855|920.65
1789588150|20260917034910|920.94
1789588155|20260917034915|920.76
1789588160|20260917034920|920.82
1789588205|20260917035005|921.26
1789588210|20260917035010|921.78
1789588215|20260917035015|921.52
1789588225|20260917035025|921.87
1789588235|20260917035035|922.18
1789588245|20260917035045|922.21
1789588255|20260917035055|922.25
1789588265|20260917035105|922.34
1789588270|20260917035110|922.37
1789588275|20260917035115|922.34
1789588280|20260917035120|922.12
1789588285|20260917035125|922.08
1789588295|20260917035135|921.82
1789588305|20260917035145|921.76
1789588310|20260917035150|921.59
1789588315|20260917035155|921.67
1789588325|20260917035205|921.28
1789588330|20260917035210|921.18
1789588335|20260917035215|921.17
1789588340|20260917035220|921.58
1789588345|20260917035225|921.63
1789588355|20260917035235|921.62
1789588360|20260917035240|921.84
1789588365|20260917035245|921.47
1789588370|20260917035250|921.78
1789588405|20260917035325|921.60
1789588415|20260917035335|921.18
1789588420|20260917035340|921.25
1789588435|20260917035355|920.75
1789588445|20260917035405|920.64
1789588465|20260917035425|920.82
1789588480|20260917035440|921.49
1789588505|20260917035505|921.75
1789588510|20260917035510|921.78
1789588515|20260917035515|921.67
1789588520|20260917035520|921.65
1789588525|20260917035525|921.86
1789588535|20260917035535|921.40
1789588540|20260917035540|921.09
1789588545|20260917035545|921.27
1789588550|20260917035550|921.59
1789588570|20260917035610|921.51
1789588575|20260917035615|921.67
1789588595|20260917035635|921.36
1789588610|20260917035650|921.07
1789588615|20260917035655|921.10
1789588625|20260917035705|921.25
1789588630|20260917035710|921.50
1789588635|20260917035715|921.56
1789588640|20260917035720|921.52
1789588645|20260917035725|921.46
1789588655|20260917035735|921.33
1789588660|20260917035740|921.04
1789588665|20260917035745|921.06
1789588670|20260917035750|920.87
1789588685|20260917035805|921.06
1789588690|20260917035810|921.28
1789588695|20260917035815|921.30
1789588700|20260917035820|921.22
1789588715|20260917035835|921.21
1789588730|20260917035850|920.97
1789588735|20260917035855|921.20
1789588745|20260917035905|921.37
1789588760|20260917035920|921.48
1789588765|20260917035925|921.47
1789588800|20260917040000|921.64
1789588805|20260917040005|921.65
1789588810|20260917040010|921.65
1789588815|20260917040015|921.25
1789588840|20260917040040|921.48
1789588850|20260917040050|921.21
1789588865|20260917040105|921.03
1789588870|20260917040110|921.32
1789588875|20260917040115|921.00
1789588880|20260917040120|921.03
1789588885|20260917040125|920.92
1789588905|20260917040145|920.68
1789588920|20260917040200|920.82
1789588925|20260917040205|920.79
1789588930|20260917040210|920.91
1789588935|20260917040215|920.96
1789588940|20260917040220|921.07
1789588945|20260917040225|921.18
1789588955|20260917040235|921.22
1789588960|20260917040240|921.37
1789588965|20260917040245|921.54
1789588970|20260917040250|921.52
1789588985|20260917040305|921.76
1789588990|20260917040310|921.66
1789588995|20260917040315|921.70
1789589000|20260917040320|921.69
1789589005|20260917040325|921.71
1789589020|20260917040340|921.20
1789589025|20260917040345|921.30
1789589035|20260917040355|921.45
1789589045|20260917040405|921.55
1789589050|20260917040410|921.47
1789589055|20260917040415|921.43
1789589060|20260917040420|921.53
1789589085|20260917040445|921.38
1789589100|20260917040500|921.14
1789589105|20260917040505|921.13
1789589110|20260917040510|921.12
1789589115|20260917040515|921.35
1789589120|20260917040520|921.45
1789589140|20260917040540|921.24
1789589150|20260917040550|921.26
1789589155|20260917040555|921.13
1789589165|20260917040605|921.05
1789589170|20260917040610|920.97
1789589185|20260917040625|920.84
1789589195|20260917040635|920.88
1789589200|20260917040640|921.07
1789589205|20260917040645|921.13
1789589210|20260917040650|921.08
1789589215|20260917040655|921.16
1789589230|20260917040710|921.00
1789589235|20260917040715|921.01
1789589245|20260917040725|920.96
1789589255|20260917040735|921.07
1789589260|20260917040740|921.13
1789589265|20260917040745|920.97
1789589275|20260917040755|920.92
1789589285|20260917040805|920.99
1789589290|20260917040810|920.98
1789589300|20260917040820|921.01
1789589325|20260917040845|920.54
1789589350|20260917040910|920.41
1789589355|20260917040915|920.38
1789589365|20260917040925|920.26
1789589405|20260917041005|920.51
1789589415|20260917041015|920.45
1789589440|20260917041040|919.96
1789589450|20260917041050|920.02
1789589465|20260917041105|920.20
1789589470|20260917041110|919.93
1789589475|20260917041115|919.88
1789589480|20260917041120|919.95
1789589495|20260917041135|919.99
1789589515|20260917041155|919.98
1789589525|20260917041205|919.74
1789589530|20260917041210|919.97
1789589540|20260917041220|919.98
1789589545|20260917041225|920.08
1789589560|20260917041240|919.81
1789589575|20260917041255|920.06
1789589585|20260917041305|920.11
1789589590|20260917041310|920.26
1789589605|20260917041325|920.03
1789589615|20260917041335|920.09
1789589620|20260917041340|920.08
1789589625|20260917041345|920.07
1789589630|20260917041350|920.07
1789589635|20260917041355|919.97
1789589640|20260917041400|920.07
1789589645|20260917041405|919.97
1789589650|20260917041410|920.00
1789589655|20260917041415|920.00
1789589660|20260917041420|920.17
1789589665|20260917041425|920.21
1789589750|20260917041550|919.77
