1788796804|20260908000004|952.52
1788796815|20260908000015|952.61
1788796820|20260908000020|952.56
1788796825|20260908000025|952.55
1788796835|20260908000035|952.56
1788796840|20260908000040|952.54
1788796845|20260908000045|952.42
1788796850|20260908000050|952.41
1788796855|20260908000055|952.35
1788796860|20260908000100|952.35
1788796865|20260908000105|952.38
1788796870|20260908000110|952.32
1788796875|20260908000115|952.35
1788796880|20260908000120|952.28
1788796885|20260908000125|952.35
1788796895|20260908000135|952.38
1788796900|20260908000140|952.35
1788796905|20260908000145|952.35
1788796910|20260908000150|952.33
1788796915|20260908000155|952.36
1788796925|20260908000205|952.36
1788796930|20260908000210|952.36
1788796935|20260908000215|952.35
1788796940|20260908000220|952.35
1788796945|20260908000225|952.37
1788796955|20260908000235|952.33
1788796960|20260908000240|952.33
1788796965|20260908000245|952.32
1788796975|20260908000255|952.29
1788796985|20260908000305|952.27
1788796990|20260908000310|952.28
1788796995|20260908000315|952.24
1788797000|20260908000320|952.21
1788797005|20260908000325|952.21
1788797015|20260908000335|952.35
1788797020|20260908000340|952.36
1788797025|20260908000345|952.36
1788797030|20260908000350|952.36
1788797035|20260908000355|952.32
1788797040|20260908000400|952.34
1788797045|20260908000405|952.34
1788797050|20260908000410|952.34
1788797055|20260908000415|952.38
1788797060|20260908000420|952.41
1788797105|20260908000505|952.44
1788797115|20260908000515|952.40
1788797120|20260908000520|952.39
1788797125|20260908000525|952.38
1788797135|20260908000535|952.35
1788797140|20260908000540|952.40
1788797145|20260908000545|952.40
1788797150|20260908000550|952.40
1788797155|20260908000555|952.40
1788797160|20260908000600|952.39
1788797165|20260908000605|952.35
1788797170|20260908000610|952.42
1788797175|20260908000615|952.39
1788797180|20260908000620|952.39
1788797185|20260908000625|952.41
1788797195|20260908000635|952.41
1788797205|20260908000645|952.42
1788797210|20260908000650|952.42
1788797225|20260908000705|952.44
1788797230|20260908000710|952.42
1788797235|20260908000715|952.46
1788797240|20260908000720|952.60
1788797245|20260908000725|952.60
1788797255|20260908000735|952.59
1788797260|20260908000740|952.62
1788797265|20260908000745|952.60
1788797275|20260908000755|952.56
1788797280|20260908000800|952.56
1788797285|20260908000805|952.56
1788797290|20260908000810|952.56
1788797295|20260908000815|952.56
1788797300|20260908000820|952.64
1788797305|20260908000825|952.66
1788797315|20260908000835|952.60
1788797320|20260908000840|952.61
1788797325|20260908000845|952.56
1788797330|20260908000850|952.58
1788797340|20260908000900|952.57
1788797345|20260908000905|952.58
1788797350|20260908000910|952.58
1788797360|20260908000920|952.66
1788797405|20260908001005|952.77
1788797415|20260908001015|952.72
1788797420|20260908001020|952.74
1788797435|20260908001035|952.75
1788797440|20260908001040|952.74
1788797445|20260908001045|952.82
1788797450|20260908001050|952.82
1788797470|20260908001110|952.93
1788797475|20260908001115|952.92
1788797480|20260908001120|952.94
1788797485|20260908001125|952.93
1788797495|20260908001135|952.89
1788797500|20260908001140|952.96
1788797505|20260908001145|952.92
1788797510|20260908001150|952.99
1788797525|20260908001205|953.04
1788797530|20260908001210|953.12
1788797540|20260908001220|953.07
1788797545|20260908001225|953.07
1788797555|20260908001235|953.06
1788797560|20260908001240|953.03
1788797570|20260908001250|953.01
1788797580|20260908001300|952.99
1788797585|20260908001305|953.01
1788797590|20260908001310|952.99
1788797595|20260908001315|953.03
1788797600|20260908001320|952.99
1788797605|20260908001325|952.99
1788797615|20260908001335|953.04
1788797625|20260908001345|953.01
1788797630|20260908001350|953.12
1788797635|20260908001355|953.11
1788797640|20260908001400|953.11
1788797645|20260908001405|953.15
1788797650|20260908001410|953.06
1788797660|20260908001420|953.05
1788797665|20260908001425|952.85
1788797700|20260908001500|952.74
1788797705|20260908001505|952.80
1788797710|20260908001510|952.83
1788797715|20260908001515|952.86
1788797720|20260908001520|952.79
1788797725|20260908001525|952.72
1788797735|20260908001535|952.72
1788797740|20260908001540|952.74
1788797745|20260908001545|952.77
1788797750|20260908001550|952.74
1788797755|20260908001555|952.74
1788797760|20260908001600|952.74
1788797765|20260908001605|952.73
1788797770|20260908001610|952.70
1788797775|20260908001615|952.67
1788797780|20260908001620|952.64
1788797785|20260908001625|952.67
1788797795|20260908001635|952.56
1788797800|20260908001640|952.57
1788797805|20260908001645|952.57
1788797810|20260908001650|952.55
1788797815|20260908001655|952.55
1788797825|20260908001705|952.63
1788797830|20260908001710|952.61
1788797835|20260908001715|952.44
1788797840|20260908001720|952.41
1788797860|20260908001740|952.34
1788797865|20260908001745|952.34
1788797875|20260908001755|952.33
1788797885|20260908001805|952.33
1788797890|20260908001810|952.33
1788797895|20260908001815|952.31
1788797900|20260908001820|952.28
1788797905|20260908001825|952.33
1788797915|20260908001835|952.33
1788797920|20260908001840|952.35
1788797925|20260908001845|952.31
1788797930|20260908001850|952.32
1788797935|20260908001855|952.32
1788797950|20260908001910|952.27
1788797955|20260908001915|952.26
1788797960|20260908001920|952.22
1788797965|20260908001925|952.20
1788797975|20260908001935|952.19
1788798000|20260908002000|952.28
1788798005|20260908002005|952.25
1788798010|20260908002010|952.27
1788798015|20260908002015|952.33
1788798020|20260908002020|952.35
1788798025|20260908002025|952.36
1788798035|20260908002035|952.37
1788798040|20260908002040|952.37
1788798045|20260908002045|952.36
1788798050|20260908002050|952.36
1788798065|20260908002105|952.31
1788798075|20260908002115|952.26
1788798080|20260908002120|952.30
1788798085|20260908002125|952.30
1788798095|20260908002135|952.34
1788798100|20260908002140|952.33
1788798105|20260908002145|952.33
1788798110|20260908002150|952.28
1788798115|20260908002155|952.33
1788798120|20260908002200|952.33
1788798125|20260908002205|952.31
1788798130|20260908002210|952.31
1788798135|20260908002215|952.28
1788798140|20260908002220|952.28
1788798145|20260908002225|952.24
1788798155|20260908002235|952.30
1788798160|20260908002240|952.20
1788798170|20260908002250|952.29
1788798185|20260908002305|952.35
1788798190|20260908002310|952.35
1788798200|20260908002320|952.32
1788798205|20260908002325|952.36
1788798215|20260908002335|952.37
1788798220|20260908002340|952.36
1788798225|20260908002345|952.36
1788798230|20260908002350|952.36
1788798235|20260908002355|952.36
1788798245|20260908002405|952.33
1788798250|20260908002410|952.36
1788798255|20260908002415|952.33
1788798260|20260908002420|952.41
1788798265|20260908002425|952.41
1788798310|20260908002510|952.30
1788798315|20260908002515|952.26
1788798320|20260908002520|952.25
1788798325|20260908002525|952.30
1788798340|20260908002540|952.29
1788798345|20260908002545|952.29
1788798350|20260908002550|952.35
1788798355|20260908002555|952.32
1788798360|20260908002600|952.30
1788798365|20260908002605|952.28
1788798370|20260908002610|952.32
1788798375|20260908002615|952.29
1788798380|20260908002620|952.28
1788798385|20260908002625|952.32
1788798395|20260908002635|952.44
1788798400|20260908002640|952.44
1788798405|20260908002645|952.44
1788798410|20260908002650|952.48
1788798415|20260908002655|952.41
1788798425|20260908002705|952.46
1788798430|20260908002710|952.52
1788798440|20260908002720|952.43
1788798445|20260908002725|952.43
1788798455|20260908002735|952.45
1788798465|20260908002745|952.50
1788798470|20260908002750|952.47
1788798475|20260908002755|952.47
1788798485|20260908002805|952.38
1788798490|20260908002810|952.37
1788798495|20260908002815|952.38
1788798500|20260908002820|952.38
1788798505|20260908002825|952.36
1788798515|20260908002835|952.46
1788798520|20260908002840|952.46
1788798525|20260908002845|952.41
1788798530|20260908002850|952.38
1788798535|20260908002855|952.35
1788798540|20260908002900|952.38
1788798545|20260908002905|952.38
1788798550|20260908002910|952.43
1788798555|20260908002915|952.36
1788798560|20260908002920|952.32
1788798565|20260908002925|952.38
1788798605|20260908003005|952.31
1788798610|20260908003010|952.36
1788798615|20260908003015|952.33
1788798620|20260908003020|952.35
1788798625|20260908003025|952.33
1788798635|20260908003035|952.29
1788798640|20260908003040|952.29
1788798645|20260908003045|952.35
1788798650|20260908003050|952.35
1788798655|20260908003055|952.35
1788798665|20260908003105|952.34
1788798670|20260908003110|952.29
1788798675|20260908003115|952.27
1788798680|20260908003120|952.27
1788798685|20260908003125|952.24
1788798695|20260908003135|952.26
1788798700|20260908003140|952.30
1788798705|20260908003145|952.26
1788798710|20260908003150|952.31
1788798715|20260908003155|952.35
1788798725|20260908003205|952.35
1788798735|20260908003215|952.35
1788798740|20260908003220|952.35
1788798745|20260908003225|952.34
1788798755|20260908003235|952.36
1788798760|20260908003240|952.36
1788798765|20260908003245|952.39
1788798770|20260908003250|952.31
1788798775|20260908003255|952.35
1788798780|20260908003300|952.34
1788798790|20260908003310|952.35
1788798795|20260908003315|952.37
1788798800|20260908003320|952.38
1788798815|20260908003335|952.38
1788798825|20260908003345|952.26
1788798830|20260908003350|952.29
1788798835|20260908003355|952.31
1788798840|20260908003400|952.26
1788798845|20260908003405|952.23
1788798850|20260908003410|952.15
1788798855|20260908003415|952.15
1788798860|20260908003420|952.14
1788798865|20260908003425|952.22
1788798895|20260908003455|952.09
1788798900|20260908003500|952.13
1788798905|20260908003505|952.16
1788798910|20260908003510|952.15
1788798915|20260908003515|952.22
1788798920|20260908003520|952.27
1788798925|20260908003525|952.21
1788798930|20260908003530|952.21
1788798935|20260908003535|952.28
1788798940|20260908003540|952.26
1788798945|20260908003545|952.28
1788798950|20260908003550|952.28
1788798955|20260908003555|952.28
1788798965|20260908003605|952.23
1788798970|20260908003610|952.15
1788798980|20260908003620|952.18
1788798985|20260908003625|952.16
1788799000|20260908003640|952.12
1788799005|20260908003645|952.12
1788799010|20260908003650|952.12
1788799015|20260908003655|952.14
1788799025|20260908003705|952.15
1788799030|20260908003710|952.08
1788799035|20260908003715|952.10
1788799040|20260908003720|952.08
1788799045|20260908003725|952.18
1788799055|20260908003735|952.12
1788799060|20260908003740|952.11
1788799065|20260908003745|952.11
1788799070|20260908003750|952.09
1788799075|20260908003755|952.13
1788799085|20260908003805|952.13
1788799090|20260908003810|952.12
1788799095|20260908003815|952.12
1788799100|20260908003820|952.12
1788799105|20260908003825|952.12
1788799115|20260908003835|952.12
1788799120|20260908003840|952.12
1788799125|20260908003845|952.11
1788799130|20260908003850|952.13
1788799135|20260908003855|952.10
1788799145|20260908003905|952.04
1788799150|20260908003910|952.01
1788799160|20260908003920|952.04
1788799165|20260908003925|952.00
1788799200|20260908004000|952.07
1788799205|20260908004005|952.04
1788799210|20260908004010|952.02
1788799225|20260908004025|952.26
1788799235|20260908004035|952.30
1788799240|20260908004040|952.28
1788799250|20260908004050|952.27
1788799255|20260908004055|952.32
1788799260|20260908004100|952.33
1788799265|20260908004105|952.37
1788799270|20260908004110|952.35
1788799275|20260908004115|952.35
1788799280|20260908004120|952.34
1788799300|20260908004140|952.28
1788799305|20260908004145|952.33
1788799310|20260908004150|952.33
1788799315|20260908004155|952.33
1788799325|20260908004205|952.31
1788799335|20260908004215|952.32
1788799340|20260908004220|952.32
1788799355|20260908004235|952.29
1788799360|20260908004240|952.30
1788799365|20260908004245|952.26
1788799370|20260908004250|952.29
1788799385|20260908004305|952.25
1788799390|20260908004310|952.32
1788799395|20260908004315|952.31
1788799400|20260908004320|952.29
1788799405|20260908004325|952.30
1788799415|20260908004335|952.30
1788799425|20260908004345|952.27
1788799430|20260908004350|952.36
1788799445|20260908004405|952.35
1788799450|20260908004410|952.35
1788799455|20260908004415|952.38
1788799465|20260908004425|952.38
1788799505|20260908004505|952.46
1788799510|20260908004510|952.49
1788799515|20260908004515|952.52
1788799520|20260908004520|952.44
1788799525|20260908004525|952.48
1788799535|20260908004535|952.41
1788799540|20260908004540|952.37
1788799545|20260908004545|952.39
1788799550|20260908004550|952.40
1788799555|20260908004555|952.36
1788799560|20260908004600|952.30
1788799565|20260908004605|952.33
1788799570|20260908004610|952.34
1788799585|20260908004625|952.33
1788799600|20260908004640|952.30
1788799610|20260908004650|952.27
1788799615|20260908004655|952.24
1788799625|20260908004705|952.24
1788799630|20260908004710|952.24
1788799635|20260908004715|952.24
1788799640|20260908004720|952.24
1788799645|20260908004725|952.24
1788799655|20260908004735|952.24
1788799660|20260908004740|952.21
1788799665|20260908004745|952.21
1788799670|20260908004750|952.21
1788799675|20260908004755|952.23
1788799680|20260908004800|952.23
1788799685|20260908004805|952.23
1788799690|20260908004810|952.26
1788799695|20260908004815|952.27
1788799700|20260908004820|952.27
1788799705|20260908004825|952.26
1788799715|20260908004835|952.26
1788799720|20260908004840|952.25
1788799725|20260908004845|952.35
1788799730|20260908004850|952.28
1788799735|20260908004855|952.30
1788799745|20260908004905|952.26
1788799750|20260908004910|952.28
1788799755|20260908004915|952.28
1788799765|20260908004925|952.28
1788799805|20260908005005|952.31
1788799810|20260908005010|952.32
1788799820|20260908005020|952.47
1788799825|20260908005025|952.49
1788799835|20260908005035|952.51
1788799840|20260908005040|952.49
1788799845|20260908005045|952.49
1788799850|20260908005050|952.49
1788799855|20260908005055|952.50
1788799860|20260908005100|952.51
1788799865|20260908005105|952.51
1788799880|20260908005120|952.50
1788799885|20260908005125|952.50
1788799895|20260908005135|952.47
1788799900|20260908005140|952.47
1788799905|20260908005145|952.45
1788799910|20260908005150|952.45
1788799915|20260908005155|952.45
1788799925|20260908005205|952.44
1788799930|20260908005210|952.44
1788799935|20260908005215|952.48
1788799940|20260908005220|952.48
1788799945|20260908005225|952.45
1788799955|20260908005235|952.42
1788799960|20260908005240|952.42
1788799970|20260908005250|952.42
1788799975|20260908005255|952.42
1788799980|20260908005300|952.42
1788799985|20260908005305|952.40
1788799990|20260908005310|952.37
1788799995|20260908005315|952.35
1788800000|20260908005320|952.33
1788800005|20260908005325|952.33
1788800015|20260908005335|952.33
1788800020|20260908005340|952.33
1788800025|20260908005345|952.33
1788800030|20260908005350|952.49
1788800035|20260908005355|952.42
1788800040|20260908005400|952.42
1788800050|20260908005410|952.28
1788800055|20260908005415|952.28
1788800065|20260908005425|952.31
1788800100|20260908005500|952.26
1788800105|20260908005505|952.26
1788800110|20260908005510|952.27
1788800115|20260908005515|952.27
1788800120|20260908005520|952.24
1788800125|20260908005525|952.24
1788800135|20260908005535|952.28
1788800140|20260908005540|952.29
1788800145|20260908005545|952.27
1788800150|20260908005550|952.27
1788800155|20260908005555|952.30
1788800160|20260908005600|952.27
1788800165|20260908005605|952.30
1788800170|20260908005610|952.27
1788800175|20260908005615|952.30
1788800180|20260908005620|952.30
1788800185|20260908005625|952.30
1788800195|20260908005635|952.30
1788800200|20260908005640|952.30
1788800205|20260908005645|952.26
1788800210|20260908005650|952.30
1788800215|20260908005655|952.25
1788800230|20260908005710|952.24
1788800235|20260908005715|952.26
1788800240|20260908005720|952.26
1788800245|20260908005725|952.29
1788800255|20260908005735|952.27
1788800260|20260908005740|952.24
1788800265|20260908005745|952.26
1788800270|20260908005750|952.28
1788800275|20260908005755|952.28
1788800285|20260908005805|952.27
1788800290|20260908005810|952.30
1788800295|20260908005815|952.26
1788800300|20260908005820|952.29
1788800305|20260908005825|952.29
1788800315|20260908005835|952.29
1788800320|20260908005840|952.32
1788800330|20260908005850|952.34
1788800335|20260908005855|952.34
1788800340|20260908005900|952.45
1788800345|20260908005905|952.47
1788800350|20260908005910|952.41
1788800355|20260908005915|952.44
1788800360|20260908005920|952.44
1788800410|20260908010010|952.56
1788800415|20260908010015|952.56
1788800420|20260908010020|952.56
1788800435|20260908010035|952.58
1788800440|20260908010040|952.62
1788800445|20260908010045|952.60
1788800450|20260908010050|952.59
1788800460|20260908010100|952.61
1788800475|20260908010115|952.59
1788800480|20260908010120|952.59
1788800495|20260908010135|952.63
1788800500|20260908010140|952.63
1788800515|20260908010155|952.63
1788800520|20260908010200|952.63
1788800525|20260908010205|952.59
1788800530|20260908010210|952.42
1788800535|20260908010215|952.42
1788800540|20260908010220|952.36
1788800545|20260908010225|952.39
1788800560|20260908010240|952.39
1788800570|20260908010250|952.39
1788800575|20260908010255|952.39
1788800585|20260908010305|952.40
1788800590|20260908010310|952.40
1788800595|20260908010315|952.40
1788800605|20260908010325|952.40
1788800615|20260908010335|952.35
1788800620|20260908010340|952.37
1788800625|20260908010345|952.35
1788800630|20260908010350|952.37
1788800635|20260908010355|952.37
1788800650|20260908010410|952.37
1788800655|20260908010415|952.29
1788800660|20260908010420|952.29
1788800665|20260908010425|952.32
1788800680|20260908010440|952.38
1788800700|20260908010500|952.38
1788800705|20260908010505|952.38
1788800710|20260908010510|952.38
1788800715|20260908010515|952.38
1788800720|20260908010520|952.47
1788800725|20260908010525|952.47
1788800735|20260908010535|952.58
1788800740|20260908010540|952.58
1788800745|20260908010545|952.56
1788800750|20260908010550|952.56
1788800755|20260908010555|952.50
1788800775|20260908010615|952.38
1788800780|20260908010620|952.34
1788800785|20260908010625|952.34
1788800795|20260908010635|952.20
1788800800|20260908010640|952.17
1788800805|20260908010645|952.17
1788800830|20260908010710|952.21
1788800835|20260908010715|952.21
1788800840|20260908010720|952.21
1788800845|20260908010725|952.22
1788800860|20260908010740|952.14
1788800865|20260908010745|952.14
1788800870|20260908010750|952.15
1788800885|20260908010805|952.19
1788800890|20260908010810|952.16
1788800895|20260908010815|952.20
1788800915|20260908010835|952.24
1788800920|20260908010840|952.22
1788800930|20260908010850|952.29
1788800935|20260908010855|952.34
1788800945|20260908010905|952.37
1788800950|20260908010910|952.35
1788800955|20260908010915|952.35
1788800960|20260908010920|952.35
1788800965|20260908010925|952.35
1788801005|20260908011005|952.25
1788801010|20260908011010|952.15
1788801015|20260908011015|952.17
1788801020|20260908011020|952.14
1788801035|20260908011035|952.20
1788801050|20260908011050|952.20
1788801060|20260908011100|952.18
1788801075|20260908011115|952.18
1788801080|20260908011120|952.18
1788801085|20260908011125|952.18
1788801100|20260908011140|952.14
1788801110|20260908011150|952.19
1788801115|20260908011155|952.19
1788801125|20260908011205|952.19
1788801130|20260908011210|952.19
1788801135|20260908011215|952.21
1788801140|20260908011220|952.21
1788801145|20260908011225|952.10
1788801155|20260908011235|952.01
1788801160|20260908011240|952.01
1788801165|20260908011245|952.00
1788801170|20260908011250|952.03
1788801175|20260908011255|952.03
1788801185|20260908011305|952.02
1788801190|20260908011310|952.02
1788801195|20260908011315|952.01
1788801200|20260908011320|952.01
1788801205|20260908011325|952.07
1788801215|20260908011335|952.05
1788801220|20260908011340|952.09
1788801225|20260908011345|952.06
1788801230|20260908011350|952.01
1788801235|20260908011355|952.01
1788801245|20260908011405|951.98
1788801250|20260908011410|952.03
1788801255|20260908011415|951.99
1788801260|20260908011420|951.99
1788801265|20260908011425|952.02
1788801300|20260908011500|952.04
1788801305|20260908011505|952.07
1788801310|20260908011510|952.09
1788801315|20260908011515|952.05
1788801320|20260908011520|952.05
1788801325|20260908011525|952.09
1788801335|20260908011535|952.06
1788801340|20260908011540|952.11
1788801345|20260908011545|952.11
1788801350|20260908011550|952.06
1788801355|20260908011555|952.08
1788801365|20260908011605|952.08
1788801370|20260908011610|952.08
1788801375|20260908011615|952.08
1788801380|20260908011620|952.06
1788801385|20260908011625|952.08
1788801395|20260908011635|952.06
1788801400|20260908011640|952.06
1788801410|20260908011650|952.13
1788801415|20260908011655|952.13
1788801420|20260908011700|952.13
1788801425|20260908011705|952.13
1788801430|20260908011710|952.13
1788801435|20260908011715|952.12
1788801440|20260908011720|952.12
1788801445|20260908011725|952.18
1788801465|20260908011745|952.31
1788801470|20260908011750|952.31
1788801475|20260908011755|952.28
1788801480|20260908011800|952.28
1788801495|20260908011815|952.29
1788801500|20260908011820|952.29
1788801505|20260908011825|952.28
1788801515|20260908011835|952.28
1788801520|20260908011840|952.30
1788801525|20260908011845|952.30
1788801535|20260908011855|952.35
1788801540|20260908011900|952.35
1788801545|20260908011905|952.35
1788801550|20260908011910|952.35
1788801555|20260908011915|952.35
1788801560|20260908011920|952.35
1788801600|20260908012000|952.29
1788801605|20260908012005|952.24
1788801610|20260908012010|952.20
1788801615|20260908012015|952.20
1788801620|20260908012020|952.20
1788801625|20260908012025|952.20
1788801635|20260908012035|952.23
1788801640|20260908012040|952.26
1788801645|20260908012045|952.24
1788801650|20260908012050|952.24
1788801655|20260908012055|952.25
1788801665|20260908012105|952.22
1788801670|20260908012110|952.25
1788801675|20260908012115|952.27
1788801680|20260908012120|952.22
1788801685|20260908012125|952.22
1788801695|20260908012135|952.19
1788801700|20260908012140|952.19
1788801705|20260908012145|952.15
1788801710|20260908012150|952.15
1788801715|20260908012155|952.18
1788801720|20260908012200|952.18
1788801725|20260908012205|952.14
1788801730|20260908012210|952.14
1788801735|20260908012215|952.15
1788801740|20260908012220|952.18
1788801745|20260908012225|952.24
1788801755|20260908012235|952.21
1788801760|20260908012240|952.21
1788801770|20260908012250|952.21
1788801775|20260908012255|952.21
1788801785|20260908012305|952.18
1788801795|20260908012315|952.16
1788801800|20260908012320|952.15
1788801805|20260908012325|952.12
1788801815|20260908012335|952.12
1788801820|20260908012340|952.12
1788801830|20260908012350|952.09
1788801835|20260908012355|952.06
1788801845|20260908012405|952.06
1788801850|20260908012410|952.11
1788801855|20260908012415|952.11
1788801860|20260908012420|952.11
1788801865|20260908012425|952.11
1788801905|20260908012505|952.14
1788801910|20260908012510|952.14
1788801915|20260908012515|952.16
1788801920|20260908012520|952.11
1788801925|20260908012525|952.16
1788801935|20260908012535|952.16
1788801940|20260908012540|952.18
1788801945|20260908012545|952.18
1788801950|20260908012550|952.21
1788801955|20260908012555|952.19
1788801965|20260908012605|952.01
1788801970|20260908012610|952.03
1788801975|20260908012615|952.03
1788801980|20260908012620|952.03
1788801985|20260908012625|952.03
1788801995|20260908012635|952.03
1788802000|20260908012640|952.03
1788802005|20260908012645|952.06
1788802015|20260908012655|952.03
1788802025|20260908012705|952.06
1788802030|20260908012710|952.04
1788802035|20260908012715|952.04
1788802040|20260908012720|952.05
1788802045|20260908012725|952.05
1788802055|20260908012735|952.05
1788802060|20260908012740|952.05
1788802065|20260908012745|952.07
1788802070|20260908012750|952.07
1788802075|20260908012755|952.07
1788802080|20260908012800|952.07
1788802085|20260908012805|952.07
1788802095|20260908012815|952.07
1788802100|20260908012820|952.07
1788802105|20260908012825|952.03
1788802115|20260908012835|952.09
1788802120|20260908012840|952.05
1788802125|20260908012845|952.05
1788802130|20260908012850|952.05
1788802135|20260908012855|952.07
1788802140|20260908012900|952.11
1788802145|20260908012905|952.11
1788802155|20260908012915|952.14
1788802160|20260908012920|952.14
1788802165|20260908012925|952.11
1788802200|20260908013000|952.08
1788802205|20260908013005|952.14
1788802210|20260908013010|952.13
1788802215|20260908013015|952.13
1788802220|20260908013020|952.13
1788802225|20260908013025|952.08
1788802240|20260908013040|952.13
1788802245|20260908013045|951.85
1788802250|20260908013050|951.86
1788802255|20260908013055|951.86
1788802260|20260908013100|951.86
1788802270|20260908013110|951.84
1788802275|20260908013115|951.85
1788802280|20260908013120|951.88
1788802285|20260908013125|951.86
1788802295|20260908013135|951.88
1788802300|20260908013140|951.88
1788802305|20260908013145|951.88
1788802310|20260908013150|951.88
1788802315|20260908013155|951.88
1788802320|20260908013200|951.86
1788802325|20260908013205|951.86
1788802335|20260908013215|951.86
1788802340|20260908013220|951.88
1788802345|20260908013225|951.83
1788802355|20260908013235|951.79
1788802360|20260908013240|951.79
1788802365|20260908013245|951.79
1788802370|20260908013250|951.79
1788802375|20260908013255|951.76
1788802385|20260908013305|951.79
1788802390|20260908013310|951.79
1788802395|20260908013315|951.79
1788802400|20260908013320|951.79
1788802405|20260908013325|951.79
1788802410|20260908013330|951.76
1788802420|20260908013340|951.57
1788802425|20260908013345|951.64
1788802430|20260908013350|951.64
1788802435|20260908013355|951.63
1788802440|20260908013400|951.59
1788802445|20260908013405|951.59
1788802455|20260908013415|951.59
1788802490|20260908013450|951.61
1788802505|20260908013505|951.59
1788802510|20260908013510|951.56
1788802525|20260908013525|951.60
1788802535|20260908013535|951.57
1788802540|20260908013540|951.56
1788802545|20260908013545|951.59
1788802555|20260908013555|951.59
1788802560|20260908013600|951.59
1788802565|20260908013605|951.62
1788802570|20260908013610|951.62
1788802575|20260908013615|951.65
1788802580|20260908013620|951.65
1788802585|20260908013625|951.65
1788802595|20260908013635|951.65
1788802600|20260908013640|951.68
1788802605|20260908013645|951.68
1788802610|20260908013650|951.71
1788802615|20260908013655|951.68
1788802620|20260908013700|951.68
1788802625|20260908013705|951.66
1788802630|20260908013710|951.66
1788802640|20260908013720|951.66
1788802645|20260908013725|951.66
1788802655|20260908013735|951.68
1788802665|20260908013745|951.68
1788802670|20260908013750|951.68
1788802675|20260908013755|951.62
1788802685|20260908013805|951.72
1788802690|20260908013810|951.74
1788802695|20260908013815|951.69
1788802700|20260908013820|951.69
1788802720|20260908013840|951.63
1788802725|20260908013845|951.63
1788802730|20260908013850|951.63
1788802735|20260908013855|951.63
1788802745|20260908013905|951.63
1788802750|20260908013910|951.61
1788802755|20260908013915|951.61
1788802760|20260908013920|951.58
1788802765|20260908013925|951.58
1788802795|20260908013955|951.60
1788802805|20260908014005|951.66
1788802810|20260908014010|951.66
1788802815|20260908014015|951.64
1788802820|20260908014020|951.64
1788802825|20260908014025|951.64
1788802840|20260908014040|951.59
1788802845|20260908014045|951.62
1788802850|20260908014050|951.62
1788802855|20260908014055|951.69
1788802865|20260908014105|951.69
1788802870|20260908014110|951.69
1788802875|20260908014115|951.69
1788802880|20260908014120|951.69
1788802885|20260908014125|951.69
1788802890|20260908014130|951.72
1788802895|20260908014135|951.72
1788802900|20260908014140|951.72
1788802905|20260908014145|951.72
1788802910|20260908014150|951.72
1788802915|20260908014155|951.72
1788802930|20260908014210|951.69
1788802935|20260908014215|951.72
1788802940|20260908014220|951.72
1788802945|20260908014225|951.72
1788802950|20260908014230|951.72
1788802955|20260908014235|951.75
1788802960|20260908014240|951.75
1788802965|20260908014245|951.75
1788802970|20260908014250|951.75
1788802975|20260908014255|951.75
1788802980|20260908014300|951.75
1788802985|20260908014305|951.75
1788802990|20260908014310|951.75
1788802995|20260908014315|951.75
1788803000|20260908014320|951.74
1788803015|20260908014335|951.74
1788803020|20260908014340|951.74
1788803025|20260908014345|951.74
1788803030|20260908014350|951.74
1788803035|20260908014355|951.74
1788803040|20260908014400|951.74
1788803045|20260908014405|951.74
1788803050|20260908014410|951.74
1788803055|20260908014415|951.74
1788803060|20260908014420|951.74
1788803065|20260908014425|951.74
1788803085|20260908014445|951.74
1788803105|20260908014505|951.76
1788803110|20260908014510|951.75
1788803120|20260908014520|951.61
1788803125|20260908014525|951.61
1788803130|20260908014530|951.59
1788803135|20260908014535|951.52
1788803140|20260908014540|951.55
1788803145|20260908014545|951.57
1788803150|20260908014550|951.57
1788803155|20260908014555|951.57
1788803165|20260908014605|951.59
1788803170|20260908014610|951.59
1788803175|20260908014615|951.59
1788803185|20260908014625|951.59
1788803195|20260908014635|951.57
1788803200|20260908014640|951.58
1788803205|20260908014645|951.59
1788803215|20260908014655|951.59
1788803225|20260908014705|951.64
1788803240|20260908014720|951.66
1788803245|20260908014725|951.66
1788803255|20260908014735|951.66
1788803260|20260908014740|951.66
1788803265|20260908014745|951.66
1788803270|20260908014750|951.66
1788803280|20260908014800|951.73
1788803285|20260908014805|951.64
1788803290|20260908014810|951.66
1788803295|20260908014815|951.65
1788803305|20260908014825|951.69
1788803325|20260908014845|951.68
1788803330|20260908014850|951.65
1788803335|20260908014855|951.66
1788803345|20260908014905|951.65
1788803355|20260908014915|951.68
1788803360|20260908014920|951.68
1788803375|20260908014935|951.67
1788803380|20260908014940|951.67
1788803395|20260908014955|951.67
1788803405|20260908015005|951.70
1788803410|20260908015010|951.66
1788803415|20260908015015|951.73
1788803420|20260908015020|951.74
1788803425|20260908015025|951.76
1788803430|20260908015030|951.76
1788803435|20260908015035|951.76
1788803440|20260908015040|951.73
1788803445|20260908015045|951.74
1788803450|20260908015050|951.74
1788803455|20260908015055|951.74
1788803465|20260908015105|951.74
1788803470|20260908015110|951.74
1788803475|20260908015115|951.74
1788803480|20260908015120|951.74
1788803485|20260908015125|951.70
1788803495|20260908015135|951.71
1788803500|20260908015140|951.71
1788803505|20260908015145|951.71
1788803510|20260908015150|951.71
1788803515|20260908015155|951.70
1788803525|20260908015205|951.67
1788803530|20260908015210|951.73
1788803535|20260908015215|951.73
1788803540|20260908015220|951.76
1788803545|20260908015225|951.76
1788803550|20260908015230|951.71
1788803555|20260908015235|951.71
1788803560|20260908015240|951.70
1788803565|20260908015245|951.70
1788803575|20260908015255|951.70
1788803580|20260908015300|951.67
1788803585|20260908015305|951.65
1788803595|20260908015315|951.54
1788803600|20260908015320|951.51
1788803605|20260908015325|951.48
1788803615|20260908015335|951.36
1788803620|20260908015340|951.36
1788803625|20260908015345|951.35
1788803630|20260908015350|951.34
1788803635|20260908015355|951.40
1788803645|20260908015405|951.42
1788803650|20260908015410|951.45
1788803655|20260908015415|951.45
1788803660|20260908015420|951.45
1788803665|20260908015425|951.48
1788803675|20260908015435|951.46
1788803680|20260908015440|951.44
1788803690|20260908015450|951.43
1788803710|20260908015510|951.38
1788803720|20260908015520|951.36
1788803725|20260908015525|951.38
1788803735|20260908015535|951.18
1788803740|20260908015540|951.22
1788803745|20260908015545|951.29
1788803755|20260908015555|951.27
1788803760|20260908015600|951.25
1788803765|20260908015605|951.17
1788803770|20260908015610|951.20
1788803775|20260908015615|951.14
1788803780|20260908015620|951.11
1788803785|20260908015625|951.12
1788803790|20260908015630|951.12
1788803795|20260908015635|951.03
1788803800|20260908015640|951.03
1788803805|20260908015645|951.03
1788803810|20260908015650|951.03
1788803815|20260908015655|951.03
1788803825|20260908015705|951.05
1788803830|20260908015710|951.06
1788803835|20260908015715|951.13
1788803845|20260908015725|951.17
1788803855|20260908015735|951.17
1788803865|20260908015745|951.25
1788803870|20260908015750|951.25
1788803875|20260908015755|951.24
1788803885|20260908015805|951.26
1788803890|20260908015810|951.23
1788803895|20260908015815|951.16
1788803900|20260908015820|951.16
1788803905|20260908015825|951.16
1788803915|20260908015835|951.16
1788803920|20260908015840|951.11
1788803925|20260908015845|951.10
1788803935|20260908015855|951.18
1788803945|20260908015905|951.14
1788803950|20260908015910|951.08
1788803955|20260908015915|951.09
1788803960|20260908015920|951.09
1788803965|20260908015925|951.07
1788804005|20260908020005|950.96
1788804015|20260908020015|950.91
1788804020|20260908020020|950.88
1788804025|20260908020025|950.91
1788804035|20260908020035|950.90
1788804040|20260908020040|950.84
1788804045|20260908020045|950.89
1788804050|20260908020050|950.99
1788804060|20260908020100|951.00
1788804065|20260908020105|950.90
1788804075|20260908020115|950.72
1788804105|20260908020145|950.74
1788804110|20260908020150|950.75
1788804120|20260908020200|950.73
1788804125|20260908020205|950.73
1788804130|20260908020210|950.75
1788804135|20260908020215|950.67
1788804140|20260908020220|950.67
1788804145|20260908020225|950.69
1788804150|20260908020230|950.87
1788804155|20260908020235|950.93
1788804160|20260908020240|950.96
1788804170|20260908020250|950.98
1788804175|20260908020255|950.99
1788804180|20260908020300|951.00
1788804185|20260908020305|951.01
1788804190|20260908020310|951.01
1788804195|20260908020315|951.01
1788804200|20260908020320|951.06
1788804205|20260908020325|951.14
1788804215|20260908020335|951.15
1788804220|20260908020340|951.19
1788804225|20260908020345|951.15
1788804230|20260908020350|951.21
1788804235|20260908020355|951.24
1788804245|20260908020405|951.24
1788804260|20260908020420|951.21
1788804265|20260908020425|951.21
1788804300|20260908020500|950.91
1788804305|20260908020505|950.85
1788804310|20260908020510|950.87
1788804315|20260908020515|950.87
1788804325|20260908020525|950.85
1788804330|20260908020530|950.84
1788804335|20260908020535|950.97
1788804340|20260908020540|951.04
1788804345|20260908020545|951.07
1788804350|20260908020550|951.07
1788804355|20260908020555|951.07
1788804360|20260908020600|951.07
1788804365|20260908020605|951.07
1788804370|20260908020610|951.05
1788804375|20260908020615|951.07
1788804380|20260908020620|951.15
1788804385|20260908020625|951.21
1788804395|20260908020635|951.21
1788804400|20260908020640|951.21
1788804405|20260908020645|951.21
1788804410|20260908020650|951.24
1788804420|20260908020700|951.23
1788804425|20260908020705|951.14
1788804430|20260908020710|951.17
1788804440|20260908020720|951.17
1788804445|20260908020725|951.17
1788804455|20260908020735|951.20
1788804465|20260908020745|951.21
1788804470|20260908020750|951.21
1788804475|20260908020755|951.21
1788804480|20260908020800|951.28
1788804485|20260908020805|951.33
1788804490|20260908020810|951.39
1788804495|20260908020815|951.36
1788804500|20260908020820|951.36
1788804505|20260908020825|951.36
1788804515|20260908020835|951.36
1788804520|20260908020840|951.36
1788804535|20260908020855|951.27
1788804550|20260908020910|951.23
1788804555|20260908020915|951.08
1788804560|20260908020920|951.10
1788804580|20260908020940|951.02
1788804610|20260908021010|951.28
1788804615|20260908021015|951.30
1788804620|20260908021020|951.14
1788804640|20260908021040|951.11
1788804645|20260908021045|951.11
1788804650|20260908021050|951.07
1788804655|20260908021055|951.13
1788804660|20260908021100|951.10
1788804670|20260908021110|951.10
1788804680|20260908021120|951.10
1788804685|20260908021125|951.10
1788804695|20260908021135|951.08
1788804710|20260908021150|951.02
1788804720|20260908021200|951.11
1788804725|20260908021205|951.09
1788804730|20260908021210|951.09
1788804735|20260908021215|951.03
1788804740|20260908021220|950.91
1788804745|20260908021225|950.83
1788804755|20260908021235|950.85
1788804760|20260908021240|950.85
1788804765|20260908021245|950.79
1788804770|20260908021250|950.79
1788804785|20260908021305|950.80
1788804790|20260908021310|950.83
1788804795|20260908021315|950.87
1788804800|20260908021320|950.87
1788804805|20260908021325|950.87
1788804810|20260908021330|950.87
1788804815|20260908021335|950.87
1788804820|20260908021340|950.85
1788804825|20260908021345|950.65
1788804830|20260908021350|950.58
1788804835|20260908021355|950.63
1788804845|20260908021405|950.64
1788804850|20260908021410|950.64
1788804855|20260908021415|950.64
1788804895|20260908021455|950.43
1788804900|20260908021500|950.49
1788804905|20260908021505|950.51
1788804910|20260908021510|950.44
1788804915|20260908021515|950.51
1788804920|20260908021520|950.49
1788804925|20260908021525|950.49
1788804935|20260908021535|950.47
1788804940|20260908021540|950.47
1788804945|20260908021545|950.48
1788804950|20260908021550|950.55
1788804955|20260908021555|950.55
1788804960|20260908021600|950.51
1788804965|20260908021605|950.35
1788804970|20260908021610|950.37
1788804975|20260908021615|950.30
1788804980|20260908021620|950.29
1788804985|20260908021625|950.31
1788804995|20260908021635|950.32
1788805000|20260908021640|950.25
1788805005|20260908021645|950.19
1788805010|20260908021650|950.26
1788805015|20260908021655|950.27
1788805020|20260908021700|950.24
1788805025|20260908021705|950.41
1788805030|20260908021710|950.41
1788805035|20260908021715|950.41
1788805040|20260908021720|950.30
1788805055|20260908021735|950.27
1788805060|20260908021740|950.26
1788805065|20260908021745|950.27
1788805070|20260908021750|950.29
1788805075|20260908021755|950.29
1788805085|20260908021805|950.29
1788805090|20260908021810|950.32
1788805095|20260908021815|950.39
1788805105|20260908021825|950.33
1788805115|20260908021835|950.39
1788805125|20260908021845|950.45
1788805130|20260908021850|950.45
1788805135|20260908021855|950.42
1788805140|20260908021900|950.42
1788805145|20260908021905|950.38
1788805150|20260908021910|950.27
1788805155|20260908021915|950.27
1788805160|20260908021920|950.30
1788805165|20260908021925|950.27
1788805205|20260908022005|950.47
1788805210|20260908022010|950.38
1788805220|20260908022020|950.40
1788805225|20260908022025|950.36
1788805235|20260908022035|950.33
1788805245|20260908022045|950.39
1788805250|20260908022050|950.39
1788805255|20260908022055|950.37
1788805270|20260908022110|950.41
1788805275|20260908022115|950.39
1788805280|20260908022120|950.39
1788805285|20260908022125|950.39
1788805295|20260908022135|950.40
1788805300|20260908022140|950.41
1788805305|20260908022145|950.48
1788805310|20260908022150|950.48
1788805315|20260908022155|950.48
1788805320|20260908022200|950.48
1788805325|20260908022205|950.50
1788805330|20260908022210|950.57
1788805335|20260908022215|950.72
1788805340|20260908022220|950.72
1788805345|20260908022225|950.70
1788805360|20260908022240|950.67
1788805365|20260908022245|950.71
1788805370|20260908022250|950.71
1788805375|20260908022255|950.72
1788805385|20260908022305|950.72
1788805390|20260908022310|950.72
1788805395|20260908022315|950.75
1788805400|20260908022320|950.68
1788805415|20260908022335|950.70
1788805425|20260908022345|950.62
1788805430|20260908022350|950.59
1788805435|20260908022355|950.59
1788805445|20260908022405|950.59
1788805450|20260908022410|950.62
1788805465|20260908022425|950.59
1788805500|20260908022500|950.59
1788805505|20260908022505|950.52
1788805515|20260908022515|950.58
1788805520|20260908022520|950.58
1788805525|20260908022525|950.59
1788805535|20260908022535|950.28
1788805540|20260908022540|950.15
1788805545|20260908022545|950.13
1788805550|20260908022550|950.23
1788805555|20260908022555|950.21
1788805560|20260908022600|950.21
1788805565|20260908022605|950.23
1788805570|20260908022610|950.21
1788805575|20260908022615|950.21
1788805580|20260908022620|950.20
1788805585|20260908022625|950.20
1788805595|20260908022635|950.23
1788805600|20260908022640|950.25
1788805605|20260908022645|950.25
1788805610|20260908022650|950.26
1788805615|20260908022655|950.26
1788805620|20260908022700|950.26
1788805625|20260908022705|950.30
1788805630|20260908022710|950.30
1788805645|20260908022725|950.36
1788805655|20260908022735|950.36
1788805660|20260908022740|950.39
1788805665|20260908022745|950.39
1788805670|20260908022750|950.51
1788805675|20260908022755|950.47
1788805680|20260908022800|950.50
1788805685|20260908022805|950.52
1788805700|20260908022820|950.55
1788805705|20260908022825|950.52
1788805715|20260908022835|950.72
1788805720|20260908022840|950.65
1788805725|20260908022845|950.65
1788805730|20260908022850|950.72
1788805735|20260908022855|950.80
1788805740|20260908022900|950.76
1788805745|20260908022905|950.66
1788805750|20260908022910|950.68
1788805760|20260908022920|950.74
1788805765|20260908022925|950.80
1788805810|20260908023010|950.78
1788805815|20260908023015|950.78
1788805820|20260908023020|950.78
1788805825|20260908023025|950.78
1788805835|20260908023035|950.78
1788805840|20260908023040|950.78
1788805845|20260908023045|950.78
1788805855|20260908023055|950.78
1788805865|20260908023105|950.78
1788805870|20260908023110|950.78
1788805875|20260908023115|950.78
1788805880|20260908023120|950.78
1788805885|20260908023125|950.78
1788805895|20260908023135|950.78
1788805900|20260908023140|950.78
1788805905|20260908023145|950.78
1788805910|20260908023150|950.78
1788805915|20260908023155|950.78
1788805920|20260908023200|950.78
1788805940|20260908023220|950.78
1788805945|20260908023225|950.78
1788805955|20260908023235|950.78
1788805960|20260908023240|950.78
1788805965|20260908023245|950.78
1788805970|20260908023250|950.78
1788805975|20260908023255|950.78
1788805980|20260908023300|950.78
1788805985|20260908023305|950.78
1788805990|20260908023310|950.78
1788805995|20260908023315|950.78
1788806000|20260908023320|950.78
1788806005|20260908023325|950.78
1788806015|20260908023335|950.78
1788806020|20260908023340|950.78
1788806030|20260908023350|950.78
1788806035|20260908023355|950.78
1788806045|20260908023405|950.78
1788806055|20260908023415|950.78
1788806065|20260908023425|950.78
1788806100|20260908023500|950.78
1788806105|20260908023505|950.78
1788806110|20260908023510|950.78
1788806115|20260908023515|950.78
1788806120|20260908023520|950.78
1788806125|20260908023525|950.78
1788806135|20260908023535|950.78
1788806140|20260908023540|950.78
1788806145|20260908023545|950.78
1788806155|20260908023555|950.78
1788806165|20260908023605|950.78
1788806170|20260908023610|950.78
1788806175|20260908023615|950.78
1788806180|20260908023620|950.78
1788806195|20260908023635|950.78
1788806205|20260908023645|950.78
1788806210|20260908023650|950.78
1788806215|20260908023655|950.78
1788806225|20260908023705|950.78
1788806230|20260908023710|950.78
1788806235|20260908023715|950.78
1788806240|20260908023720|950.78
1788806245|20260908023725|950.78
1788806255|20260908023735|950.78
1788806260|20260908023740|950.78
1788806270|20260908023750|950.78
1788806275|20260908023755|950.78
1788806285|20260908023805|950.78
1788806295|20260908023815|950.78
1788806300|20260908023820|950.78
1788806305|20260908023825|950.78
1788806315|20260908023835|950.78
1788806320|20260908023840|950.78
1788806325|20260908023845|950.78
1788806335|20260908023855|950.78
1788806345|20260908023905|950.78
1788806350|20260908023910|950.78
1788806360|20260908023920|950.78
1788806365|20260908023925|950.78
1788806400|20260908024000|950.78
1788806405|20260908024005|950.78
1788806410|20260908024010|950.78
1788806415|20260908024015|950.78
1788806420|20260908024020|950.78
1788806425|20260908024025|950.78
1788806440|20260908024040|950.78
1788806450|20260908024050|950.78
1788806455|20260908024055|950.78
1788806465|20260908024105|950.78
1788806470|20260908024110|950.78
1788806475|20260908024115|950.78
1788806480|20260908024120|950.78
1788806485|20260908024125|950.78
1788806495|20260908024135|950.78
1788806500|20260908024140|950.78
1788806505|20260908024145|950.78
1788806510|20260908024150|950.78
1788806515|20260908024155|950.78
1788806525|20260908024205|950.78
1788806530|20260908024210|950.78
1788806535|20260908024215|950.78
1788806545|20260908024225|950.78
1788806555|20260908024235|950.78
1788806560|20260908024240|950.78
1788806565|20260908024245|950.78
1788806570|20260908024250|950.78
1788806575|20260908024255|950.78
1788806585|20260908024305|950.78
1788806590|20260908024310|950.78
1788806595|20260908024315|950.78
1788806600|20260908024320|950.78
1788806605|20260908024325|950.78
1788806615|20260908024335|950.78
1788806620|20260908024340|950.78
1788806630|20260908024350|950.78
1788806635|20260908024355|950.78
1788806650|20260908024410|950.78
1788806655|20260908024415|950.78
1788806660|20260908024420|950.78
1788806700|20260908024500|950.78
1788806705|20260908024505|950.78
1788806710|20260908024510|950.78
1788806715|20260908024515|950.78
1788806720|20260908024520|950.78
1788806725|20260908024525|950.78
1788806735|20260908024535|950.78
1788806740|20260908024540|950.78
1788806745|20260908024545|950.78
1788806750|20260908024550|950.78
1788806765|20260908024605|950.78
1788806775|20260908024615|950.78
1788806780|20260908024620|950.78
1788806785|20260908024625|950.78
1788806795|20260908024635|950.78
1788806800|20260908024640|950.78
1788806805|20260908024645|950.78
1788806810|20260908024650|950.78
1788806815|20260908024655|950.78
1788806825|20260908024705|950.78
1788806830|20260908024710|950.78
1788806835|20260908024715|950.78
1788806840|20260908024720|950.78
1788806845|20260908024725|950.78
1788806855|20260908024735|950.78
1788806865|20260908024745|950.78
1788806870|20260908024750|950.78
1788806875|20260908024755|950.78
1788806885|20260908024805|950.78
1788806890|20260908024810|950.78
1788806895|20260908024815|950.78
1788806900|20260908024820|950.78
1788806905|20260908024825|950.78
1788806915|20260908024835|950.78
1788806920|20260908024840|950.78
1788806925|20260908024845|950.78
1788806945|20260908024905|950.78
1788806950|20260908024910|950.78
1788806955|20260908024915|950.78
1788806965|20260908024925|950.78
1788807000|20260908025000|950.78
1788807010|20260908025010|950.78
1788807015|20260908025015|950.78
1788807020|20260908025020|950.78
1788807025|20260908025025|950.78
1788807035|20260908025035|950.78
1788807045|20260908025045|950.78
1788807055|20260908025055|950.78
1788807065|20260908025105|950.78
1788807070|20260908025110|950.78
1788807075|20260908025115|950.78
1788807080|20260908025120|950.78
1788807100|20260908025140|950.78
1788807105|20260908025145|950.78
1788807110|20260908025150|950.78
1788807115|20260908025155|950.78
1788807125|20260908025205|950.78
1788807130|20260908025210|950.78
1788807135|20260908025215|950.78
1788807140|20260908025220|950.78
1788807145|20260908025225|950.78
1788807155|20260908025235|950.78
1788807160|20260908025240|950.78
1788807165|20260908025245|950.78
1788807175|20260908025255|950.78
1788807185|20260908025305|950.78
1788807200|20260908025320|950.78
1788807215|20260908025335|950.78
1788807220|20260908025340|950.78
1788807230|20260908025350|950.78
1788807245|20260908025405|950.78
1788807250|20260908025410|950.78
1788807255|20260908025415|950.78
1788807305|20260908025505|950.78
1788807315|20260908025515|950.78
1788807320|20260908025520|950.78
1788807325|20260908025525|950.78
1788807340|20260908025540|950.78
1788807345|20260908025545|950.78
1788807350|20260908025550|950.78
1788807355|20260908025555|950.78
1788807360|20260908025600|950.78
1788807365|20260908025605|950.78
1788807370|20260908025610|950.78
1788807375|20260908025615|950.78
1788807380|20260908025620|950.78
1788807385|20260908025625|950.78
1788807395|20260908025635|950.78
1788807400|20260908025640|950.78
1788807405|20260908025645|950.78
1788807410|20260908025650|950.78
1788807415|20260908025655|950.78
1788807425|20260908025705|950.78
1788807430|20260908025710|950.78
1788807435|20260908025715|950.78
1788807440|20260908025720|950.78
1788807445|20260908025725|950.78
1788807455|20260908025735|950.78
1788807460|20260908025740|950.78
1788807470|20260908025750|950.78
1788807475|20260908025755|950.78
1788807485|20260908025805|950.78
1788807490|20260908025810|950.78
1788807495|20260908025815|950.78
1788807500|20260908025820|950.78
1788807505|20260908025825|950.78
1788807510|20260908025830|950.78
1788807520|20260908025840|950.78
1788807525|20260908025845|950.78
1788807530|20260908025850|950.78
1788807535|20260908025855|950.78
1788807540|20260908025900|950.78
1788807545|20260908025905|950.78
1788807550|20260908025910|950.78
1788807555|20260908025915|950.78
1788807560|20260908025920|950.78
1788807565|20260908025925|950.78
1788807600|20260908030000|950.78
1788807605|20260908030005|950.78
1788807610|20260908030010|950.78
1788807615|20260908030015|950.78
1788807620|20260908030020|950.78
1788807635|20260908030035|950.78
1788807640|20260908030040|950.78
1788807645|20260908030045|950.78
1788807650|20260908030050|950.78
1788818410|20260908060010|951.77
1788818420|20260908060020|951.81
1788818425|20260908060025|951.88
1788818435|20260908060035|951.80
1788818445|20260908060045|952.05
1788818450|20260908060050|952.02
1788818455|20260908060055|952.02
1788818465|20260908060105|952.33
1788818470|20260908060110|952.38
1788818475|20260908060115|951.97
1788818480|20260908060120|951.81
1788818485|20260908060125|951.95
1788818495|20260908060135|952.12
1788818500|20260908060140|952.28
1788818505|20260908060145|952.41
1788818510|20260908060150|952.45
1788818515|20260908060155|952.43
1788818530|20260908060210|952.17
1788818535|20260908060215|952.08
1788818540|20260908060220|952.08
1788818545|20260908060225|952.14
1788818560|20260908060240|952.00
1788818570|20260908060250|951.82
1788818575|20260908060255|951.83
1788818585|20260908060305|951.88
1788818590|20260908060310|951.94
1788818600|20260908060320|951.86
1788818605|20260908060325|951.85
1788818615|20260908060335|951.85
1788818620|20260908060340|951.82
1788818625|20260908060345|951.68
1788818630|20260908060350|951.76
1788818635|20260908060355|951.92
1788818645|20260908060405|951.96
1788818655|20260908060415|951.96
1788818660|20260908060420|951.99
1788818665|20260908060425|951.88
1788818695|20260908060455|952.17
1788818705|20260908060505|952.18
1788818710|20260908060510|952.11
1788818715|20260908060515|952.07
1788818720|20260908060520|952.14
1788818725|20260908060525|952.21
1788818740|20260908060540|952.25
1788818745|20260908060545|952.20
1788818750|20260908060550|952.26
1788818755|20260908060555|952.23
1788818770|20260908060610|952.23
1788818775|20260908060615|952.22
1788818785|20260908060625|952.22
1788818795|20260908060635|952.22
1788818800|20260908060640|952.21
1788818805|20260908060645|952.21
1788818810|20260908060650|952.30
1788818815|20260908060655|952.30
1788818825|20260908060705|952.25
1788818830|20260908060710|952.27
1788818835|20260908060715|952.27
1788818840|20260908060720|952.22
1788818855|20260908060735|952.12
1788818860|20260908060740|952.07
1788818865|20260908060745|952.10
1788818870|20260908060750|952.10
1788818875|20260908060755|952.07
1788818890|20260908060810|952.03
1788818895|20260908060815|952.03
1788818905|20260908060825|952.05
1788818915|20260908060835|952.05
1788818925|20260908060845|952.01
1788818930|20260908060850|951.97
1788818935|20260908060855|951.99
1788818945|20260908060905|951.99
1788818950|20260908060910|952.00
1788818960|20260908060920|952.10
1788818965|20260908060925|952.12
1788818990|20260908060950|952.13
1788819000|20260908061000|952.10
1788819005|20260908061005|952.10
1788819010|20260908061010|952.05
1788819015|20260908061015|952.08
1788819020|20260908061020|952.22
1788819025|20260908061025|952.20
1788819035|20260908061035|952.14
1788819045|20260908061045|952.12
1788819050|20260908061050|952.11
1788819065|20260908061105|952.10
1788819070|20260908061110|952.14
1788819075|20260908061115|952.10
1788819080|20260908061120|952.10
1788819085|20260908061125|952.05
1788819100|20260908061140|952.15
1788819105|20260908061145|952.17
1788819110|20260908061150|952.18
1788819115|20260908061155|952.22
1788819120|20260908061200|952.14
1788819125|20260908061205|952.16
1788819130|20260908061210|952.14
1788819135|20260908061215|952.14
1788819140|20260908061220|952.14
1788819145|20260908061225|952.21
1788819155|20260908061235|952.15
1788819160|20260908061240|952.21
1788819165|20260908061245|952.11
1788819170|20260908061250|952.16
1788819175|20260908061255|952.11
1788819185|20260908061305|952.10
1788819195|20260908061315|952.14
1788819200|20260908061320|952.07
1788819215|20260908061335|952.11
1788819220|20260908061340|952.10
1788819225|20260908061345|952.05
1788819230|20260908061350|952.07
1788819235|20260908061355|952.07
1788819245|20260908061405|952.05
1788819255|20260908061415|952.05
1788819260|20260908061420|952.05
1788819265|20260908061425|952.05
1788819305|20260908061505|952.21
1788819315|20260908061515|952.20
1788819320|20260908061520|952.19
1788819325|20260908061525|952.19
1788819335|20260908061535|952.17
1788819340|20260908061540|952.17
1788819350|20260908061550|952.17
1788819355|20260908061555|952.17
1788819365|20260908061605|952.14
1788819375|20260908061615|952.09
1788819385|20260908061625|952.09
1788819400|20260908061640|952.08
1788819405|20260908061645|952.03
1788819410|20260908061650|952.08
1788819415|20260908061655|952.08
1788819430|20260908061710|952.13
1788819435|20260908061715|952.11
1788819445|20260908061725|952.14
1788819455|20260908061735|952.14
1788819460|20260908061740|952.14
1788819470|20260908061750|952.12
1788819475|20260908061755|952.07
1788819485|20260908061805|952.11
1788819490|20260908061810|952.10
1788819495|20260908061815|952.11
1788819500|20260908061820|952.11
1788819515|20260908061835|952.09
1788819520|20260908061840|952.09
1788819530|20260908061850|952.11
1788819535|20260908061855|952.13
1788819545|20260908061905|952.17
1788819550|20260908061910|952.18
1788819555|20260908061915|952.18
1788819560|20260908061920|952.21
1788819565|20260908061925|952.19
1788819600|20260908062000|952.23
1788819605|20260908062005|952.26
1788819610|20260908062010|952.23
1788819615|20260908062015|952.20
1788819620|20260908062020|952.20
1788819625|20260908062025|952.22
1788819635|20260908062035|952.22
1788819640|20260908062040|952.19
1788819645|20260908062045|952.20
1788819655|20260908062055|952.23
1788819665|20260908062105|952.14
1788819670|20260908062110|952.09
1788819675|20260908062115|952.02
1788819680|20260908062120|952.04
1788819685|20260908062125|952.04
1788819695|20260908062135|952.01
1788819700|20260908062140|952.00
1788819705|20260908062145|951.99
1788819710|20260908062150|951.92
1788819715|20260908062155|951.93
1788819730|20260908062210|951.98
1788819735|20260908062215|952.01
1788819740|20260908062220|951.98
1788819745|20260908062225|951.98
1788819755|20260908062235|952.00
1788819760|20260908062240|951.98
1788819765|20260908062245|951.98
1788819770|20260908062250|952.00
1788819775|20260908062255|951.97
1788819780|20260908062300|951.94
1788819785|20260908062305|951.94
1788819790|20260908062310|951.88
1788819795|20260908062315|951.86
1788819800|20260908062320|951.87
1788819805|20260908062325|951.85
1788819815|20260908062335|951.85
1788819820|20260908062340|951.84
1788819825|20260908062345|951.87
1788819830|20260908062350|951.84
1788819835|20260908062355|951.86
1788819840|20260908062400|951.81
1788819855|20260908062415|951.89
1788819860|20260908062420|951.86
1788819865|20260908062425|951.86
1788819905|20260908062505|951.88
1788819910|20260908062510|951.84
1788819915|20260908062515|951.81
1788819920|20260908062520|951.80
1788819925|20260908062525|951.74
1788819940|20260908062540|951.64
1788819945|20260908062545|951.64
1788819950|20260908062550|951.63
1788819960|20260908062600|951.57
1788819965|20260908062605|951.54
1788819970|20260908062610|951.60
1788819980|20260908062620|951.57
1788819985|20260908062625|951.61
1788819995|20260908062635|951.60
1788820000|20260908062640|951.60
1788820005|20260908062645|951.58
1788820010|20260908062650|951.58
1788820020|20260908062700|951.50
1788820030|20260908062710|951.52
1788820035|20260908062715|951.53
1788820040|20260908062720|951.50
1788820045|20260908062725|951.52
1788820065|20260908062745|951.52
1788820070|20260908062750|951.52
1788820075|20260908062755|951.52
1788820085|20260908062805|951.52
1788820090|20260908062810|951.54
1788820095|20260908062815|951.53
1788820100|20260908062820|951.56
1788820105|20260908062825|951.52
1788820115|20260908062835|951.54
1788820120|20260908062840|951.55
1788820125|20260908062845|951.52
1788820130|20260908062850|951.52
1788820135|20260908062855|951.49
1788820140|20260908062900|951.55
1788820145|20260908062905|951.54
1788820150|20260908062910|951.56
1788820160|20260908062920|951.56
1788820165|20260908062925|951.56
1788820170|20260908062930|951.54
1788820175|20260908062935|951.54
1788820180|20260908062940|951.54
1788820205|20260908063005|951.45
1788820210|20260908063010|951.41
1788820220|20260908063020|951.40
1788820235|20260908063035|951.37
1788820240|20260908063040|951.37
1788820245|20260908063045|951.34
1788820250|20260908063050|951.40
1788820255|20260908063055|951.37
1788820260|20260908063100|951.35
1788820265|20260908063105|951.32
1788820270|20260908063110|951.35
1788820275|20260908063115|951.29
1788820295|20260908063135|951.33
1788820300|20260908063140|951.33
1788820305|20260908063145|951.37
1788820310|20260908063150|951.37
1788820315|20260908063155|951.34
1788820320|20260908063200|951.30
1788820325|20260908063205|951.30
1788820330|20260908063210|951.30
1788820335|20260908063215|951.30
1788820340|20260908063220|951.28
1788820345|20260908063225|951.33
1788820355|20260908063235|951.30
1788820360|20260908063240|951.30
1788820365|20260908063245|951.30
1788820375|20260908063255|951.28
1788820380|20260908063300|951.28
1788820385|20260908063305|951.31
1788820390|20260908063310|951.31
1788820400|20260908063320|951.31
1788820405|20260908063325|951.39
1788820415|20260908063335|951.33
1788820420|20260908063340|951.33
1788820425|20260908063345|951.36
1788820430|20260908063350|951.32
1788820435|20260908063355|951.39
1788820445|20260908063405|951.32
1788820450|20260908063410|951.32
1788820455|20260908063415|951.34
1788820460|20260908063420|951.39
1788820465|20260908063425|951.40
1788820480|20260908063440|951.31
1788820500|20260908063500|951.34
1788820505|20260908063505|951.32
1788820510|20260908063510|951.29
1788820515|20260908063515|951.27
1788820520|20260908063520|951.26
1788820535|20260908063535|951.32
1788820540|20260908063540|951.33
1788820545|20260908063545|951.29
1788820550|20260908063550|951.31
1788820555|20260908063555|951.31
1788820560|20260908063600|951.31
1788820565|20260908063605|951.33
1788820570|20260908063610|951.38
1788820575|20260908063615|951.33
1788820580|20260908063620|951.33
1788820590|20260908063630|951.31
1788820595|20260908063635|951.29
1788820600|20260908063640|951.27
1788820605|20260908063645|951.44
1788820610|20260908063650|951.43
1788820630|20260908063710|951.40
1788820635|20260908063715|951.40
1788820640|20260908063720|951.40
1788820645|20260908063725|951.40
1788820655|20260908063735|951.53
1788820660|20260908063740|951.54
1788820665|20260908063745|951.46
1788820670|20260908063750|951.46
1788820675|20260908063755|951.35
1788820680|20260908063800|951.33
1788820685|20260908063805|951.30
1788820690|20260908063810|951.34
1788820695|20260908063815|951.34
1788820700|20260908063820|951.35
1788820705|20260908063825|951.33
1788820715|20260908063835|951.40
1788820720|20260908063840|951.38
1788820725|20260908063845|951.37
1788820735|20260908063855|951.42
1788820745|20260908063905|951.37
1788820750|20260908063910|951.28
1788820755|20260908063915|951.24
1788820760|20260908063920|951.25
1788820765|20260908063925|951.28
1788820790|20260908063950|951.37
1788820795|20260908063955|951.35
1788820805|20260908064005|951.26
1788820810|20260908064010|951.20
1788820820|20260908064020|951.20
1788820825|20260908064025|951.20
1788820830|20260908064030|951.31
1788820835|20260908064035|951.37
1788820840|20260908064040|951.38
1788820850|20260908064050|951.43
1788820855|20260908064055|951.46
1788820860|20260908064100|951.36
1788820865|20260908064105|951.36
1788820875|20260908064115|951.36
1788820880|20260908064120|951.38
1788820885|20260908064125|951.38
1788820890|20260908064130|951.38
1788820895|20260908064135|951.38
1788820900|20260908064140|951.39
1788820905|20260908064145|951.39
1788820910|20260908064150|951.39
1788820915|20260908064155|951.31
1788820920|20260908064200|951.29
1788820925|20260908064205|951.32
1788820930|20260908064210|951.25
1788820935|20260908064215|951.25
1788820940|20260908064220|951.28
1788820945|20260908064225|951.28
1788820955|20260908064235|951.14
1788820965|20260908064245|951.14
1788820970|20260908064250|951.16
1788820975|20260908064255|951.19
1788820980|20260908064300|951.10
1788820995|20260908064315|951.14
1788821000|20260908064320|951.14
1788821020|20260908064340|951.07
1788821025|20260908064345|951.05
1788821030|20260908064350|951.16
1788821035|20260908064355|951.16
1788821040|20260908064400|951.16
1788821045|20260908064405|951.12
1788821050|20260908064410|951.15
1788821055|20260908064415|951.13
1788821060|20260908064420|951.10
1788821065|20260908064425|951.14
1788821100|20260908064500|951.16
1788821105|20260908064505|951.18
1788821110|20260908064510|951.22
1788821115|20260908064515|951.23
1788821120|20260908064520|951.20
1788821125|20260908064525|951.11
1788821135|20260908064535|951.05
1788821145|20260908064545|951.01
1788821150|20260908064550|951.01
1788821155|20260908064555|951.00
1788821160|20260908064600|950.95
1788821165|20260908064605|950.94
1788821170|20260908064610|950.90
1788821175|20260908064615|950.89
1788821180|20260908064620|950.98
1788821185|20260908064625|950.97
1788821195|20260908064635|951.03
1788821200|20260908064640|950.95
1788821205|20260908064645|950.98
1788821210|20260908064650|950.98
1788821225|20260908064705|950.98
1788821230|20260908064710|950.98
1788821235|20260908064715|950.92
1788821240|20260908064720|950.94
1788821245|20260908064725|950.87
1788821260|20260908064740|950.89
1788821265|20260908064745|950.89
1788821280|20260908064800|950.86
1788821285|20260908064805|950.89
1788821290|20260908064810|950.92
1788821295|20260908064815|950.90
1788821300|20260908064820|950.92
1788821305|20260908064825|950.77
1788821315|20260908064835|950.78
1788821320|20260908064840|950.82
1788821325|20260908064845|950.80
1788821330|20260908064850|950.73
1788821335|20260908064855|950.83
1788821340|20260908064900|950.77
1788821345|20260908064905|950.83
1788821350|20260908064910|950.83
1788821365|20260908064925|950.79
1788821405|20260908065005|950.81
1788821415|20260908065015|950.81
1788821420|20260908065020|950.81
1788821425|20260908065025|950.84
1788821440|20260908065040|950.83
1788821445|20260908065045|950.85
1788821455|20260908065055|950.89
1788821465|20260908065105|950.88
1788821475|20260908065115|950.84
1788821480|20260908065120|950.91
1788821485|20260908065125|950.88
1788821495|20260908065135|950.88
1788821525|20260908065205|950.85
1788821530|20260908065210|950.87
1788821535|20260908065215|950.92
1788821540|20260908065220|950.92
1788821555|20260908065235|950.89
1788821560|20260908065240|950.88
1788821565|20260908065245|950.88
1788821570|20260908065250|950.94
1788821575|20260908065255|950.94
1788821585|20260908065305|950.91
1788821590|20260908065310|950.88
1788821595|20260908065315|950.89
1788821600|20260908065320|950.86
1788821605|20260908065325|950.93
1788821615|20260908065335|950.92
1788821620|20260908065340|950.92
1788821630|20260908065350|950.89
1788821635|20260908065355|950.89
1788821645|20260908065405|950.89
1788821650|20260908065410|950.86
1788821655|20260908065415|950.89
1788821660|20260908065420|950.92
1788821665|20260908065425|950.92
1788821700|20260908065500|951.05
1788821710|20260908065510|951.11
1788821715|20260908065515|951.16
1788821720|20260908065520|951.05
1788821725|20260908065525|951.03
1788821735|20260908065535|951.03
1788821740|20260908065540|951.03
1788821745|20260908065545|951.05
1788821750|20260908065550|951.03
1788821755|20260908065555|951.05
1788821765|20260908065605|951.05
1788821770|20260908065610|951.03
1788821775|20260908065615|951.03
1788821780|20260908065620|951.05
1788821785|20260908065625|951.03
1788821795|20260908065635|951.07
1788821800|20260908065640|951.03
1788821810|20260908065650|951.06
1788821815|20260908065655|951.07
1788821830|20260908065710|950.93
1788821835|20260908065715|950.93
1788821845|20260908065725|950.96
1788821860|20260908065740|950.99
1788821865|20260908065745|950.99
1788821870|20260908065750|951.03
1788821890|20260908065810|950.98
1788821895|20260908065815|950.94
1788821900|20260908065820|951.04
1788821905|20260908065825|951.05
1788821915|20260908065835|951.03
1788821925|20260908065845|951.02
1788821930|20260908065850|951.03
1788821935|20260908065855|951.02
1788821945|20260908065905|951.02
1788821950|20260908065910|951.02
1788821960|20260908065920|951.02
1788821965|20260908065925|951.02
1788822020|20260908070020|951.05
1788822025|20260908070025|951.02
1788822035|20260908070035|951.02
1788822040|20260908070040|951.02
1788822045|20260908070045|951.06
1788822050|20260908070050|951.06
1788822055|20260908070055|951.06
1788822065|20260908070105|951.12
1788822070|20260908070110|951.23
1788822075|20260908070115|951.28
1788822080|20260908070120|951.27
1788822085|20260908070125|951.27
1788822095|20260908070135|951.40
1788822100|20260908070140|951.38
1788822105|20260908070145|951.39
1788822110|20260908070150|951.27
1788822115|20260908070155|951.27
1788822125|20260908070205|951.34
1788822135|20260908070215|951.37
1788822145|20260908070225|951.35
1788822155|20260908070235|951.35
1788822165|20260908070245|951.35
1788822170|20260908070250|951.38
1788822175|20260908070255|951.36
1788822185|20260908070305|951.45
1788822190|20260908070310|951.48
1788822195|20260908070315|951.50
1788822200|20260908070320|951.45
1788822205|20260908070325|951.52
1788822215|20260908070335|951.50
1788822220|20260908070340|951.48
1788822225|20260908070345|951.48
1788822230|20260908070350|951.49
1788822245|20260908070405|951.71
1788822250|20260908070410|951.74
1788822255|20260908070415|951.76
1788822260|20260908070420|951.74
1788822265|20260908070425|951.72
1788822305|20260908070505|951.92
1788822310|20260908070510|951.94
1788822315|20260908070515|951.96
1788822320|20260908070520|951.92
1788822335|20260908070535|952.03
1788822340|20260908070540|952.08
1788822350|20260908070550|951.87
1788822355|20260908070555|951.87
1788822365|20260908070605|951.97
1788822370|20260908070610|951.96
1788822375|20260908070615|951.92
1788822380|20260908070620|951.95
1788822385|20260908070625|951.80
1788822395|20260908070635|951.84
1788822400|20260908070640|951.78
1788822405|20260908070645|951.78
1788822410|20260908070650|951.85
1788822415|20260908070655|951.86
1788822425|20260908070705|951.84
1788822430|20260908070710|951.84
1788822435|20260908070715|951.76
1788822445|20260908070725|951.77
1788822455|20260908070735|951.94
1788822465|20260908070745|951.98
1788822485|20260908070805|951.79
1788822490|20260908070810|951.86
1788822500|20260908070820|951.84
1788822505|20260908070825|951.86
1788822515|20260908070835|951.85
1788822520|20260908070840|951.81
1788822525|20260908070845|951.81
1788822530|20260908070850|951.82
1788822535|20260908070855|951.87
1788822545|20260908070905|951.85
1788822550|20260908070910|951.82
1788822555|20260908070915|951.82
1788822560|20260908070920|951.82
1788822565|20260908070925|951.84
1788822605|20260908071005|951.69
1788822610|20260908071010|951.81
1788822615|20260908071015|951.81
1788822620|20260908071020|951.87
1788822625|20260908071025|951.72
1788822640|20260908071040|951.70
1788822645|20260908071045|951.66
1788822650|20260908071050|951.66
1788822655|20260908071055|951.70
1788822665|20260908071105|951.67
1788822670|20260908071110|951.69
1788822675|20260908071115|951.68
1788822695|20260908071135|951.71
1788822700|20260908071140|951.68
1788822705|20260908071145|951.65
1788822710|20260908071150|951.65
1788822715|20260908071155|951.65
1788822725|20260908071205|951.68
1788822730|20260908071210|951.67
1788822735|20260908071215|951.70
1788822740|20260908071220|951.70
1788822745|20260908071225|951.73
1788822760|20260908071240|951.71
1788822770|20260908071250|951.77
1788822785|20260908071305|951.80
1788822790|20260908071310|951.72
1788822795|20260908071315|951.72
1788822800|20260908071320|951.72
1788822805|20260908071325|951.72
1788822815|20260908071335|951.68
1788822820|20260908071340|951.68
1788822825|20260908071345|951.68
1788822845|20260908071405|951.75
1788822850|20260908071410|951.67
1788822860|20260908071420|951.77
1788822915|20260908071515|951.77
1788822920|20260908071520|951.75
1788822925|20260908071525|951.77
1788822935|20260908071535|951.60
1788822940|20260908071540|951.60
1788822945|20260908071545|951.54
1788822950|20260908071550|951.55
1788822955|20260908071555|951.60
1788822965|20260908071605|951.57
1788822970|20260908071610|951.59
1788822975|20260908071615|951.59
1788822985|20260908071625|951.59
1788822995|20260908071635|951.56
1788823005|20260908071645|951.61
1788823010|20260908071650|951.46
1788823020|20260908071700|951.63
1788823030|20260908071710|951.87
1788823035|20260908071715|951.86
1788823040|20260908071720|951.84
1788823045|20260908071725|951.80
1788823065|20260908071745|951.64
1788823070|20260908071750|951.61
1788823075|20260908071755|951.63
1788823085|20260908071805|951.57
1788823090|20260908071810|951.44
1788823095|20260908071815|951.48
1788823100|20260908071820|951.50
1788823105|20260908071825|951.49
1788823125|20260908071845|951.42
1788823135|20260908071855|951.40
1788823145|20260908071905|951.43
1788823150|20260908071910|951.43
1788823155|20260908071915|951.45
1788823160|20260908071920|951.48
1788823180|20260908071940|951.53
1788823200|20260908072000|951.62
1788823205|20260908072005|951.66
1788823210|20260908072010|951.78
1788823215|20260908072015|951.91
1788823220|20260908072020|951.79
1788823225|20260908072025|951.85
1788823235|20260908072035|951.90
1788823245|20260908072045|951.94
1788823250|20260908072050|951.92
1788823265|20260908072105|951.93
1788823270|20260908072110|951.90
1788823275|20260908072115|951.90
1788823295|20260908072135|951.88
1788823300|20260908072140|951.90
1788823305|20260908072145|951.90
1788823310|20260908072150|951.90
1788823315|20260908072155|951.90
1788823325|20260908072205|951.93
1788823330|20260908072210|951.94
1788823335|20260908072215|952.04
1788823340|20260908072220|952.09
1788823355|20260908072235|952.05
1788823360|20260908072240|952.03
1788823365|20260908072245|951.98
1788823370|20260908072250|952.06
1788823375|20260908072255|952.00
1788823385|20260908072305|951.96
1788823395|20260908072315|951.98
1788823400|20260908072320|951.95
1788823405|20260908072325|951.93
1788823415|20260908072335|951.69
1788823420|20260908072340|951.71
1788823425|20260908072345|951.72
1788823430|20260908072350|951.74
1788823435|20260908072355|951.73
1788823450|20260908072410|951.58
1788823455|20260908072415|951.50
1788823460|20260908072420|951.78
1788823465|20260908072425|951.65
1788823500|20260908072500|951.60
1788823505|20260908072505|951.63
1788823510|20260908072510|951.63
1788823515|20260908072515|951.69
1788823535|20260908072535|951.58
1788823540|20260908072540|951.58
1788823545|20260908072545|951.58
1788823550|20260908072550|951.45
1788823565|20260908072605|951.64
1788823575|20260908072615|951.74
1788823580|20260908072620|951.75
1788823585|20260908072625|951.86
1788823595|20260908072635|951.94
1788823610|20260908072650|952.02
1788823615|20260908072655|952.07
1788823625|20260908072705|952.07
1788823630|20260908072710|952.11
1788823635|20260908072715|952.02
1788823640|20260908072720|951.99
1788823645|20260908072725|951.96
1788823655|20260908072735|952.11
1788823660|20260908072740|952.03
1788823670|20260908072750|951.95
1788823685|20260908072805|951.88
1788823690|20260908072810|951.87
1788823695|20260908072815|951.82
1788823700|20260908072820|951.82
1788823705|20260908072825|951.79
1788823720|20260908072840|951.71
1788823725|20260908072845|951.71
1788823730|20260908072850|951.69
1788823735|20260908072855|951.69
1788823745|20260908072905|951.63
1788823750|20260908072910|951.67
1788823755|20260908072915|951.67
1788823760|20260908072920|951.65
1788823800|20260908073000|951.71
1788823820|20260908073020|951.84
1788823825|20260908073025|951.86
1788823850|20260908073050|951.84
1788823855|20260908073055|951.85
1788823870|20260908073110|951.84
1788823875|20260908073115|951.81
1788823880|20260908073120|951.81
1788823885|20260908073125|951.90
1788823900|20260908073140|951.92
1788823905|20260908073145|951.98
1788823910|20260908073150|951.96
1788823925|20260908073205|951.96
1788823930|20260908073210|951.88
1788823940|20260908073220|952.03
1788823945|20260908073225|952.03
1788823955|20260908073235|952.03
1788823960|20260908073240|952.14
1788823970|20260908073250|952.15
1788823990|20260908073310|952.29
1788823995|20260908073315|952.26
1788824000|20260908073320|952.27
1788824005|20260908073325|952.31
1788824015|20260908073335|952.31
1788824020|20260908073340|952.28
1788824025|20260908073345|952.26
1788824030|20260908073350|952.34
1788824035|20260908073355|952.77
1788824045|20260908073405|952.86
1788824050|20260908073410|952.93
1788824055|20260908073415|952.99
1788824060|20260908073420|952.95
1788824065|20260908073425|952.95
1788824154|20260908073554|953.84
