1787673607|20260826000007|1005.38
1787673888|20260826000448|1004.24
1787673996|20260826000636|1004.51
1787674196|20260826000956|1003.68
1787674278|20260826001118|1003.15
1787674354|20260826001234|1003.82
1787674518|20260826001518|1002.95
1787674704|20260826001824|1004.13
1787674811|20260826002011|1003.24
1787674945|20260826002225|1002.12
1787675122|20260826002522|1002.43
1787675172|20260826002612|1003.09
1787675543|20260826003223|1003.03
1787675696|20260826003456|1002.20
1787675720|20260826003520|1001.97
1787675971|20260826003931|1003.70
1787676112|20260826004152|1003.20
1787676158|20260826004238|1003.63
1787676326|20260826004526|1002.98
1787676575|20260826004935|1003.90
1787676671|20260826005111|1003.34
1787676729|20260826005209|1003.91
1787677075|20260826005755|1002.67
1787677188|20260826005948|1003.59
1787677201|20260826010001|1003.38
1787677392|20260826010312|1002.25
1787677502|20260826010502|1002.65
1787677740|20260826010900|1001.54
1787677888|20260826011128|1001.33
1787678072|20260826011432|1002.54
1787678134|20260826011534|1001.48
1787678399|20260826011959|1003.19
1787678442|20260826012042|1003.66
1787678645|20260826012405|1002.13
1787678834|20260826012714|1002.76
1787678916|20260826012836|1001.73
1787679030|20260826013030|1001.76
1787679161|20260826013241|1002.48
1787679308|20260826013508|1002.16
1787679499|20260826013819|1003.21
1787679661|20260826014101|1002.85
1787679735|20260826014215|1003.51
1787679938|20260826014538|1003.16
1787680071|20260826014751|1003.99
1787680203|20260826015003|1003.88
1787680288|20260826015128|1003.12
1787680502|20260826015502|1003.60
1787680782|20260826015942|1004.35
1787680802|20260826020002|1004.38
1787681095|20260826020455|1003.52
1787681128|20260826020528|1003.48
1787681310|20260826020830|1004.26
1787681447|20260826021047|1003.86
1787681544|20260826021224|1004.77
1787681941|20260826021901|1003.92
1787681982|20260826021942|1004.51
1787682183|20260826022303|1004.63
1787682247|20260826022407|1004.33
1787682313|20260826022513|1004.82
1787682481|20260826022801|1004.46
1787682603|20260826023003|1004.71
1787682827|20260826023347|1003.94
1787683049|20260826023729|1003.84
1787683113|20260826023833|1004.39
1787683220|20260826024020|1004.24
1787683419|20260826024339|1004.80
1787683502|20260826024502|1004.56
1787683588|20260826024628|1005.15
1787683802|20260826025002|1004.99
1787683874|20260826025114|1004.69
1787684161|20260826025601|1004.89
1787684376|20260826025936|1005.78
1787684454|20260826030054|1006.40
1787684649|20260826030409|1005.44
1787684709|20260826030509|1005.51
1787684950|20260826030910|1006.93
1787685003|20260826031003|1006.68
1787685085|20260826031125|1007.53
1787685304|20260826031504|1007.31
1787685575|20260826031935|1008.60
1787685643|20260826032043|1008.39
1787685852|20260826032412|1007.53
1787685901|20260826032501|1007.83
1787686030|20260826032710|1006.87
1787686382|20260826033302|1007.28
1787686481|20260826033441|1006.59
1787686538|20260826033538|1006.96
1787686641|20260826033721|1006.43
1787686836|20260826034036|1006.71
1787687040|20260826034400|1007.85
1787687174|20260826034614|1006.96
1787687399|20260826034959|1007.89
1787687531|20260826035211|1007.34
1787687612|20260826035332|1008.47
1787687761|20260826035601|1007.14
1787687936|20260826035856|1008.49
1787688023|20260826040023|1008.53
1787688174|20260826040254|1007.85
1787688439|20260826040719|1007.50
1787688598|20260826040958|1008.63
1787688609|20260826041009|1008.82
1787688896|20260826041456|1008.16
1787688972|20260826041612|1008.32
1787689071|20260826041751|1008.02
1787689244|20260826042044|1008.12
1787689481|20260826042441|1008.59
1787689500|20260826042500|1008.26
1787689693|20260826042813|1007.31
1787689868|20260826043108|1007.19
1787689973|20260826043253|1007.72
1787690159|20260826043559|1007.40
1787690184|20260826043624|1007.17
1787690454|20260826044054|1007.31
1787690498|20260826044138|1006.93
1787690788|20260826044628|1007.37
1787690998|20260826044958|1007.02
1787691034|20260826045034|1007.20
1787691295|20260826045455|1006.75
1787691307|20260826045507|1006.89
1787691368|20260826045608|1006.41
1787695221|20260826060021|1006.07
1787695492|20260826060452|1007.25
1787695672|20260826060752|1006.96
1787695784|20260826060944|1007.31
1787695822|20260826061022|1007.12
1787696079|20260826061439|1007.93
1787696104|20260826061504|1007.86
1787696194|20260826061634|1008.36
1787696413|20260826062013|1008.37
1787696538|20260826062218|1007.98
1787696792|20260826062632|1008.10
1787696868|20260826062748|1008.36
1787697000|20260826063000|1008.33
1787697258|20260826063418|1008.78
1787697343|20260826063543|1008.43
1787697546|20260826063906|1009.24
1787697786|20260826064306|1008.82
1787697891|20260826064451|1009.12
1787697903|20260826064503|1009.02
1787698172|20260826064932|1009.59
1787698200|20260826065000|1009.50
1787698316|20260826065156|1009.84
1787698500|20260826065500|1009.57
1787698751|20260826065911|1009.80
1787698812|20260826070012|1009.81
1787699009|20260826070329|1009.11
1787699119|20260826070519|1009.57
1787699399|20260826070959|1008.85
1787699427|20260826071027|1008.96
1787699522|20260826071202|1008.43
1787699706|20260826071506|1008.64
1787699784|20260826071624|1008.27
1787700000|20260826072000|1008.48
1787700298|20260826072458|1007.32
1787700303|20260826072503|1007.31
1787700430|20260826072710|1006.91
1787700624|20260826073024|1007.19
1787700720|20260826073200|1006.55
1787700934|20260826073534|1007.03
1787701194|20260826073954|1006.72
1787701226|20260826074026|1006.82
1787701472|20260826074432|1005.93
1787701646|20260826074726|1006.55
1787701752|20260826074912|1005.84
1787701825|20260826075025|1005.56
1787701969|20260826075249|1006.21
1787702249|20260826075729|1005.90
1787702328|20260826075848|1005.41
1787702418|20260826080018|1006.27
1787702654|20260826080414|1005.09
1787702822|20260826080702|1005.09
1787702984|20260826080944|1005.58
1787703160|20260826081240|1005.74
1787703283|20260826081443|1004.93
1787703316|20260826081516|1004.84
1787703499|20260826081819|1005.79
1787703600|20260826082000|1005.03
1787703888|20260826082448|1003.62
1787703951|20260826082551|1003.22
1787704130|20260826082850|1004.18
1787704381|20260826083301|1004.72
1787704455|20260826083415|1003.42
1787704526|20260826083526|1003.68
1787704747|20260826083907|1002.25
1787704804|20260826084004|1002.55
1787705062|20260826084422|1001.76
1787705172|20260826084612|1001.70
1787705269|20260826084749|1002.20
1787705415|20260826085015|1002.31
1787705646|20260826085406|1001.36
1787705768|20260826085608|1001.63
1787705936|20260826085856|1002.29
1787706005|20260826090005|1000.66
1787706269|20260826090429|1003.67
1787706369|20260826090609|1004.24
1787706512|20260826090832|1002.75
1787706636|20260826091036|1002.78
1787706715|20260826091155|1003.95
1787706900|20260826091500|1003.39
1787707086|20260826091806|1004.79
1787707311|20260826092151|1004.51
1787707498|20260826092458|1003.70
1787707543|20260826092543|1003.28
1787707594|20260826092634|1004.27
1787707827|20260826093027|1003.75
1787708035|20260826093355|1002.47
1787708106|20260826093506|1002.47
1787708244|20260826093724|1004.13
1787708422|20260826094022|1004.21
1787708516|20260826094156|1002.61
1787708816|20260826094656|1003.33
1787708995|20260826094955|1005.03
1787709134|20260826095214|1005.58
1787709170|20260826095250|1004.93
1787709302|20260826095502|1005.11
1787709513|20260826095833|1007.13
1787709659|20260826100059|1005.88
1787709852|20260826100412|1006.88
1787709947|20260826100547|1006.63
1787710133|20260826100853|1007.27
1787710244|20260826101044|1007.21
1787710346|20260826101226|1006.45
1787710786|20260826101946|1006.80
1787710799|20260826101959|1007.24
1787710861|20260826102101|1007.31
1787711083|20260826102443|1006.70
1787711169|20260826102609|1006.93
1787711329|20260826102849|1006.21
1787711403|20260826103003|1006.62
1787711624|20260826103344|1007.85
1787711749|20260826103549|1008.43
1787711881|20260826103801|1006.96
1787712047|20260826104047|1007.52
1787712217|20260826104337|1009.30
1787712324|20260826104524|1008.89
1787712532|20260826104852|1008.18
1787712653|20260826105053|1008.40
1787712884|20260826105444|1007.07
1787712904|20260826105504|1007.23
1787713196|20260826105956|1006.60
1787713204|20260826110004|1006.69
1787713241|20260826110041|1005.68
1787713532|20260826110532|1006.34
1787713738|20260826110858|1004.74
1787713802|20260826111002|1004.87
1787713873|20260826111113|1004.26
1787714113|20260826111513|1004.52
1787714371|20260826111931|1003.89
1787714406|20260826112006|1004.15
1787714585|20260826112305|1004.95
1787714888|20260826112808|1004.30
1787714976|20260826112936|1004.93
1787715054|20260826113054|1005.09
1787715084|20260826113124|1004.76
1787715486|20260826113806|1005.10
1787715586|20260826113946|1004.17
1787715608|20260826114008|1004.63
1787715897|20260826114457|1003.82
1787715902|20260826114502|1003.85
1787715960|20260826114600|1003.25
1787716291|20260826115131|1003.40
1787716443|20260826115403|1003.90
1787716515|20260826115515|1003.71
1787716790|20260826115950|1003.40
1787716966|20260826120246|1003.23
1787717036|20260826120356|1003.62
1787717249|20260826120729|1003.09
1787717322|20260826120842|1003.49
1787717457|20260826121057|1003.54
1787717631|20260826121351|1003.24
1787717733|20260826121533|1003.00
1787717943|20260826121903|1003.37
1787718070|20260826122110|1003.02
1787718126|20260826122206|1003.33
1787718357|20260826122557|1003.30
1787718431|20260826122711|1002.95
1787718715|20260826123155|1003.40
1787718814|20260826123334|1002.94
1787718944|20260826123544|1002.81
1787719072|20260826123752|1003.21
1787719266|20260826124106|1002.68
1787719420|20260826124340|1003.18
1787719566|20260826124606|1002.99
1787719695|20260826124815|1002.47
1787719927|20260826125207|1002.71
1787720039|20260826125359|1003.15
1787720167|20260826125607|1003.09
1787720364|20260826125924|1002.65
