1791388930|20261008000210|884.96
1791389096|20261008000456|886.60
1791389157|20261008000557|886.42
1791389196|20261008000636|887.65
1791389597|20261008001317|887.16
1791389656|20261008001416|886.64
1791389834|20261008001714|886.69
1791389992|20261008001952|887.28
1791390070|20261008002110|887.10
1791390190|20261008002310|887.62
1791390408|20261008002648|887.13
1791390500|20261008002820|887.65
1791390630|20261008003030|887.73
1791390891|20261008003451|886.94
1791391107|20261008003827|887.20
1791391196|20261008003956|886.58
1791391200|20261008004000|886.65
1791391292|20261008004132|886.11
1791391600|20261008004640|887.16
1791391798|20261008004958|886.16
1791391808|20261008005008|886.10
1791391971|20261008005251|886.70
1791392251|20261008005731|886.85
1791392320|20261008005840|886.42
1791392517|20261008010157|886.33
1791392598|20261008010318|887.85
1791392772|20261008010612|887.05
1791392999|20261008010959|888.64
1791393091|20261008011131|890.14
1791393279|20261008011439|888.56
1791393340|20261008011540|888.48
1791393380|20261008011620|889.17
1791393647|20261008012047|889.45
1791393894|20261008012454|888.46
1791393919|20261008012519|888.62
1791394112|20261008012832|887.45
1791394209|20261008013009|887.40
1791394291|20261008013131|888.13
1791394541|20261008013541|887.88
1791394790|20261008013950|887.20
1791394937|20261008014217|887.30
1791395037|20261008014357|886.92
1791395104|20261008014504|886.99
1791395237|20261008014717|887.83
1791395407|20261008015007|887.16
1791395697|20261008015457|886.58
1791395815|20261008015655|886.39
1791395968|20261008015928|886.79
1791396087|20261008020127|886.45
1791396299|20261008020459|887.77
1791396355|20261008020555|888.73
1791396566|20261008020926|887.45
1791396601|20261008021001|887.71
1791396888|20261008021448|887.31
1791396906|20261008021506|887.43
1791397145|20261008021905|887.07
1791397201|20261008022001|887.36
1791397460|20261008022420|886.76
1791397566|20261008022606|886.70
1791397688|20261008022808|887.22
1791397804|20261008023004|887.11
1791397887|20261008023127|886.63
1791398169|20261008023609|887.04
1791398332|20261008023852|886.08
1791398401|20261008024001|886.34
1791398592|20261008024312|887.12
1791398805|20261008024645|886.42
1791398996|20261008024956|887.06
1791399044|20261008025044|887.35
1791399284|20261008025444|886.77
1791399379|20261008025619|886.98
1791399545|20261008025905|886.45
1791399723|20261008030203|886.78
1791399845|20261008030405|885.77
1791399959|20261008030559|886.36
1791400100|20261008030820|885.19
1791400202|20261008031002|885.55
1791400483|20261008031443|886.32
1791400550|20261008031550|885.80
1791400612|20261008031652|886.46
1791400808|20261008032008|886.60
1791400930|20261008032210|886.22
1791401108|20261008032508|886.36
1791401193|20261008032633|885.90
1791401429|20261008033029|886.15
1791401622|20261008033342|885.74
1791401887|20261008033807|885.65
1791401933|20261008033853|885.94
1791402012|20261008034012|886.02
1791402269|20261008034429|885.38
1791402303|20261008034503|885.50
1791402506|20261008034826|884.90
1791402604|20261008035004|885.19
1791402788|20261008035308|884.72
1791402969|20261008035609|885.08
1791403095|20261008035815|884.60
1791403210|20261008040010|884.66
1791403301|20261008040141|885.42
1791403518|20261008040518|885.19
1791403664|20261008040744|885.64
1791403865|20261008041105|885.43
1791404010|20261008041330|885.98
1791404107|20261008041507|885.85
1791404363|20261008041923|886.25
1791404401|20261008042001|886.19
1791404596|20261008042316|886.76
1791404700|20261008042500|886.61
1791404973|20261008042933|887.32
1791405063|20261008043103|887.36
1791405299|20261008043459|886.59
1791405437|20261008043717|886.81
1791405557|20261008043917|886.46
1791405606|20261008044006|886.59
1791405728|20261008044208|886.20
1791405946|20261008044546|886.33
1791406125|20261008044845|886.55
1791406209|20261008045009|886.82
1791406407|20261008045327|885.75
1791406501|20261008045501|886.04
1791406753|20261008045913|886.94
1791410440|20261008060040|888.01
1791410698|20261008060458|887.24
