1791158400|20261005080000|893.71
1791158470|20261005080110|894.36
1791158525|20261005080205|894.41
1791158530|20261005080210|894.66
1791158535|20261005080215|894.70
1791158540|20261005080220|894.72
1791158560|20261005080240|894.90
1791158565|20261005080245|894.84
1791158590|20261005080310|894.80
1791158595|20261005080315|894.80
1791158600|20261005080320|894.77
1791158605|20261005080325|894.75
1791158615|20261005080335|894.93
1791158620|20261005080340|894.82
1791158625|20261005080345|894.92
1791158635|20261005080355|894.85
1791158645|20261005080405|894.89
1791158655|20261005080415|895.17
1791158705|20261005080505|895.29
1791158710|20261005080510|895.25
1791158715|20261005080515|895.25
1791158720|20261005080520|895.33
1791158725|20261005080525|895.18
1791158735|20261005080535|895.24
1791158740|20261005080540|895.27
1791158745|20261005080545|895.31
1791158750|20261005080550|895.23
1791158755|20261005080555|895.14
1791158770|20261005080610|895.29
1791158775|20261005080615|895.27
1791158785|20261005080625|895.27
1791158795|20261005080635|895.15
1791158800|20261005080640|895.07
1791158805|20261005080645|895.03
1791158825|20261005080705|895.14
1791158830|20261005080710|895.23
1791158840|20261005080720|895.10
1791158860|20261005080740|895.09
1791158865|20261005080745|895.01
1791158870|20261005080750|894.97
1791158890|20261005080810|894.91
1791158895|20261005080815|894.87
1791158905|20261005080825|895.04
1791158915|20261005080835|895.04
1791158920|20261005080840|894.97
1791158925|20261005080845|894.88
1791158935|20261005080855|895.22
1791158945|20261005080905|895.06
1791158960|20261005080920|895.19
1791158965|20261005080925|895.20
1791159000|20261005081000|895.19
1791159005|20261005081005|895.13
1791159015|20261005081015|895.05
1791159020|20261005081020|895.03
1791159025|20261005081025|895.05
1791159035|20261005081035|895.03
1791159040|20261005081040|895.00
1791159045|20261005081045|895.13
1791159050|20261005081050|895.19
1791159065|20261005081105|895.32
1791159070|20261005081110|895.38
1791159080|20261005081120|895.46
1791159095|20261005081135|895.75
1791159100|20261005081140|895.77
1791159110|20261005081150|895.75
1791159115|20261005081155|895.64
1791159125|20261005081205|895.57
1791159130|20261005081210|895.49
1791159135|20261005081215|895.33
1791159140|20261005081220|895.29
1791159170|20261005081250|895.28
1791159175|20261005081255|895.27
1791159185|20261005081305|895.26
1791159195|20261005081315|895.16
1791159230|20261005081350|895.11
1791159235|20261005081355|895.05
1791159245|20261005081405|895.03
1791159250|20261005081410|895.02
1791159265|20261005081425|894.99
1791159310|20261005081510|895.26
1791159315|20261005081515|895.21
1791159320|20261005081520|895.25
1791159335|20261005081535|895.51
1791159355|20261005081555|895.67
1791159370|20261005081610|895.93
1791159380|20261005081620|895.91
1791159385|20261005081625|895.74
1791159395|20261005081635|895.50
1791159405|20261005081645|895.48
1791159410|20261005081650|895.35
1791159425|20261005081705|895.10
1791159430|20261005081710|895.01
1791159435|20261005081715|894.93
1791159440|20261005081720|894.92
1791159470|20261005081750|895.12
1791159475|20261005081755|895.10
1791159485|20261005081805|894.95
1791159490|20261005081810|894.95
1791159495|20261005081815|894.84
1791159500|20261005081820|894.94
1791159515|20261005081835|894.99
1791159525|20261005081845|895.02
1791159535|20261005081855|895.09
1791159545|20261005081905|895.20
1791159550|20261005081910|895.37
1791159555|20261005081915|895.37
1791159560|20261005081920|895.38
1791159565|20261005081925|895.30
1791159600|20261005082000|895.64
1791159605|20261005082005|895.62
1791159610|20261005082010|895.69
1791159615|20261005082015|895.64
1791159620|20261005082020|895.64
1791159625|20261005082025|895.66
1791159645|20261005082045|895.76
1791159655|20261005082055|895.79
1791159665|20261005082105|895.69
1791159670|20261005082110|895.77
1791159675|20261005082115|895.83
1791159680|20261005082120|895.84
1791159695|20261005082135|895.86
1791159700|20261005082140|895.93
1791159705|20261005082145|895.87
1791159710|20261005082150|895.82
1791159735|20261005082215|895.81
1791159745|20261005082225|895.95
1791159755|20261005082235|896.04
1791159765|20261005082245|896.24
1791159790|20261005082310|896.48
1791159800|20261005082320|896.47
1791159805|20261005082325|896.44
1791159855|20261005082415|896.80
1791159860|20261005082420|896.67
1791159905|20261005082505|896.82
1791159910|20261005082510|896.75
1791159920|20261005082520|896.59
1791159925|20261005082525|896.70
1791159935|20261005082535|896.58
1791159940|20261005082540|896.70
1791159950|20261005082550|896.70
1791159955|20261005082555|896.66
1791159965|20261005082605|897.03
1791159975|20261005082615|896.44
1791159980|20261005082620|896.52
1791159985|20261005082625|896.52
1791159995|20261005082635|896.55
1791160000|20261005082640|896.56
1791160005|20261005082645|896.66
1791160010|20261005082650|896.69
1791160025|20261005082705|896.51
1791160030|20261005082710|896.56
1791160035|20261005082715|896.61
1791160040|20261005082720|896.66
1791160045|20261005082725|896.59
1791160060|20261005082740|896.57
1791160065|20261005082745|896.62
1791160070|20261005082750|896.70
1791160075|20261005082755|896.69
1791160090|20261005082810|896.78
1791160095|20261005082815|896.72
1791160100|20261005082820|896.73
1791160115|20261005082835|896.42
1791160120|20261005082840|896.36
1791160130|20261005082850|896.44
1791160135|20261005082855|896.34
1791160150|20261005082910|896.46
1791160155|20261005082915|896.31
1791160160|20261005082920|896.26
1791160165|20261005082925|896.28
1791160180|20261005082940|896.38
1791160195|20261005082955|896.36
1791160200|20261005083000|896.45
1791160205|20261005083005|896.51
1791160220|20261005083020|896.40
1791160225|20261005083025|896.34
1791160235|20261005083035|896.19
1791160245|20261005083045|896.17
1791160265|20261005083105|896.31
1791160275|20261005083115|896.28
1791160280|20261005083120|896.21
1791160285|20261005083125|896.22
1791160300|20261005083140|896.22
1791160305|20261005083145|896.27
1791160315|20261005083155|896.34
1791160325|20261005083205|896.23
1791160335|20261005083215|896.22
1791160340|20261005083220|896.08
1791160345|20261005083225|896.05
1791160360|20261005083240|896.07
1791160365|20261005083245|896.05
1791160370|20261005083250|896.03
1791160375|20261005083255|896.05
1791160385|20261005083305|895.93
1791160390|20261005083310|895.85
1791160828|20261005084028|895.91
1791160865|20261005084105|895.74
1791160870|20261005084110|895.76
1791160875|20261005084115|895.75
1791160880|20261005084120|895.82
1791160895|20261005084135|895.80
1791160900|20261005084140|895.80
1791160905|20261005084145|895.84
1791160925|20261005084205|895.79
1791160930|20261005084210|895.76
1791160935|20261005084215|895.73
1791160955|20261005084235|895.64
1791160975|20261005084255|895.77
1791160985|20261005084305|895.90
1791160995|20261005084315|895.90
1791161000|20261005084320|895.87
1791161005|20261005084325|895.76
1791161030|20261005084350|895.87
1791161050|20261005084410|895.84
1791161055|20261005084415|895.94
1791161060|20261005084420|895.91
1791161065|20261005084425|895.92
1791161105|20261005084505|895.92
1791161110|20261005084510|895.94
1791161115|20261005084515|895.89
1791161140|20261005084540|895.89
1791161145|20261005084545|895.86
1791161155|20261005084555|895.90
1791161165|20261005084605|895.89
1791161170|20261005084610|895.85
1791161185|20261005084625|895.99
1791161200|20261005084640|896.10
1791161205|20261005084645|896.17
1791161210|20261005084650|896.23
1791161215|20261005084655|896.17
1791161225|20261005084705|896.24
1791161235|20261005084715|896.30
1791161240|20261005084720|896.26
1791161245|20261005084725|896.11
1791161260|20261005084740|896.21
1791161265|20261005084745|896.17
1791161285|20261005084805|896.25
1791161290|20261005084810|896.28
1791161295|20261005084815|896.30
1791161300|20261005084820|896.32
1791161305|20261005084825|896.37
1791161315|20261005084835|896.31
1791161320|20261005084840|896.37
1791161325|20261005084845|896.38
1791161330|20261005084850|896.44
1791161335|20261005084855|896.63
1791161345|20261005084905|896.60
1791161350|20261005084910|896.60
1791161355|20261005084915|896.56
1791161360|20261005084920|896.54
1791161400|20261005085000|896.56
1791161410|20261005085010|896.60
1791161420|20261005085020|896.69
1791161425|20261005085025|896.62
1791161435|20261005085035|896.52
1791161440|20261005085040|896.49
1791161450|20261005085050|896.53
1791161465|20261005085105|896.58
1791161480|20261005085120|896.51
1791161485|20261005085125|896.50
1791161495|20261005085135|896.41
1791161500|20261005085140|896.40
1791161505|20261005085145|896.36
1791161510|20261005085150|896.38
1791161515|20261005085155|896.38
1791161525|20261005085205|896.34
1791161530|20261005085210|896.34
1791161535|20261005085215|896.30
1791161540|20261005085220|896.37
1791161545|20261005085225|896.39
1791161555|20261005085235|896.39
1791161560|20261005085240|896.38
1791161565|20261005085245|896.39
1791161575|20261005085255|896.36
1791161585|20261005085305|896.31
1791161590|20261005085310|896.32
1791161595|20261005085315|896.55
1791161600|20261005085320|896.56
1791161605|20261005085325|896.60
1791161615|20261005085335|896.53
1791161620|20261005085340|896.58
1791161625|20261005085345|896.58
1791161645|20261005085405|896.48
1791161655|20261005085415|896.49
1791161660|20261005085420|896.48
1791161665|20261005085425|896.45
1791161710|20261005085510|896.46
1791161715|20261005085515|896.50
1791161720|20261005085520|896.51
1791161725|20261005085525|896.50
1791161740|20261005085540|896.59
1791161765|20261005085605|896.43
1791161770|20261005085610|896.49
1791161775|20261005085615|896.39
1791161780|20261005085620|896.36
1791161785|20261005085625|896.41
1791161810|20261005085650|896.33
1791161825|20261005085705|896.18
1791161830|20261005085710|896.34
1791161835|20261005085715|896.35
1791161840|20261005085720|896.39
1791161845|20261005085725|896.37
1791161855|20261005085735|896.36
1791161860|20261005085740|896.30
1791161875|20261005085755|896.25
1791161895|20261005085815|896.40
1791161900|20261005085820|896.51
1791161905|20261005085825|896.51
1791161920|20261005085840|896.64
1791161925|20261005085845|896.64
1791161930|20261005085850|896.69
1791161935|20261005085855|896.70
1791161945|20261005085905|896.71
1791161950|20261005085910|896.72
1791161955|20261005085915|896.73
1791161960|20261005085920|896.72
1791161965|20261005085925|896.70
1791162000|20261005090000|896.72
1791162015|20261005090015|896.24
1791162020|20261005090020|896.13
1791162035|20261005090035|896.35
1791162040|20261005090040|896.35
1791162045|20261005090045|896.50
1791162055|20261005090055|896.51
1791162065|20261005090105|896.60
1791162070|20261005090110|896.58
1791162075|20261005090115|896.86
1791162085|20261005090125|896.90
1791162095|20261005090135|896.89
1791162100|20261005090140|896.89
1791162105|20261005090145|896.69
1791162125|20261005090205|896.99
1791162140|20261005090220|896.90
1791162145|20261005090225|896.96
1791162160|20261005090240|896.89
1791162170|20261005090250|896.91
1791162175|20261005090255|896.91
1791162190|20261005090310|897.05
1791162195|20261005090315|897.11
1791162200|20261005090320|897.05
1791162205|20261005090325|897.10
1791162215|20261005090335|897.03
1791162220|20261005090340|897.04
1791162225|20261005090345|897.01
1791162230|20261005090350|897.01
1791162235|20261005090355|897.04
1791162245|20261005090405|897.14
1791162255|20261005090415|897.09
1791162300|20261005090500|897.33
1791162305|20261005090505|897.33
1791162310|20261005090510|897.49
1791162320|20261005090520|897.47
1791162379|20261005090619|897.53
