1786550405|20260813000005|958.60
1786550420|20260813000020|958.44
1786550425|20260813000025|958.53
1786550435|20260813000035|959.02
1786550440|20260813000040|959.04
1786550445|20260813000045|959.09
1786550450|20260813000050|959.18
1786550455|20260813000055|959.17
1786550460|20260813000100|959.29
1786550465|20260813000105|959.31
1786550470|20260813000110|959.35
1786550475|20260813000115|959.55
1786550480|20260813000120|959.59
1786550485|20260813000125|959.53
1786550500|20260813000140|959.31
1786550505|20260813000145|959.37
1786550510|20260813000150|959.21
1786550515|20260813000155|959.27
1786550525|20260813000205|959.17
1786550530|20260813000210|959.21
1786550535|20260813000215|959.08
1786550540|20260813000220|959.09
1786550545|20260813000225|959.06
1786550555|20260813000235|959.07
1786550560|20260813000240|959.12
1786550565|20260813000245|959.19
1786550570|20260813000250|959.17
1786550580|20260813000300|958.87
1786550590|20260813000310|958.78
1786550595|20260813000315|958.71
1786550600|20260813000320|958.72
1786550605|20260813000325|958.64
1786550615|20260813000335|958.75
1786550620|20260813000340|958.76
1786550625|20260813000345|958.75
1786550640|20260813000400|958.60
1786550650|20260813000410|958.55
1786550655|20260813000415|958.40
1786550665|20260813000425|958.24
1786550700|20260813000500|958.64
1786550705|20260813000505|958.53
1786550710|20260813000510|958.54
1786550720|20260813000520|958.51
1786550725|20260813000525|958.42
1786550735|20260813000535|958.43
1786550740|20260813000540|958.42
1786550745|20260813000545|958.53
1786550755|20260813000555|958.66
1786550760|20260813000600|958.84
1786550765|20260813000605|958.75
1786550775|20260813000615|958.78
1786550780|20260813000620|958.75
1786550785|20260813000625|958.76
1786550795|20260813000635|958.69
1786550800|20260813000640|958.71
1786550805|20260813000645|958.68
1786550810|20260813000650|958.70
1786550820|20260813000700|958.55
1786550835|20260813000715|958.54
1786550840|20260813000720|958.51
1786550845|20260813000725|958.41
1786550855|20260813000735|958.33
1786550860|20260813000740|958.29
1786550865|20260813000745|958.32
1786550870|20260813000750|958.36
1786550875|20260813000755|958.34
1786550885|20260813000805|958.31
1786550890|20260813000810|958.33
1786550895|20260813000815|958.25
1786550900|20260813000820|958.20
1786550905|20260813000825|958.14
1786550915|20260813000835|958.06
1786550920|20260813000840|958.34
1786550925|20260813000845|958.47
1786550930|20260813000850|958.33
1786550935|20260813000855|958.24
1786550940|20260813000900|958.23
1786550945|20260813000905|958.23
1786550950|20260813000910|958.30
1786550955|20260813000915|958.26
1786550960|20260813000920|958.30
1786550995|20260813000955|958.24
1786551010|20260813001010|958.37
1786551015|20260813001015|958.37
1786551025|20260813001025|958.43
1786551035|20260813001035|958.47
1786551040|20260813001040|958.47
1786551045|20260813001045|958.46
1786551050|20260813001050|958.40
1786551055|20260813001055|958.45
1786551065|20260813001105|958.15
1786551070|20260813001110|957.99
1786551075|20260813001115|957.90
1786551080|20260813001120|957.85
1786551085|20260813001125|957.85
1786551095|20260813001135|957.90
1786551100|20260813001140|957.86
1786551115|20260813001155|958.39
1786551120|20260813001200|958.45
1786551125|20260813001205|958.46
1786551130|20260813001210|958.49
1786551135|20260813001215|958.49
1786551140|20260813001220|958.56
1786551145|20260813001225|958.66
1786551155|20260813001235|958.41
1786551160|20260813001240|958.37
1786551165|20260813001245|958.48
1786551170|20260813001250|958.62
1786551175|20260813001255|958.71
1786551180|20260813001300|958.67
1786551185|20260813001305|958.62
1786551190|20260813001310|958.68
1786551195|20260813001315|958.65
1786551200|20260813001320|958.70
1786551205|20260813001325|958.71
1786551225|20260813001345|958.95
1786551230|20260813001350|959.06
1786551235|20260813001355|959.02
1786551240|20260813001400|959.01
1786551245|20260813001405|959.04
1786551255|20260813001415|959.02
1786551260|20260813001420|959.10
1786551265|20260813001425|959.10
1786551300|20260813001500|959.17
1786551305|20260813001505|959.15
1786551310|20260813001510|959.29
1786551315|20260813001515|959.23
1786551320|20260813001520|959.17
1786551345|20260813001545|959.29
1786551355|20260813001555|959.31
1786551365|20260813001605|959.40
1786551370|20260813001610|959.33
1786551375|20260813001615|959.28
1786551380|20260813001620|959.14
1786551385|20260813001625|959.19
1786551395|20260813001635|959.19
1786551400|20260813001640|959.29
1786551405|20260813001645|959.36
1786551410|20260813001650|959.43
1786551415|20260813001655|959.43
1786551425|20260813001705|959.33
1786551430|20260813001710|959.20
1786551435|20260813001715|959.08
1786551440|20260813001720|959.08
1786551445|20260813001725|959.19
1786551465|20260813001745|959.10
1786551470|20260813001750|959.06
1786551475|20260813001755|959.08
1786551480|20260813001800|959.10
1786551485|20260813001805|959.17
1786551490|20260813001810|959.35
1786551495|20260813001815|959.43
1786551500|20260813001820|959.57
1786551515|20260813001835|959.59
1786551520|20260813001840|959.50
1786551525|20260813001845|959.48
1786551530|20260813001850|959.53
1786551535|20260813001855|959.60
1786551540|20260813001900|959.60
1786551555|20260813001915|959.62
1786551560|20260813001920|959.62
1786551565|20260813001925|959.61
1786551605|20260813002005|959.56
1786551610|20260813002010|959.59
1786551620|20260813002020|959.51
1786551625|20260813002025|959.45
1786551640|20260813002040|959.42
1786551645|20260813002045|959.39
1786551650|20260813002050|959.35
1786551665|20260813002105|959.28
1786551670|20260813002110|959.29
1786551675|20260813002115|959.36
1786551680|20260813002120|959.30
1786551685|20260813002125|959.30
1786551700|20260813002140|959.34
1786551705|20260813002145|959.32
1786551710|20260813002150|959.35
1786551715|20260813002155|959.36
1786551725|20260813002205|959.30
1786551730|20260813002210|959.30
1786551735|20260813002215|959.22
1786551745|20260813002225|959.23
1786551760|20260813002240|959.39
1786551770|20260813002250|959.40
1786551775|20260813002255|959.42
1786551785|20260813002305|959.47
1786551795|20260813002315|959.53
1786551800|20260813002320|959.56
1786551805|20260813002325|959.42
1786551815|20260813002335|959.42
1786551820|20260813002340|959.45
1786551830|20260813002350|959.51
1786551835|20260813002355|959.50
1786551845|20260813002405|959.49
1786551850|20260813002410|959.52
1786551860|20260813002420|959.59
1786551865|20260813002425|959.54
1786551895|20260813002455|959.75
1786551905|20260813002505|959.74
1786551910|20260813002510|959.70
1786551915|20260813002515|959.71
1786551920|20260813002520|959.72
1786551945|20260813002545|959.47
1786551955|20260813002555|959.45
1786551965|20260813002605|959.42
1786551970|20260813002610|959.28
1786551980|20260813002620|959.31
1786551995|20260813002635|959.28
1786552000|20260813002640|959.27
1786552005|20260813002645|959.29
1786552010|20260813002650|959.27
1786552025|20260813002705|959.24
1786552030|20260813002710|959.19
1786552040|20260813002720|959.17
1786552045|20260813002725|958.92
1786552055|20260813002735|959.07
1786552070|20260813002750|959.04
1786552075|20260813002755|958.98
1786552090|20260813002810|959.15
1786552095|20260813002815|959.16
1786552100|20260813002820|959.15
1786552105|20260813002825|959.17
1786552115|20260813002835|959.13
1786552120|20260813002840|959.15
1786552125|20260813002845|959.09
1786552130|20260813002850|959.10
1786552135|20260813002855|959.07
1786552145|20260813002905|959.06
1786552150|20260813002910|959.06
1786552155|20260813002915|959.00
1786552160|20260813002920|959.06
1786552200|20260813003000|959.11
1786552205|20260813003005|959.11
1786552210|20260813003010|959.15
1786552215|20260813003015|959.18
1786552220|20260813003020|959.21
1786552225|20260813003025|959.16
1786552235|20260813003035|958.87
1786552240|20260813003040|958.83
1786552245|20260813003045|958.87
1786552250|20260813003050|958.87
1786552255|20260813003055|958.85
1786552265|20260813003105|958.85
1786552270|20260813003110|958.83
1786552275|20260813003115|958.83
1786552280|20260813003120|958.75
1786552310|20260813003150|958.71
1786552315|20260813003155|958.67
1786552325|20260813003205|958.64
1786552330|20260813003210|958.47
1786552335|20260813003215|958.47
1786552340|20260813003220|958.49
1786552355|20260813003235|958.35
1786552365|20260813003245|958.17
1786552370|20260813003250|958.22
1786552385|20260813003305|958.18
1786552395|20260813003315|957.93
1786552400|20260813003320|957.77
1786552405|20260813003325|957.84
1786552415|20260813003335|957.92
1786552420|20260813003340|957.64
1786552425|20260813003345|957.61
1786552430|20260813003350|957.63
1786552435|20260813003355|957.55
1786552445|20260813003405|957.48
1786552450|20260813003410|957.40
1786552455|20260813003415|957.34
1786552460|20260813003420|957.31
1786552465|20260813003425|957.22
1786552500|20260813003500|957.18
1786552505|20260813003505|957.08
1786552510|20260813003510|956.79
1786552515|20260813003515|956.62
1786552520|20260813003520|956.83
1786552525|20260813003525|956.89
1786552540|20260813003540|957.08
1786552545|20260813003545|957.05
1786552560|20260813003600|957.14
1786552570|20260813003610|957.26
1786552575|20260813003615|957.28
1786552580|20260813003620|957.27
1786552585|20260813003625|957.32
1786552595|20260813003635|957.34
1786552600|20260813003640|957.44
1786552605|20260813003645|957.45
1786552610|20260813003650|957.40
1786552615|20260813003655|957.32
1786552625|20260813003705|957.42
1786552630|20260813003710|957.55
1786552635|20260813003715|957.44
1786552640|20260813003720|957.33
1786552645|20260813003725|957.37
1786552660|20260813003740|957.42
1786552665|20260813003745|957.44
1786552670|20260813003750|957.33
1786552690|20260813003810|957.01
1786552695|20260813003815|957.16
1786552700|20260813003820|957.18
1786552715|20260813003835|957.22
1786552720|20260813003840|957.20
1786552730|20260813003850|957.14
1786552735|20260813003855|957.14
1786552740|20260813003900|957.17
1786552745|20260813003905|957.28
1786552750|20260813003910|957.29
1786552755|20260813003915|957.32
1786552760|20260813003920|957.22
1786552765|20260813003925|957.23
1786552805|20260813004005|957.09
1786552810|20260813004010|957.03
1786552815|20260813004015|957.03
1786552820|20260813004020|957.14
1786552825|20260813004025|957.25
1786552840|20260813004040|957.30
1786552845|20260813004045|957.43
1786552850|20260813004050|957.42
1786552855|20260813004055|957.09
1786552860|20260813004100|957.15
1786552870|20260813004110|957.19
1786552880|20260813004120|957.01
1786552885|20260813004125|957.03
1786552895|20260813004135|957.02
1786552900|20260813004140|957.02
1786552905|20260813004145|957.08
1786552910|20260813004150|957.09
1786552915|20260813004155|957.06
1786552925|20260813004205|957.22
1786552930|20260813004210|957.15
1786552935|20260813004215|957.17
1786552940|20260813004220|957.12
1786552955|20260813004235|957.12
1786552960|20260813004240|957.20
1786552965|20260813004245|957.26
1786552970|20260813004250|957.18
1786552985|20260813004305|957.08
1786552990|20260813004310|957.17
1786552995|20260813004315|957.00
1786553000|20260813004320|957.12
1786553005|20260813004325|957.15
1786553035|20260813004355|956.54
1786553040|20260813004400|956.55
1786553045|20260813004405|956.38
1786553050|20260813004410|956.36
1786553055|20260813004415|956.31
1786553060|20260813004420|956.32
1786553065|20260813004425|956.23
1786553100|20260813004500|956.48
1786553110|20260813004510|956.31
1786553115|20260813004515|956.41
1786553125|20260813004525|956.40
1786553140|20260813004540|956.03
1786553145|20260813004545|956.02
1786553150|20260813004550|956.05
1786553155|20260813004555|956.16
1786553165|20260813004605|956.16
1786553170|20260813004610|956.16
1786553175|20260813004615|956.01
1786553185|20260813004625|956.20
1786553200|20260813004640|956.38
1786553215|20260813004655|956.39
1786553225|20260813004705|956.41
1786553230|20260813004710|956.14
1786553235|20260813004715|956.14
1786553240|20260813004720|956.05
1786553245|20260813004725|955.93
1786553255|20260813004735|955.84
1786553260|20260813004740|955.70
1786553265|20260813004745|955.65
1786553270|20260813004750|955.60
1786553275|20260813004755|955.59
1786553285|20260813004805|955.31
1786553290|20260813004810|955.21
1786553295|20260813004815|955.33
1786553300|20260813004820|955.25
1786553305|20260813004825|955.15
1786553315|20260813004835|955.19
1786553320|20260813004840|955.34
1786553325|20260813004845|955.41
1786553330|20260813004850|955.41
1786553335|20260813004855|955.43
1786553340|20260813004900|955.35
1786553345|20260813004905|955.42
1786553350|20260813004910|955.42
1786553355|20260813004915|955.34
1786553360|20260813004920|955.30
1786553365|20260813004925|955.24
1786553405|20260813005005|954.62
1786553410|20260813005010|954.76
1786553415|20260813005015|954.92
1786553420|20260813005020|954.76
1786553425|20260813005025|954.92
1786553435|20260813005035|954.89
1786553440|20260813005040|954.85
1786553445|20260813005045|954.97
1786553450|20260813005050|955.01
1786553455|20260813005055|954.91
1786553460|20260813005100|954.95
1786553470|20260813005110|954.68
1786553475|20260813005115|954.65
1786553480|20260813005120|954.72
1786553485|20260813005125|954.70
1786553495|20260813005135|954.65
1786553525|20260813005205|955.13
1786553530|20260813005210|955.04
1786553535|20260813005215|954.95
1786553540|20260813005220|955.04
1786553545|20260813005225|955.00
1786553555|20260813005235|955.02
1786553560|20260813005240|954.92
1786553565|20260813005245|954.98
1786553570|20260813005250|955.14
1786553575|20260813005255|955.04
1786553580|20260813005300|955.05
1786553585|20260813005305|955.08
1786553590|20260813005310|955.02
1786553595|20260813005315|955.01
1786553600|20260813005320|954.97
1786553605|20260813005325|954.81
1786553615|20260813005335|954.74
1786553620|20260813005340|954.86
1786553625|20260813005345|954.85
1786553630|20260813005350|954.84
1786553640|20260813005400|955.43
1786553645|20260813005405|955.40
1786553655|20260813005415|955.30
1786553665|20260813005425|955.25
1786553700|20260813005500|955.17
1786553705|20260813005505|955.22
1786553710|20260813005510|955.17
1786553715|20260813005515|955.02
1786553720|20260813005520|954.98
1786553735|20260813005535|954.66
1786553740|20260813005540|954.60
1786553745|20260813005545|954.74
1786553750|20260813005550|954.72
1786553755|20260813005555|954.67
1786553760|20260813005600|954.54
1786553765|20260813005605|954.51
1786553770|20260813005610|954.43
1786553775|20260813005615|954.56
1786553780|20260813005620|954.49
1786553785|20260813005625|953.73
1786553795|20260813005635|953.43
1786553800|20260813005640|953.46
1786553805|20260813005645|953.62
1786553810|20260813005650|953.75
1786553815|20260813005655|953.72
1786553820|20260813005700|953.79
1786553825|20260813005705|953.74
1786553830|20260813005710|953.90
1786553855|20260813005735|954.04
1786553865|20260813005745|954.24
1786553875|20260813005755|954.28
1786553880|20260813005800|954.27
1786553885|20260813005805|954.12
1786553890|20260813005810|954.04
1786553895|20260813005815|954.12
1786553900|20260813005820|954.02
1786553905|20260813005825|954.02
1786553915|20260813005835|954.19
1786553920|20260813005840|954.28
1786553925|20260813005845|954.36
1786553930|20260813005850|954.24
1786553935|20260813005855|954.39
1786553940|20260813005900|954.43
1786553945|20260813005905|954.45
1786553950|20260813005910|954.73
1786553955|20260813005915|954.68
1786553960|20260813005920|954.68
1786553965|20260813005925|954.68
1786554005|20260813010005|954.22
1786554015|20260813010015|954.44
1786554020|20260813010020|954.44
1786554035|20260813010035|954.15
1786554045|20260813010045|954.30
1786554050|20260813010050|954.35
1786554055|20260813010055|954.38
1786554060|20260813010100|954.48
1786554065|20260813010105|954.63
1786554070|20260813010110|954.84
1786554075|20260813010115|954.96
1786554080|20260813010120|955.10
1786554085|20260813010125|955.09
1786554095|20260813010135|955.02
1786554100|20260813010140|955.04
1786554105|20260813010145|955.07
1786554115|20260813010155|955.07
1786554125|20260813010205|955.22
1786554130|20260813010210|955.27
1786554140|20260813010220|955.07
1786554155|20260813010235|955.19
1786554160|20260813010240|955.03
1786554165|20260813010245|955.06
1786554170|20260813010250|955.08
1786554175|20260813010255|955.11
1786554190|20260813010310|955.18
1786554195|20260813010315|955.11
1786554200|20260813010320|955.15
1786554205|20260813010325|955.09
1786554215|20260813010335|954.88
1786554220|20260813010340|954.92
1786554225|20260813010345|954.81
1786554235|20260813010355|954.95
1786554240|20260813010400|955.01
1786554245|20260813010405|954.97
1786554250|20260813010410|954.81
1786554255|20260813010415|954.74
1786554260|20260813010420|954.88
1786554265|20260813010425|954.86
1786554325|20260813010525|954.77
1786554335|20260813010535|954.73
1786554340|20260813010540|954.98
1786554345|20260813010545|954.92
1786554350|20260813010550|955.01
1786554355|20260813010555|954.99
1786554365|20260813010605|955.11
1786554370|20260813010610|955.02
1786554375|20260813010615|955.04
1786554380|20260813010620|955.02
1786554400|20260813010640|955.49
1786554405|20260813010645|955.48
1786554410|20260813010650|955.54
1786554425|20260813010705|955.52
1786554435|20260813010715|955.51
1786554440|20260813010720|955.61
1786554455|20260813010735|955.56
1786554460|20260813010740|955.57
1786554465|20260813010745|955.67
1786554470|20260813010750|955.67
1786554475|20260813010755|955.64
1786554490|20260813010810|955.57
1786554495|20260813010815|955.56
1786554500|20260813010820|955.51
1786554505|20260813010825|955.45
1786554515|20260813010835|955.36
1786554520|20260813010840|955.45
1786554525|20260813010845|955.38
1786554530|20260813010850|955.34
1786554535|20260813010855|955.34
1786554545|20260813010905|955.49
1786554550|20260813010910|955.54
1786554555|20260813010915|955.51
1786554560|20260813010920|955.59
1786554580|20260813010940|955.71
1786554600|20260813011000|955.65
1786554605|20260813011005|955.55
1786554615|20260813011015|955.49
1786554620|20260813011020|955.47
1786554625|20260813011025|955.46
1786554635|20260813011035|955.50
1786554640|20260813011040|955.50
1786554645|20260813011045|955.34
1786554650|20260813011050|955.32
1786554655|20260813011055|955.36
1786554670|20260813011110|955.33
1786554680|20260813011120|955.37
1786554695|20260813011135|955.25
1786554700|20260813011140|955.31
1786554705|20260813011145|955.34
1786554710|20260813011150|955.34
1786554715|20260813011155|955.22
1786554725|20260813011205|955.21
1786554730|20260813011210|955.24
1786554735|20260813011215|955.26
1786554740|20260813011220|955.20
1786554745|20260813011225|955.19
1786554755|20260813011235|955.18
1786554760|20260813011240|955.23
1786554765|20260813011245|955.20
1786554770|20260813011250|955.20
1786554785|20260813011305|955.18
1786554790|20260813011310|955.21
1786554795|20260813011315|955.29
1786554800|20260813011320|955.23
1786554815|20260813011335|954.99
1786554820|20260813011340|955.01
1786554825|20260813011345|954.97
1786554830|20260813011350|954.97
1786554835|20260813011355|954.95
1786554845|20260813011405|955.01
1786554850|20260813011410|954.96
1786554855|20260813011415|954.90
1786554860|20260813011420|954.90
1786554865|20260813011425|954.91
1786554900|20260813011500|954.84
1786554905|20260813011505|954.85
1786554910|20260813011510|954.94
1786554915|20260813011515|954.82
1786554920|20260813011520|954.83
1786554925|20260813011525|954.92
1786554935|20260813011535|954.89
1786554940|20260813011540|954.87
1786554945|20260813011545|954.86
1786554950|20260813011550|954.82
1786554955|20260813011555|954.89
1786554975|20260813011615|954.75
1786554980|20260813011620|954.65
1786554995|20260813011635|954.68
1786555000|20260813011640|954.97
1786555005|20260813011645|954.85
1786555010|20260813011650|954.85
1786555015|20260813011655|954.93
1786555025|20260813011705|954.76
1786555030|20260813011710|954.75
1786555035|20260813011715|954.75
1786555040|20260813011720|954.74
1786555055|20260813011735|954.76
1786555065|20260813011745|954.90
1786555075|20260813011755|954.91
1786555080|20260813011800|954.83
1786555085|20260813011805|954.74
1786555095|20260813011815|954.56
1786555100|20260813011820|954.56
1786555105|20260813011825|954.69
1786555115|20260813011835|954.65
1786555120|20260813011840|954.82
1786555125|20260813011845|954.80
1786555140|20260813011900|954.64
1786555145|20260813011905|954.65
1786555150|20260813011910|954.95
1786555160|20260813011920|954.93
1786555165|20260813011925|954.95
1786555205|20260813012005|954.82
1786555210|20260813012010|954.84
1786555215|20260813012015|954.85
1786555220|20260813012020|954.94
1786555225|20260813012025|954.90
1786555235|20260813012035|954.82
1786555240|20260813012040|954.80
1786555245|20260813012045|954.99
1786555250|20260813012050|954.94
1786555255|20260813012055|955.23
1786555260|20260813012100|955.29
1786555265|20260813012105|955.26
1786555270|20260813012110|955.25
1786555275|20260813012115|955.24
1786555280|20260813012120|955.20
1786555285|20260813012125|955.24
1786555295|20260813012135|955.23
1786555300|20260813012140|955.24
1786555305|20260813012145|955.40
1786555310|20260813012150|955.67
1786555315|20260813012155|955.67
1786555320|20260813012200|955.66
1786555325|20260813012205|955.67
1786555330|20260813012210|955.63
1786555335|20260813012215|955.76
1786555340|20260813012220|955.80
1786555345|20260813012225|955.88
1786555355|20260813012235|955.87
1786555360|20260813012240|956.00
1786555365|20260813012245|955.98
1786555370|20260813012250|956.04
1786555375|20260813012255|956.02
1786555380|20260813012300|955.97
1786555385|20260813012305|955.84
1786555390|20260813012310|955.67
1786555395|20260813012315|955.81
1786555400|20260813012320|955.94
1786555405|20260813012325|955.97
1786555420|20260813012340|955.98
1786555425|20260813012345|956.11
1786555430|20260813012350|956.15
1786555440|20260813012400|956.05
1786555445|20260813012405|956.14
1786555455|20260813012415|956.17
1786555460|20260813012420|956.21
1786555510|20260813012510|955.78
1786555525|20260813012525|955.83
1786555535|20260813012535|955.75
1786555540|20260813012540|955.70
1786555545|20260813012545|955.67
1786555555|20260813012555|955.62
1786555565|20260813012605|955.64
1786555570|20260813012610|955.58
1786555595|20260813012635|955.57
1786555600|20260813012640|955.51
1786555605|20260813012645|955.58
1786555610|20260813012650|955.64
1786555625|20260813012705|955.74
1786555630|20260813012710|955.69
1786555635|20260813012715|955.78
1786555640|20260813012720|955.83
1786555645|20260813012725|955.84
1786555655|20260813012735|955.76
1786555665|20260813012745|955.81
1786555675|20260813012755|955.62
1786555685|20260813012805|955.56
1786555695|20260813012815|955.52
1786555705|20260813012825|955.56
1786555715|20260813012835|955.59
1786555720|20260813012840|955.78
1786555730|20260813012850|955.76
1786555740|20260813012900|955.78
1786555745|20260813012905|955.73
1786555750|20260813012910|955.79
1786555755|20260813012915|955.79
1786555760|20260813012920|955.84
1786555805|20260813013005|955.50
1786555810|20260813013010|955.49
1786555815|20260813013015|955.51
1786555820|20260813013020|955.49
1786555825|20260813013025|955.61
1786555835|20260813013035|955.60
1786555840|20260813013040|955.61
1786555855|20260813013055|955.58
1786555860|20260813013100|955.57
1786555875|20260813013115|956.02
1786555885|20260813013125|955.85
1786555895|20260813013135|955.87
1786555905|20260813013145|955.80
1786555910|20260813013150|955.96
1786555915|20260813013155|955.93
1786555920|20260813013200|955.92
1786555925|20260813013205|956.03
1786555930|20260813013210|955.96
1786555935|20260813013215|955.98
1786555940|20260813013220|955.97
1786555945|20260813013225|955.95
1786555955|20260813013235|955.91
1786555960|20260813013240|955.85
1786555965|20260813013245|956.07
1786555970|20260813013250|956.09
1786555975|20260813013255|956.06
1786555985|20260813013305|956.16
1786555990|20260813013310|956.29
1786556000|20260813013320|956.25
1786556005|20260813013325|956.33
1786556015|20260813013335|956.34
1786556020|20260813013340|956.29
1786556030|20260813013350|956.29
1786556035|20260813013355|956.32
1786556040|20260813013400|956.34
1786556045|20260813013405|956.39
1786556050|20260813013410|956.33
1786556055|20260813013415|956.34
1786556105|20260813013505|956.41
1786556110|20260813013510|956.26
1786556115|20260813013515|956.26
1786556120|20260813013520|956.23
1786556125|20260813013525|956.17
1786556135|20260813013535|956.40
1786556140|20260813013540|956.36
1786556145|20260813013545|956.29
1786556150|20260813013550|956.33
1786556155|20260813013555|956.33
1786556165|20260813013605|956.45
1786556170|20260813013610|956.58
1786556175|20260813013615|956.56
1786556180|20260813013620|956.54
1786556195|20260813013635|956.25
1786556200|20260813013640|956.29
1786556210|20260813013650|956.27
1786556215|20260813013655|956.26
1786556225|20260813013705|956.18
1786556230|20260813013710|956.11
1786556235|20260813013715|956.11
1786556240|20260813013720|956.12
1786556255|20260813013735|956.06
1786556260|20260813013740|955.89
1786556265|20260813013745|955.77
1786556270|20260813013750|955.64
1786556275|20260813013755|955.63
1786556290|20260813013810|955.57
1786556295|20260813013815|955.52
1786556305|20260813013825|955.59
1786556315|20260813013835|955.53
1786556325|20260813013845|955.45
1786556330|20260813013850|955.38
1786556335|20260813013855|955.38
1786556345|20260813013905|955.27
1786556350|20260813013910|955.35
1786556355|20260813013915|955.31
1786556360|20260813013920|955.31
1786556365|20260813013925|955.32
1786556400|20260813014000|955.31
1786556405|20260813014005|955.34
1786556410|20260813014010|955.13
1786556415|20260813014015|955.22
1786556420|20260813014020|955.11
1786556425|20260813014025|955.12
1786556435|20260813014035|955.14
1786556440|20260813014040|955.08
1786556445|20260813014045|955.05
1786556450|20260813014050|955.04
1786556455|20260813014055|955.04
1786556465|20260813014105|955.12
1786556470|20260813014110|955.03
1786556475|20260813014115|955.06
1786556480|20260813014120|955.13
1786556485|20260813014125|955.07
1786556495|20260813014135|955.06
1786556500|20260813014140|955.12
1786556505|20260813014145|955.12
1786556510|20260813014150|955.16
1786556515|20260813014155|955.07
1786556525|20260813014205|955.13
1786556535|20260813014215|954.99
1786556540|20260813014220|955.13
1786556545|20260813014225|955.11
1786556555|20260813014235|955.09
1786556560|20260813014240|955.11
1786556565|20260813014245|955.13
1786556570|20260813014250|955.17
1786556575|20260813014255|955.06
1786556585|20260813014305|955.00
1786556590|20260813014310|954.95
1786556600|20260813014320|954.84
1786556605|20260813014325|954.84
1786556615|20260813014335|954.98
1786556620|20260813014340|954.94
1786556625|20260813014345|954.95
1786556630|20260813014350|955.00
1786556635|20260813014355|955.00
1786556650|20260813014410|954.66
1786556655|20260813014415|954.74
1786556660|20260813014420|954.67
1786556665|20260813014425|954.60
1786556705|20260813014505|954.61
1786556715|20260813014515|954.64
1786556720|20260813014520|954.70
1786556725|20260813014525|954.57
1786556740|20260813014540|954.69
1786556750|20260813014550|954.60
1786556755|20260813014555|954.61
1786556765|20260813014605|954.65
1786556770|20260813014610|954.55
1786556775|20260813014615|954.70
1786556780|20260813014620|954.62
1786556785|20260813014625|954.83
1786556795|20260813014635|954.85
1786556800|20260813014640|954.86
1786556805|20260813014645|954.89
1786556810|20260813014650|954.83
1786556815|20260813014655|954.81
1786556825|20260813014705|954.89
1786556830|20260813014710|954.97
1786556835|20260813014715|954.94
1786556840|20260813014720|954.88
1786556845|20260813014725|954.88
1786556855|20260813014735|954.95
1786556860|20260813014740|954.98
1786556865|20260813014745|954.99
1786556870|20260813014750|954.99
1786556875|20260813014755|954.99
1786556885|20260813014805|954.91
1786556890|20260813014810|954.79
1786556895|20260813014815|954.83
1786556900|20260813014820|954.83
1786556905|20260813014825|954.88
1786556915|20260813014835|954.85
1786556920|20260813014840|954.87
1786556925|20260813014845|954.85
1786556930|20260813014850|954.85
1786556940|20260813014900|954.81
1786556945|20260813014905|954.93
1786556950|20260813014910|954.91
1786556960|20260813014920|954.98
1786556965|20260813014925|955.03
1786557000|20260813015000|954.84
1786557005|20260813015005|954.90
1786557010|20260813015010|954.91
1786557015|20260813015015|954.94
1786557020|20260813015020|954.99
1786557025|20260813015025|955.01
1786557040|20260813015040|954.92
1786557045|20260813015045|954.95
1786557050|20260813015050|954.98
1786557055|20260813015055|954.98
1786557065|20260813015105|955.02
1786557075|20260813015115|955.06
1786557080|20260813015120|955.08
1786557085|20260813015125|955.08
1786557095|20260813015135|955.17
1786557100|20260813015140|955.30
1786557110|20260813015150|955.36
1786557115|20260813015155|955.36
1786557120|20260813015200|955.35
1786557125|20260813015205|955.35
1786557130|20260813015210|955.35
1786557135|20260813015215|955.28
1786557145|20260813015225|955.22
1786557155|20260813015235|955.22
1786557160|20260813015240|955.21
1786557165|20260813015245|954.98
1786557170|20260813015250|954.99
1786557175|20260813015255|954.99
1786557190|20260813015310|955.00
1786557195|20260813015315|954.96
1786557200|20260813015320|954.98
1786557205|20260813015325|954.88
1786557215|20260813015335|954.90
1786557220|20260813015340|954.89
1786557225|20260813015345|954.84
1786557230|20260813015350|954.74
1786557235|20260813015355|954.62
1786557245|20260813015405|954.28
1786557250|20260813015410|954.24
1786557255|20260813015415|954.28
1786557260|20260813015420|954.24
1786557265|20260813015425|954.28
1786557300|20260813015500|954.23
1786557305|20260813015505|954.22
1786557310|20260813015510|954.30
1786557315|20260813015515|954.18
1786557320|20260813015520|954.22
1786557335|20260813015535|954.22
1786557340|20260813015540|954.18
1786557345|20260813015545|954.17
1786557350|20260813015550|954.15
1786557355|20260813015555|954.20
1786557370|20260813015610|954.19
1786557375|20260813015615|954.20
1786557380|20260813015620|954.24
1786557385|20260813015625|954.25
1786557395|20260813015635|954.34
1786557400|20260813015640|954.37
1786557405|20260813015645|954.40
1786557410|20260813015650|954.46
1786557420|20260813015700|954.47
1786557425|20260813015705|954.53
1786557430|20260813015710|954.53
1786557435|20260813015715|954.52
1786557440|20260813015720|954.52
1786557445|20260813015725|954.45
1786557455|20260813015735|954.52
1786557460|20260813015740|954.40
1786557465|20260813015745|954.32
1786557470|20260813015750|954.45
1786557475|20260813015755|954.46
1786557480|20260813015800|954.49
1786557485|20260813015805|954.39
1786557490|20260813015810|954.32
1786557495|20260813015815|954.39
1786557500|20260813015820|954.45
1786557505|20260813015825|954.42
1786557515|20260813015835|954.29
1786557525|20260813015845|954.10
1786557530|20260813015850|954.04
1786557535|20260813015855|954.08
1786557545|20260813015905|954.10
1786557550|20260813015910|954.01
1786557560|20260813015920|954.02
1786557565|20260813015925|954.04
1786557605|20260813020005|954.04
1786557610|20260813020010|954.04
1786557615|20260813020015|954.04
1786557620|20260813020020|954.04
1786557625|20260813020025|954.04
1786557640|20260813020040|953.87
1786557645|20260813020045|953.88
1786557655|20260813020055|953.67
1786557665|20260813020105|953.57
1786557670|20260813020110|953.54
1786557675|20260813020115|953.58
1786557680|20260813020120|953.55
1786557685|20260813020125|953.59
1786557700|20260813020140|953.65
1786557705|20260813020145|953.60
1786557725|20260813020205|953.64
1786557730|20260813020210|953.73
1786557735|20260813020215|953.73
1786557740|20260813020220|953.73
1786557745|20260813020225|953.73
1786557760|20260813020240|953.71
1786557765|20260813020245|953.67
1786557770|20260813020250|953.59
1786557775|20260813020255|953.60
1786557780|20260813020300|953.61
1786557785|20260813020305|953.60
1786557795|20260813020315|953.66
1786557800|20260813020320|953.64
1786557805|20260813020325|953.64
1786557815|20260813020335|953.72
1786557825|20260813020345|953.72
1786557830|20260813020350|953.74
1786557840|20260813020400|953.86
1786557845|20260813020405|953.79
1786557850|20260813020410|953.97
1786557855|20260813020415|954.00
1786557860|20260813020420|953.98
1786557865|20260813020425|953.98
1786557900|20260813020500|953.94
1786557905|20260813020505|953.95
1786557910|20260813020510|953.97
1786557915|20260813020515|953.92
1786557920|20260813020520|953.94
1786557925|20260813020525|954.00
1786557935|20260813020535|953.89
1786557940|20260813020540|953.89
1786557945|20260813020545|953.91
1786557950|20260813020550|953.93
1786557955|20260813020555|953.94
1786557960|20260813020600|953.94
1786557965|20260813020605|953.99
1786557975|20260813020615|953.99
1786557980|20260813020620|954.01
1786557985|20260813020625|954.01
1786557995|20260813020635|954.05
1786558000|20260813020640|954.28
1786558005|20260813020645|954.28
1786558010|20260813020650|954.47
1786558015|20260813020655|954.45
1786558025|20260813020705|954.44
1786558040|20260813020720|954.34
1786558045|20260813020725|954.33
1786558065|20260813020745|954.44
1786558070|20260813020750|954.47
1786558075|20260813020755|954.47
1786558080|20260813020800|954.54
1786558085|20260813020805|954.55
1786558090|20260813020810|954.58
1786558095|20260813020815|954.75
1786558100|20260813020820|954.81
1786558105|20260813020825|954.81
1786558115|20260813020835|954.77
1786558120|20260813020840|954.75
1786558125|20260813020845|954.75
1786558130|20260813020850|954.79
1786558135|20260813020855|954.74
1786558140|20260813020900|954.69
1786558145|20260813020905|954.73
1786558150|20260813020910|954.78
1786558155|20260813020915|954.73
1786558160|20260813020920|954.73
1786558165|20260813020925|954.77
1786558185|20260813020945|954.91
1786558205|20260813021005|955.10
1786558210|20260813021010|955.23
1786558215|20260813021015|955.27
1786558220|20260813021020|955.31
1786558225|20260813021025|955.34
1786558235|20260813021035|955.30
1786558240|20260813021040|955.36
1786558245|20260813021045|955.36
1786558250|20260813021050|955.33
1786558255|20260813021055|955.28
1786558270|20260813021110|955.37
1786558280|20260813021120|955.56
1786558285|20260813021125|955.56
1786558300|20260813021140|955.42
1786558305|20260813021145|955.44
1786558310|20260813021150|955.42
1786558315|20260813021155|955.40
1786558320|20260813021200|955.40
1786558325|20260813021205|955.37
1786558335|20260813021215|955.55
1786558340|20260813021220|955.55
1786558345|20260813021225|955.51
1786558355|20260813021235|955.47
1786558360|20260813021240|955.45
1786558365|20260813021245|955.46
1786558370|20260813021250|955.40
1786558375|20260813021255|955.42
1786558385|20260813021305|955.44
1786558390|20260813021310|955.43
1786558395|20260813021315|955.42
1786558400|20260813021320|955.39
1786558405|20260813021325|955.38
1786558415|20260813021335|955.43
1786558425|20260813021345|955.44
1786558430|20260813021350|955.44
1786558435|20260813021355|955.38
1786558440|20260813021400|955.44
1786558445|20260813021405|955.35
1786558450|20260813021410|955.37
1786558465|20260813021425|955.40
1786558510|20260813021510|955.40
1786558515|20260813021515|955.32
1786558520|20260813021520|955.23
1786558525|20260813021525|955.23
1786558535|20260813021535|955.30
1786558540|20260813021540|955.32
1786558545|20260813021545|955.35
1786558570|20260813021610|955.36
1786558580|20260813021620|955.37
1786558585|20260813021625|955.37
1786558595|20260813021635|955.35
1786558600|20260813021640|955.29
1786558605|20260813021645|955.35
1786558610|20260813021650|955.48
1786558615|20260813021655|955.48
1786558630|20260813021710|955.67
1786558635|20260813021715|955.67
1786558640|20260813021720|955.69
1786558645|20260813021725|955.69
1786558655|20260813021735|955.61
1786558660|20260813021740|955.68
1786558665|20260813021745|955.69
1786558670|20260813021750|955.81
1786558685|20260813021805|955.72
1786558690|20260813021810|955.72
1786558695|20260813021815|955.72
1786558720|20260813021840|955.65
1786558725|20260813021845|955.61
1786558730|20260813021850|955.65
1786558735|20260813021855|955.62
1786558750|20260813021910|955.76
1786558755|20260813021915|955.79
1786558760|20260813021920|955.79
1786558765|20260813021925|955.81
1786558800|20260813022000|955.94
1786558805|20260813022005|955.95
1786558810|20260813022010|955.95
1786558815|20260813022015|955.96
1786558820|20260813022020|955.99
1786558825|20260813022025|955.95
1786558835|20260813022035|955.91
1786558840|20260813022040|955.90
1786558845|20260813022045|955.90
1786558850|20260813022050|955.88
1786558855|20260813022055|955.84
1786558865|20260813022105|955.82
1786558870|20260813022110|955.86
1786558875|20260813022115|955.88
1786558880|20260813022120|955.90
1786558885|20260813022125|955.89
1786558895|20260813022135|955.86
1786558900|20260813022140|955.81
1786558905|20260813022145|955.83
1786558910|20260813022150|955.83
1786558915|20260813022155|955.92
1786558920|20260813022200|955.94
1786558925|20260813022205|955.99
1786558930|20260813022210|956.05
1786558935|20260813022215|956.07
1786558940|20260813022220|956.07
1786558945|20260813022225|956.27
1786558955|20260813022235|956.19
1786558960|20260813022240|956.17
1786558965|20260813022245|956.21
1786558975|20260813022255|956.24
1786558995|20260813022315|956.44
1786559000|20260813022320|956.40
1786559005|20260813022325|956.34
1786559015|20260813022335|956.29
1786559020|20260813022340|956.25
1786559025|20260813022345|956.28
1786559030|20260813022350|956.25
1786559045|20260813022405|956.39
1786559050|20260813022410|956.42
1786559055|20260813022415|956.40
1786559060|20260813022420|956.40
1786559065|20260813022425|956.33
1786559100|20260813022500|956.47
1786559105|20260813022505|956.49
1786559110|20260813022510|956.49
1786559115|20260813022515|956.49
1786559120|20260813022520|956.51
1786559125|20260813022525|956.55
1786559135|20260813022535|956.46
1786559140|20260813022540|956.44
1786559145|20260813022545|956.37
1786559150|20260813022550|956.35
1786559155|20260813022555|956.32
1786559160|20260813022600|956.36
1786559170|20260813022610|956.42
1786559175|20260813022615|956.42
1786559180|20260813022620|956.32
1786559195|20260813022635|956.23
1786559200|20260813022640|956.24
1786559205|20260813022645|956.24
1786559210|20260813022650|956.24
1786559215|20260813022655|956.33
1786559220|20260813022700|956.41
1786559225|20260813022705|956.49
1786559235|20260813022715|956.42
1786559255|20260813022735|956.41
1786559260|20260813022740|956.41
1786559265|20260813022745|956.37
1786559270|20260813022750|956.37
1786559285|20260813022805|956.23
1786559295|20260813022815|955.85
1786559300|20260813022820|955.91
1786559305|20260813022825|955.96
1786559315|20260813022835|955.91
1786559320|20260813022840|955.93
1786559335|20260813022855|955.93
1786559340|20260813022900|955.95
1786559345|20260813022905|955.95
1786559355|20260813022915|955.91
1786559360|20260813022920|955.93
1786559365|20260813022925|955.89
1786559415|20260813023015|956.03
1786559420|20260813023020|956.11
1786559425|20260813023025|956.14
1786559435|20260813023035|956.17
1786559440|20260813023040|956.21
1786559445|20260813023045|956.22
1786559455|20260813023055|956.18
1786559470|20260813023110|956.22
1786559475|20260813023115|956.21
1786559485|20260813023125|956.25
1786559495|20260813023135|956.26
1786559500|20260813023140|956.28
1786559505|20260813023145|956.38
1786559510|20260813023150|956.44
1786559515|20260813023155|956.42
1786559525|20260813023205|956.50
1786559530|20260813023210|956.47
1786559535|20260813023215|956.39
1786559545|20260813023225|956.46
1786559555|20260813023235|956.58
1786559560|20260813023240|956.62
1786559565|20260813023245|956.62
1786559570|20260813023250|956.57
1786559575|20260813023255|956.58
1786559580|20260813023300|956.64
1786559585|20260813023305|956.58
1786559590|20260813023310|956.58
1786559595|20260813023315|956.83
1786559600|20260813023320|956.78
1786559605|20260813023325|956.79
1786559625|20260813023345|956.76
1786559630|20260813023350|956.80
1786559635|20260813023355|956.83
1786559645|20260813023405|956.93
1786559650|20260813023410|956.85
1786559660|20260813023420|956.83
1786559665|20260813023425|956.87
1786559705|20260813023505|956.94
1786559710|20260813023510|956.93
1786559715|20260813023515|956.88
1786559720|20260813023520|956.89
1786559725|20260813023525|956.84
1786559735|20260813023535|956.87
1786559745|20260813023545|956.92
1786559750|20260813023550|956.94
1786559755|20260813023555|956.93
1786559765|20260813023605|956.80
1786559770|20260813023610|956.75
1786559775|20260813023615|956.79
1786559785|20260813023625|956.80
1786559795|20260813023635|956.83
1786559800|20260813023640|956.79
1786559805|20260813023645|956.83
1786559810|20260813023650|956.82
1786559815|20260813023655|956.86
1786559825|20260813023705|956.81
1786559830|20260813023710|956.75
1786559835|20260813023715|956.65
1786559840|20260813023720|956.68
1786559855|20260813023735|956.89
1786559860|20260813023740|956.83
1786559865|20260813023745|956.83
1786559875|20260813023755|956.78
1786559885|20260813023805|956.81
1786559890|20260813023810|956.79
1786559895|20260813023815|956.76
1786559900|20260813023820|956.76
1786559905|20260813023825|956.75
1786559915|20260813023835|956.73
1786559920|20260813023840|956.62
1786559930|20260813023850|956.58
1786559935|20260813023855|956.58
1786559945|20260813023905|956.50
1786559950|20260813023910|956.50
1786559955|20260813023915|956.51
1786559960|20260813023920|956.50
1786559965|20260813023925|956.48
1786560000|20260813024000|956.59
1786560005|20260813024005|956.57
1786560010|20260813024010|956.54
1786560015|20260813024015|956.46
1786560020|20260813024020|956.46
1786560025|20260813024025|956.56
1786560035|20260813024035|956.59
1786560040|20260813024040|956.57
1786560045|20260813024045|956.50
1786560050|20260813024050|956.51
1786560055|20260813024055|956.68
1786560065|20260813024105|956.61
1786560070|20260813024110|956.65
1786560075|20260813024115|956.58
1786560080|20260813024120|956.59
1786560085|20260813024125|956.59
1786560095|20260813024135|956.63
1786560100|20260813024140|956.64
1786560105|20260813024145|956.64
1786560110|20260813024150|956.69
1786560125|20260813024205|956.69
1786560130|20260813024210|956.73
1786560135|20260813024215|956.73
1786560140|20260813024220|956.72
1786560145|20260813024225|956.70
1786560155|20260813024235|956.62
1786560160|20260813024240|956.74
1786560170|20260813024250|956.72
1786560175|20260813024255|956.69
1786560185|20260813024305|956.69
1786560195|20260813024315|956.75
1786560200|20260813024320|956.77
1786560205|20260813024325|956.79
1786560215|20260813024335|956.71
1786560225|20260813024345|956.85
1786560230|20260813024350|956.86
1786560235|20260813024355|956.89
1786560245|20260813024405|956.92
1786560250|20260813024410|956.89
1786560255|20260813024415|956.86
1786560260|20260813024420|956.86
1786560265|20260813024425|956.94
1786560300|20260813024500|957.09
1786560310|20260813024510|957.14
1786560315|20260813024515|957.16
1786560320|20260813024520|957.15
1786560325|20260813024525|957.13
1786560340|20260813024540|957.55
1786560345|20260813024545|957.55
1786560350|20260813024550|957.53
1786560355|20260813024555|957.52
1786560365|20260813024605|957.36
1786560370|20260813024610|957.45
1786560375|20260813024615|957.41
1786560380|20260813024620|957.33
1786560400|20260813024640|957.40
1786560405|20260813024645|957.38
1786560410|20260813024650|957.35
1786560415|20260813024655|957.31
1786560425|20260813024705|957.32
1786560430|20260813024710|957.27
1786560435|20260813024715|957.23
1786560440|20260813024720|957.24
1786560445|20260813024725|957.19
1786560455|20260813024735|957.24
1786560460|20260813024740|957.27
1786560465|20260813024745|957.26
1786560470|20260813024750|957.28
1786560475|20260813024755|957.23
1786560485|20260813024805|957.31
1786560490|20260813024810|957.27
1786560495|20260813024815|957.24
1786560500|20260813024820|957.25
1786560505|20260813024825|957.55
1786560515|20260813024835|957.64
1786560520|20260813024840|957.68
1786560525|20260813024845|957.89
1786560530|20260813024850|957.85
1786560535|20260813024855|957.85
1786560540|20260813024900|957.97
1786560545|20260813024905|957.99
1786560550|20260813024910|957.94
1786560555|20260813024915|958.02
1786560560|20260813024920|958.00
1786560565|20260813024925|958.05
1786560605|20260813025005|957.90
1786560610|20260813025010|957.79
1786560615|20260813025015|957.79
1786560620|20260813025020|957.73
1786560625|20260813025025|957.86
1786560635|20260813025035|957.80
1786560640|20260813025040|957.81
1786560645|20260813025045|957.81
1786560650|20260813025050|957.67
1786560655|20260813025055|957.67
1786560660|20260813025100|957.62
1786560665|20260813025105|957.53
1786560670|20260813025110|957.53
1786560680|20260813025120|957.53
1786560685|20260813025125|957.57
1786560695|20260813025135|957.54
1786560700|20260813025140|957.57
1786560705|20260813025145|957.54
1786560710|20260813025150|957.60
1786560715|20260813025155|957.60
1786560730|20260813025210|957.59
1786560735|20260813025215|957.52
1786560740|20260813025220|957.53
1786560745|20260813025225|957.52
1786560755|20260813025235|957.51
1786560760|20260813025240|957.34
1786560765|20260813025245|957.30
1786560770|20260813025250|957.30
1786560775|20260813025255|957.31
1786560780|20260813025300|957.28
1786560795|20260813025315|957.34
1786560805|20260813025325|957.34
1786560815|20260813025335|957.39
1786560820|20260813025340|957.37
1786560825|20260813025345|957.38
1786560830|20260813025350|957.40
1786560835|20260813025355|957.36
1786560845|20260813025405|957.21
1786560850|20260813025410|957.29
1786560855|20260813025415|957.23
1786560865|20260813025425|957.18
1786560900|20260813025500|957.19
1786560905|20260813025505|957.15
1786560915|20260813025515|957.15
1786560920|20260813025520|957.18
1786560925|20260813025525|957.06
1786560935|20260813025535|957.06
1786560940|20260813025540|957.07
1786560945|20260813025545|957.08
1786560950|20260813025550|957.06
1786560965|20260813025605|957.21
1786560970|20260813025610|957.17
1786560975|20260813025615|957.21
1786560980|20260813025620|957.24
1786560995|20260813025635|957.23
1786561000|20260813025640|957.23
1786561005|20260813025645|957.13
1786561015|20260813025655|957.08
1786561020|20260813025700|957.08
1786561025|20260813025705|957.08
1786561035|20260813025715|957.09
1786561040|20260813025720|957.08
1786561045|20260813025725|957.13
1786561055|20260813025735|956.99
1786561060|20260813025740|957.04
1786561065|20260813025745|957.03
1786561070|20260813025750|957.05
1786561075|20260813025755|957.04
1786561085|20260813025805|957.04
1786561090|20260813025810|957.09
1786561095|20260813025815|957.02
1786561100|20260813025820|957.07
1786561105|20260813025825|957.05
1786561115|20260813025835|957.03
1786561120|20260813025840|956.99
1786561125|20260813025845|957.03
1786561130|20260813025850|956.98
1786561135|20260813025855|957.00
1786561145|20260813025905|957.05
1786561150|20260813025910|957.02
1786561160|20260813025920|957.08
1786561200|20260813030000|957.02
1786561205|20260813030005|957.10
1786561210|20260813030010|957.04
1786561215|20260813030015|956.99
1786561220|20260813030020|957.04
1786561225|20260813030025|957.25
1786561235|20260813030035|957.40
1786561245|20260813030045|957.57
1786561250|20260813030050|957.58
1786561255|20260813030055|957.65
1786561260|20260813030100|957.73
1786561265|20260813030105|957.70
1786561270|20260813030110|957.87
1786561275|20260813030115|957.81
1786561280|20260813030120|957.80
1786561285|20260813030125|957.82
1786561300|20260813030140|957.72
1786561305|20260813030145|957.71
1786561315|20260813030155|957.71
1786561325|20260813030205|957.62
1786561330|20260813030210|957.62
1786561335|20260813030215|957.58
1786561340|20260813030220|957.59
1786561345|20260813030225|957.57
1786561355|20260813030235|957.56
1786561360|20260813030240|957.56
1786561365|20260813030245|957.53
1786561370|20260813030250|957.45
1786561380|20260813030300|957.50
1786561385|20260813030305|957.53
1786561390|20260813030310|957.51
1786561395|20260813030315|957.68
1786561400|20260813030320|957.71
1786561405|20260813030325|957.69
1786561415|20260813030335|957.66
1786561420|20260813030340|957.69
1786561425|20260813030345|957.72
1786561430|20260813030350|957.67
1786561435|20260813030355|957.64
1786561445|20260813030405|957.67
1786561450|20260813030410|957.64
1786561455|20260813030415|957.67
1786561460|20260813030420|957.69
1786561465|20260813030425|957.65
1786561500|20260813030500|957.79
1786561505|20260813030505|957.79
1786561510|20260813030510|957.80
1786561520|20260813030520|957.89
1786561525|20260813030525|957.89
1786561535|20260813030535|957.96
1786561540|20260813030540|957.97
1786561550|20260813030550|958.06
1786561555|20260813030555|958.00
1786561560|20260813030600|958.04
1786561565|20260813030605|958.02
1786561570|20260813030610|957.99
1786561575|20260813030615|958.06
1786561580|20260813030620|958.11
1786561585|20260813030625|958.11
1786561595|20260813030635|958.06
1786561600|20260813030640|958.12
1786561605|20260813030645|958.12
1786561610|20260813030650|958.09
1786561615|20260813030655|957.91
1786561620|20260813030700|957.84
1786561625|20260813030705|957.78
1786561630|20260813030710|957.80
1786561635|20260813030715|957.78
1786561640|20260813030720|957.80
1786561645|20260813030725|957.86
1786561655|20260813030735|957.85
1786561660|20260813030740|957.85
1786561665|20260813030745|957.82
1786561670|20260813030750|957.74
1786561675|20260813030755|957.70
1786561685|20260813030805|957.66
1786561690|20260813030810|957.62
1786561695|20260813030815|957.52
1786561700|20260813030820|957.52
1786561725|20260813030845|957.60
1786561730|20260813030850|957.63
1786561735|20260813030855|957.64
1786561745|20260813030905|957.63
1786561755|20260813030915|957.61
1786561760|20260813030920|957.58
1786561765|20260813030925|957.58
1786561810|20260813031010|957.68
1786561815|20260813031015|957.71
1786561825|20260813031025|957.65
1786561835|20260813031035|957.62
1786561840|20260813031040|957.61
1786561845|20260813031045|957.61
1786561850|20260813031050|957.71
1786561855|20260813031055|957.69
1786561865|20260813031105|957.59
1786561870|20260813031110|957.60
1786561875|20260813031115|957.63
1786561880|20260813031120|957.65
1786561885|20260813031125|957.68
1786561895|20260813031135|957.73
1786561905|20260813031145|957.75
1786561910|20260813031150|957.72
1786561915|20260813031155|957.72
1786561925|20260813031205|957.71
1786561930|20260813031210|957.59
1786561935|20260813031215|957.60
1786561940|20260813031220|957.63
1786561945|20260813031225|957.55
1786561955|20260813031235|957.59
1786561960|20260813031240|957.60
1786561965|20260813031245|957.60
1786561970|20260813031250|957.60
1786561980|20260813031300|957.60
1786561990|20260813031310|957.66
1786562000|20260813031320|957.71
1786562005|20260813031325|957.71
1786562015|20260813031335|957.72
1786562020|20260813031340|957.72
1786562035|20260813031355|957.70
1786562045|20260813031405|957.76
1786562050|20260813031410|957.77
1786562055|20260813031415|957.74
1786562060|20260813031420|957.75
1786562065|20260813031425|957.81
1786562075|20260813031435|957.82
1786562100|20260813031500|957.76
1786562105|20260813031505|957.73
1786562110|20260813031510|957.67
1786562115|20260813031515|957.76
1786562120|20260813031520|957.77
1786562125|20260813031525|957.72
1786562135|20260813031535|957.72
1786562140|20260813031540|957.77
1786562145|20260813031545|957.78
1786562150|20260813031550|957.72
1786562155|20260813031555|957.75
1786562165|20260813031605|957.76
1786562170|20260813031610|957.77
1786562175|20260813031615|957.80
1786562180|20260813031620|957.81
1786562185|20260813031625|957.86
1786562195|20260813031635|957.82
1786562200|20260813031640|957.81
1786562210|20260813031650|957.84
1786562215|20260813031655|957.85
1786562225|20260813031705|957.78
1786562230|20260813031710|957.79
1786562240|20260813031720|957.91
1786562245|20260813031725|957.93
1786562265|20260813031745|957.93
1786562270|20260813031750|957.94
1786562275|20260813031755|957.94
1786562290|20260813031810|957.98
1786562295|20260813031815|957.98
1786562300|20260813031820|957.94
1786562315|20260813031835|958.02
1786562320|20260813031840|958.04
1786562340|20260813031900|958.05
1786562345|20260813031905|958.03
1786562350|20260813031910|958.04
1786562355|20260813031915|957.93
1786562360|20260813031920|957.91
1786562365|20260813031925|957.92
1786562405|20260813032005|957.96
1786562410|20260813032010|957.91
1786562415|20260813032015|957.85
1786562420|20260813032020|957.81
1786562425|20260813032025|957.78
1786562435|20260813032035|957.79
1786562440|20260813032040|957.79
1786562445|20260813032045|957.76
1786562450|20260813032050|957.80
1786562455|20260813032055|957.80
1786562470|20260813032110|957.81
1786562475|20260813032115|957.78
1786562485|20260813032125|957.71
1786562495|20260813032135|957.71
1786562500|20260813032140|957.72
1786562505|20260813032145|957.72
1786562510|20260813032150|957.71
1786562515|20260813032155|957.73
1786562525|20260813032205|957.73
1786562530|20260813032210|957.97
1786562535|20260813032215|957.96
1786562540|20260813032220|957.98
1786562545|20260813032225|957.97
1786562560|20260813032240|957.98
1786562565|20260813032245|957.94
1786562575|20260813032255|957.92
1786562585|20260813032305|957.97
1786562590|20260813032310|957.97
1786562595|20260813032315|957.99
1786562605|20260813032325|957.95
1786562615|20260813032335|957.96
1786562620|20260813032340|957.93
1786562625|20260813032345|957.92
1786562630|20260813032350|957.94
1786562645|20260813032405|957.92
1786562655|20260813032415|957.94
1786562660|20260813032420|957.85
1786562665|20260813032425|957.85
1786562700|20260813032500|957.74
1786562705|20260813032505|957.73
1786562710|20260813032510|957.71
1786562715|20260813032515|957.75
1786562720|20260813032520|957.75
1786562725|20260813032525|957.70
1786562740|20260813032540|957.89
1786562745|20260813032545|957.88
1786562750|20260813032550|957.91
1786562755|20260813032555|957.89
1786562760|20260813032600|957.91
1786562765|20260813032605|957.86
1786562770|20260813032610|957.82
1786562775|20260813032615|957.76
1786562780|20260813032620|957.72
1786562785|20260813032625|957.68
1786562800|20260813032640|957.60
1786562805|20260813032645|957.63
1786562815|20260813032655|957.70
1786562820|20260813032700|957.69
1786562825|20260813032705|957.69
1786562830|20260813032710|957.70
1786562835|20260813032715|957.75
1786562855|20260813032735|957.78
1786562870|20260813032750|957.61
1786562875|20260813032755|957.62
1786562885|20260813032805|957.61
1786562890|20260813032810|957.73
1786562900|20260813032820|957.63
1786562915|20260813032835|957.67
1786562920|20260813032840|957.70
1786562925|20260813032845|957.66
1786562930|20260813032850|957.62
1786562935|20260813032855|957.64
1786562945|20260813032905|957.68
1786562950|20260813032910|957.68
1786562955|20260813032915|957.69
1786562960|20260813032920|957.70
1786562965|20260813032925|957.71
1786563015|20260813033015|957.71
1786563020|20260813033020|957.69
1786563025|20260813033025|957.65
1786563035|20260813033035|957.60
1786563040|20260813033040|957.47
1786563045|20260813033045|957.51
1786563050|20260813033050|957.51
1786563055|20260813033055|957.57
1786563060|20260813033100|957.63
1786563065|20260813033105|957.62
1786563070|20260813033110|957.56
1786563075|20260813033115|957.60
1786563080|20260813033120|957.69
1786563085|20260813033125|957.72
1786563095|20260813033135|957.61
1786563105|20260813033145|957.64
1786563110|20260813033150|957.62
1786563115|20260813033155|957.62
1786563125|20260813033205|957.66
1786563130|20260813033210|957.65
1786563135|20260813033215|957.54
1786563140|20260813033220|957.53
1786563145|20260813033225|957.52
1786563160|20260813033240|957.45
1786563165|20260813033245|957.46
1786563170|20260813033250|957.45
1786563175|20260813033255|957.43
1786563180|20260813033300|957.44
1786563185|20260813033305|957.43
1786563190|20260813033310|957.39
1786563195|20260813033315|957.29
1786563200|20260813033320|957.30
1786563205|20260813033325|957.29
1786563215|20260813033335|957.28
1786563225|20260813033345|957.27
1786563235|20260813033355|957.27
1786563240|20260813033400|957.34
1786563250|20260813033410|957.15
1786563255|20260813033415|957.15
1786563260|20260813033420|957.09
1786563300|20260813033500|957.14
1786563310|20260813033510|957.14
1786563315|20260813033515|957.16
1786563320|20260813033520|957.19
1786563325|20260813033525|957.13
1786563335|20260813033535|957.17
1786563340|20260813033540|957.24
1786563345|20260813033545|957.25
1786563350|20260813033550|957.24
1786563355|20260813033555|957.25
1786563360|20260813033600|957.17
1786563365|20260813033605|957.12
1786563370|20260813033610|957.07
1786563375|20260813033615|957.11
1786563380|20260813033620|956.99
1786563385|20260813033625|957.01
1786563395|20260813033635|957.00
1786563405|20260813033645|956.93
1786563410|20260813033650|957.01
1786563415|20260813033655|957.04
1786563420|20260813033700|957.05
1786563425|20260813033705|957.04
1786563430|20260813033710|957.05
1786563435|20260813033715|957.04
1786563440|20260813033720|957.02
1786563445|20260813033725|956.69
1786563455|20260813033735|956.73
1786563465|20260813033745|956.80
1786563470|20260813033750|956.84
1786563475|20260813033755|956.82
1786563485|20260813033805|956.81
1786563495|20260813033815|956.81
1786563500|20260813033820|956.85
1786563505|20260813033825|956.84
1786563515|20260813033835|956.83
1786563520|20260813033840|956.81
1786563525|20260813033845|956.80
1786563530|20260813033850|956.72
1786563535|20260813033855|956.67
1786563540|20260813033900|956.70
1786563545|20260813033905|956.69
1786563550|20260813033910|956.73
1786563555|20260813033915|956.69
1786563560|20260813033920|956.69
1786563565|20260813033925|956.69
1786563610|20260813034010|956.78
1786563615|20260813034015|956.77
1786563625|20260813034025|956.83
1786563635|20260813034035|956.85
1786563640|20260813034040|956.96
1786563645|20260813034045|956.97
1786563650|20260813034050|956.99
1786563665|20260813034105|956.90
1786563670|20260813034110|956.88
1786563675|20260813034115|956.84
1786563680|20260813034120|956.85
1786563685|20260813034125|956.93
1786563695|20260813034135|956.90
1786563700|20260813034140|956.93
1786563710|20260813034150|956.75
1786563715|20260813034155|956.80
1786563720|20260813034200|956.80
1786563725|20260813034205|956.81
1786563730|20260813034210|956.83
1786563735|20260813034215|956.80
1786563740|20260813034220|956.80
1786563745|20260813034225|956.78
1786563755|20260813034235|956.74
1786563760|20260813034240|956.76
1786563765|20260813034245|956.72
1786563780|20260813034300|956.78
1786563785|20260813034305|956.77
1786563790|20260813034310|956.76
1786563795|20260813034315|956.74
1786563805|20260813034325|956.75
1786563815|20260813034335|956.78
1786563820|20260813034340|956.80
1786563825|20260813034345|956.81
1786563830|20260813034350|956.87
1786563835|20260813034355|956.92
1786563840|20260813034400|956.99
1786563845|20260813034405|956.94
1786563850|20260813034410|957.01
1786563855|20260813034415|956.96
1786563860|20260813034420|956.98
1786563865|20260813034425|957.05
1786563875|20260813034435|956.99
1786563905|20260813034505|957.04
1786563910|20260813034510|957.13
1786563915|20260813034515|957.10
1786563920|20260813034520|957.11
1786563925|20260813034525|957.09
1786563945|20260813034545|956.90
1786563950|20260813034550|956.97
1786563955|20260813034555|957.02
1786563970|20260813034610|957.03
1786563975|20260813034615|957.02
1786563980|20260813034620|957.08
1786563985|20260813034625|956.97
1786564000|20260813034640|957.01
1786564010|20260813034650|957.01
1786564015|20260813034655|956.92
1786564030|20260813034710|956.77
1786564035|20260813034715|956.70
1786564040|20260813034720|956.78
1786564055|20260813034735|956.83
1786564060|20260813034740|956.84
1786564075|20260813034755|956.87
1786564085|20260813034805|956.87
1786564090|20260813034810|956.83
1786564095|20260813034815|956.84
1786564100|20260813034820|956.82
1786564105|20260813034825|956.86
1786564115|20260813034835|956.87
1786564120|20260813034840|956.85
1786564125|20260813034845|956.82
1786564135|20260813034855|956.88
1786564150|20260813034910|956.70
1786564155|20260813034915|956.38
1786564165|20260813034925|956.09
1786564200|20260813035000|956.30
1786564205|20260813035005|956.41
1786564210|20260813035010|956.38
1786564215|20260813035015|956.36
1786564220|20260813035020|956.57
1786564225|20260813035025|956.64
1786564235|20260813035035|956.58
1786564240|20260813035040|956.58
1786564245|20260813035045|956.56
1786564250|20260813035050|956.49
1786564255|20260813035055|956.48
1786564265|20260813035105|956.57
1786564270|20260813035110|956.59
1786564275|20260813035115|956.59
1786564280|20260813035120|956.66
1786564285|20260813035125|956.70
1786564295|20260813035135|956.88
1786564300|20260813035140|956.87
1786564305|20260813035145|956.82
1786564310|20260813035150|956.76
1786564315|20260813035155|956.80
1786564325|20260813035205|956.89
1786564330|20260813035210|956.93
1786564335|20260813035215|956.95
1786564340|20260813035220|957.00
1786564345|20260813035225|956.99
1786564355|20260813035235|956.99
1786564365|20260813035245|956.90
1786564370|20260813035250|956.88
1786564375|20260813035255|956.88
1786564385|20260813035305|956.75
1786564390|20260813035310|956.83
1786564395|20260813035315|956.83
1786564400|20260813035320|956.69
1786564405|20260813035325|956.66
1786564420|20260813035340|956.55
1786564425|20260813035345|956.56
1786564430|20260813035350|956.57
1786564435|20260813035355|956.47
1786564445|20260813035405|956.54
1786564450|20260813035410|956.50
1786564455|20260813035415|956.60
1786564460|20260813035420|956.63
1786564465|20260813035425|956.53
1786564505|20260813035505|956.74
1786564510|20260813035510|956.72
1786564515|20260813035515|956.69
1786564520|20260813035520|956.67
1786564525|20260813035525|956.68
1786564535|20260813035535|956.71
1786564540|20260813035540|956.74
1786564545|20260813035545|956.75
1786564550|20260813035550|956.57
1786564555|20260813035555|956.64
1786564565|20260813035605|956.65
1786564570|20260813035610|956.88
1786564575|20260813035615|956.92
1786564580|20260813035620|956.95
1786564595|20260813035635|956.96
1786564600|20260813035640|957.06
1786564605|20260813035645|957.03
1786564610|20260813035650|956.93
1786564615|20260813035655|956.93
1786564625|20260813035705|957.00
1786564630|20260813035710|956.95
1786564635|20260813035715|956.87
1786564640|20260813035720|956.88
1786564645|20260813035725|956.89
1786564655|20260813035735|956.83
1786564665|20260813035745|956.75
1786564670|20260813035750|956.74
1786564675|20260813035755|956.71
1786564685|20260813035805|956.74
1786564690|20260813035810|956.75
1786564695|20260813035815|956.74
1786564700|20260813035820|956.68
1786564705|20260813035825|956.70
1786564715|20260813035835|956.76
1786564720|20260813035840|956.77
1786564725|20260813035845|956.77
1786564730|20260813035850|956.81
1786564735|20260813035855|956.84
1786564745|20260813035905|956.86
1786564755|20260813035915|956.92
1786564760|20260813035920|956.90
1786564765|20260813035925|956.91
1786564810|20260813040010|957.12
1786564815|20260813040015|957.04
1786564825|20260813040025|957.12
1786564835|20260813040035|956.91
1786564840|20260813040040|956.73
1786564845|20260813040045|956.74
1786564850|20260813040050|956.77
1786564865|20260813040105|956.97
1786564880|20260813040120|956.94
1786564885|20260813040125|956.97
1786564895|20260813040135|956.95
1786564905|20260813040145|956.99
1786564915|20260813040155|956.98
1786564930|20260813040210|956.99
1786564945|20260813040225|956.96
1786564955|20260813040235|957.08
1786564960|20260813040240|957.05
1786564965|20260813040245|957.04
1786564985|20260813040305|957.08
1786564995|20260813040315|957.12
1786565000|20260813040320|957.14
1786565005|20260813040325|957.13
1786565015|20260813040335|957.09
1786565020|20260813040340|957.06
1786565025|20260813040345|957.06
1786565030|20260813040350|957.07
1786565045|20260813040405|956.74
1786565050|20260813040410|956.72
1786565055|20260813040415|956.70
1786565065|20260813040425|956.71
1786565105|20260813040505|956.65
1786565110|20260813040510|956.60
1786565115|20260813040515|956.74
1786565125|20260813040525|956.74
1786565135|20260813040535|956.79
1786565140|20260813040540|956.78
1786565145|20260813040545|956.79
1786565150|20260813040550|956.74
1786565155|20260813040555|956.72
1786565165|20260813040605|956.66
1786565170|20260813040610|956.70
1786565175|20260813040615|956.71
1786565180|20260813040620|956.74
1786565185|20260813040625|956.70
1786565195|20260813040635|956.71
1786565200|20260813040640|956.73
1786565205|20260813040645|956.73
1786565210|20260813040650|956.69
1786565215|20260813040655|956.70
1786565225|20260813040705|956.69
1786565235|20260813040715|956.71
1786565240|20260813040720|956.72
1786565245|20260813040725|956.73
1786565260|20260813040740|956.70
1786565265|20260813040745|956.78
1786565285|20260813040805|956.75
1786565290|20260813040810|956.74
1786565295|20260813040815|956.74
1786565300|20260813040820|956.74
1786565305|20260813040825|956.73
1786565315|20260813040835|956.58
1786565320|20260813040840|956.58
1786565325|20260813040845|956.64
1786565330|20260813040850|956.60
1786565335|20260813040855|956.59
1786565345|20260813040905|956.62
1786565355|20260813040915|956.62
1786565360|20260813040920|956.44
1786565365|20260813040925|956.44
1786565400|20260813041000|956.49
1786565405|20260813041005|956.49
1786565410|20260813041010|956.51
1786565415|20260813041015|956.50
1786565420|20260813041020|956.50
1786565425|20260813041025|956.48
1786565435|20260813041035|956.42
1786565440|20260813041040|956.47
1786565445|20260813041045|956.46
1786565450|20260813041050|956.48
1786565455|20260813041055|956.44
1786565465|20260813041105|956.45
1786565475|20260813041115|956.45
1786565480|20260813041120|956.47
1786565485|20260813041125|956.47
1786565500|20260813041140|956.47
1786565505|20260813041145|956.47
1786565510|20260813041150|956.41
1786565515|20260813041155|956.38
1786565525|20260813041205|956.36
1786565530|20260813041210|956.34
1786565535|20260813041215|956.36
1786565540|20260813041220|956.21
1786565545|20260813041225|956.23
1786565555|20260813041235|956.21
1786565560|20260813041240|956.10
1786565570|20260813041250|956.16
1786565575|20260813041255|956.14
1786565585|20260813041305|956.15
1786565590|20260813041310|956.15
1786565595|20260813041315|956.17
1786565600|20260813041320|956.13
1786565605|20260813041325|956.15
1786565615|20260813041335|956.11
1786565620|20260813041340|956.20
1786565625|20260813041345|956.15
1786565630|20260813041350|956.21
1786565635|20260813041355|956.21
1786565645|20260813041405|956.21
1786565650|20260813041410|956.19
1786565655|20260813041415|956.20
1786565660|20260813041420|956.21
1786565665|20260813041425|956.22
1786565680|20260813041440|956.23
1786565700|20260813041500|956.17
1786565705|20260813041505|956.09
1786565720|20260813041520|956.24
1786565725|20260813041525|956.30
1786565735|20260813041535|956.21
1786565745|20260813041545|956.28
1786565750|20260813041550|956.28
1786565755|20260813041555|956.27
1786565760|20260813041600|956.28
1786565765|20260813041605|956.28
1786565770|20260813041610|956.27
1786565775|20260813041615|956.30
1786565785|20260813041625|956.27
1786565795|20260813041635|956.28
1786565800|20260813041640|956.15
1786565805|20260813041645|956.08
1786565810|20260813041650|956.12
1786565815|20260813041655|956.11
1786565820|20260813041700|956.06
1786565825|20260813041705|956.06
1786565835|20260813041715|956.03
1786565855|20260813041735|956.04
1786565860|20260813041740|956.03
1786565865|20260813041745|956.03
1786565870|20260813041750|956.03
1786565875|20260813041755|956.02
1786565880|20260813041800|956.03
1786565885|20260813041805|956.05
1786565890|20260813041810|956.05
1786565895|20260813041815|955.93
1786565900|20260813041820|955.83
1786565915|20260813041835|955.89
1786565920|20260813041840|955.87
1786565925|20260813041845|955.88
1786565935|20260813041855|955.84
1786565940|20260813041900|955.84
1786565945|20260813041905|955.85
1786565955|20260813041915|955.76
1786565960|20260813041920|955.76
1786565965|20260813041925|955.77
1786565985|20260813041945|955.74
1786566005|20260813042005|955.74
1786566010|20260813042010|955.74
1786566015|20260813042015|955.74
1786566020|20260813042020|955.81
1786566025|20260813042025|955.79
1786566035|20260813042035|955.84
1786566045|20260813042045|955.79
1786566050|20260813042050|955.77
1786566065|20260813042105|955.76
1786566070|20260813042110|955.75
1786566075|20260813042115|955.75
1786566080|20260813042120|955.76
1786566095|20260813042135|955.63
1786566105|20260813042145|955.71
1786566110|20260813042150|955.73
1786566115|20260813042155|955.73
1786566120|20260813042200|955.73
1786566125|20260813042205|955.72
1786566130|20260813042210|955.74
1786566135|20260813042215|955.81
1786566145|20260813042225|955.73
1786566155|20260813042235|955.72
1786566160|20260813042240|955.71
1786566165|20260813042245|955.71
1786566170|20260813042250|955.73
1786566175|20260813042255|955.77
1786566190|20260813042310|955.74
1786566195|20260813042315|955.79
1786566205|20260813042325|955.73
1786566215|20260813042335|955.72
1786566220|20260813042340|955.74
1786566230|20260813042350|955.73
1786566235|20260813042355|955.74
1786566240|20260813042400|955.75
1786566245|20260813042405|955.75
1786566250|20260813042410|955.73
1786566255|20260813042415|955.73
1786566260|20260813042420|955.73
1786566265|20260813042425|955.74
1786566300|20260813042500|955.88
1786566305|20260813042505|955.90
1786566310|20260813042510|955.88
1786566315|20260813042515|955.89
1786566320|20260813042520|955.89
1786566325|20260813042525|955.87
1786566335|20260813042535|955.87
1786566340|20260813042540|955.93
1786566345|20260813042545|955.93
1786566350|20260813042550|955.92
1786566355|20260813042555|955.93
1786566365|20260813042605|955.93
1786566370|20260813042610|955.95
1786566375|20260813042615|955.93
1786566380|20260813042620|955.94
1786566385|20260813042625|955.95
1786566395|20260813042635|955.82
1786566400|20260813042640|955.75
1786566410|20260813042650|955.83
1786566415|20260813042655|955.82
1786566420|20260813042700|955.80
1786566425|20260813042705|955.76
1786566430|20260813042710|955.77
1786566435|20260813042715|955.74
1786566440|20260813042720|955.77
1786566445|20260813042725|955.74
1786566460|20260813042740|955.79
1786566465|20260813042745|955.76
1786566470|20260813042750|955.79
1786566475|20260813042755|955.82
1786566480|20260813042800|955.82
1786566490|20260813042810|955.81
1786566495|20260813042815|955.78
1786566500|20260813042820|955.80
1786566505|20260813042825|955.80
1786566515|20260813042835|955.77
1786566520|20260813042840|955.77
1786566525|20260813042845|955.78
1786566530|20260813042850|955.78
1786566535|20260813042855|955.86
1786566540|20260813042900|955.84
1786566545|20260813042905|956.03
1786566550|20260813042910|956.00
1786566555|20260813042915|956.01
1786566560|20260813042920|956.08
1786566565|20260813042925|955.92
1786566610|20260813043010|955.83
1786566615|20260813043015|955.82
1786566620|20260813043020|955.86
1786566625|20260813043025|955.79
1786566635|20260813043035|955.78
1786566640|20260813043040|955.78
1786566650|20260813043050|955.76
1786566655|20260813043055|955.79
1786566660|20260813043100|955.76
1786566665|20260813043105|955.76
1786566670|20260813043110|955.79
1786566675|20260813043115|955.81
1786566680|20260813043120|955.81
1786566700|20260813043140|955.83
1786566705|20260813043145|955.86
1786566715|20260813043155|955.81
1786566720|20260813043200|955.81
1786566725|20260813043205|955.79
1786566730|20260813043210|955.79
1786566735|20260813043215|955.80
1786566740|20260813043220|955.78
1786566745|20260813043225|955.78
1786566755|20260813043235|955.88
1786566760|20260813043240|955.85
1786566775|20260813043255|955.83
1786566785|20260813043305|955.80
1786566790|20260813043310|955.86
1786566795|20260813043315|955.85
1786566800|20260813043320|955.84
1786566805|20260813043325|955.87
1786566820|20260813043340|955.89
1786566825|20260813043345|955.81
1786566830|20260813043350|955.85
1786566840|20260813043400|955.85
1786566850|20260813043410|955.82
1786566855|20260813043415|955.81
1786566860|20260813043420|955.67
1786566865|20260813043425|955.68
1786566895|20260813043455|955.74
1786566900|20260813043500|955.70
1786566910|20260813043510|955.71
1786566915|20260813043515|955.70
1786566920|20260813043520|955.64
1786566925|20260813043525|955.64
1786566935|20260813043535|955.65
1786566940|20260813043540|955.69
1786566950|20260813043550|955.77
1786566955|20260813043555|955.77
1786566960|20260813043600|955.77
1786566965|20260813043605|955.82
1786566970|20260813043610|955.79
1786566975|20260813043615|955.79
1786566980|20260813043620|955.78
1786566985|20260813043625|955.78
1786566995|20260813043635|955.90
1786567000|20260813043640|955.77
1786567005|20260813043645|955.82
1786567010|20260813043650|955.79
1786567015|20260813043655|955.78
1786567020|20260813043700|955.83
1786567025|20260813043705|955.88
1786567035|20260813043715|955.94
1786567040|20260813043720|956.01
1786567045|20260813043725|956.05
1786567055|20260813043735|956.08
1786567060|20260813043740|956.00
1786567065|20260813043745|956.00
1786567070|20260813043750|955.98
1786567075|20260813043755|955.98
1786567080|20260813043800|955.98
1786567090|20260813043810|955.86
1786567095|20260813043815|955.87
1786567100|20260813043820|955.90
1786567105|20260813043825|955.97
1786567120|20260813043840|955.93
1786567125|20260813043845|955.97
1786567130|20260813043850|955.97
1786567135|20260813043855|956.00
1786567140|20260813043900|955.98
1786567145|20260813043905|955.95
1786567150|20260813043910|955.95
1786567155|20260813043915|955.96
1786567160|20260813043920|955.95
1786567165|20260813043925|955.93
1786567205|20260813044005|955.93
1786567210|20260813044010|955.89
1786567215|20260813044015|955.88
1786567220|20260813044020|955.92
1786567225|20260813044025|955.93
1786567235|20260813044035|955.87
1786567240|20260813044040|955.92
1786567260|20260813044100|956.06
1786567265|20260813044105|955.98
1786567270|20260813044110|955.97
1786567275|20260813044115|955.97
1786567280|20260813044120|955.97
1786567285|20260813044125|955.95
1786567295|20260813044135|955.98
1786567300|20260813044140|955.96
1786567305|20260813044145|955.90
1786567310|20260813044150|955.95
1786567315|20260813044155|955.92
1786567325|20260813044205|955.97
1786567330|20260813044210|955.87
1786567335|20260813044215|955.84
1786567340|20260813044220|955.77
1786567345|20260813044225|955.83
1786567365|20260813044245|955.83
1786567370|20260813044250|955.85
1786567375|20260813044255|955.85
1786567380|20260813044300|955.85
1786567390|20260813044310|955.84
1786567400|20260813044320|955.83
1786567405|20260813044325|955.83
1786567415|20260813044335|955.83
1786567420|20260813044340|955.79
1786567425|20260813044345|955.78
1786567430|20260813044350|955.82
1786567440|20260813044400|955.79
1786567445|20260813044405|955.81
1786567450|20260813044410|955.83
1786567455|20260813044415|955.82
1786567460|20260813044420|955.82
1786567465|20260813044425|955.81
1786567500|20260813044500|955.88
1786567505|20260813044505|955.83
1786567510|20260813044510|955.77
1786567515|20260813044515|955.77
1786567520|20260813044520|955.77
1786567525|20260813044525|955.74
1786567535|20260813044535|955.76
1786567540|20260813044540|955.75
1786567545|20260813044545|955.76
1786567550|20260813044550|955.79
1786567555|20260813044555|955.80
1786567565|20260813044605|955.68
1786567570|20260813044610|955.82
1786567575|20260813044615|955.81
1786567595|20260813044635|955.84
1786567600|20260813044640|955.82
1786567615|20260813044655|955.83
1786567620|20260813044700|955.83
1786567625|20260813044705|955.84
1786567630|20260813044710|955.86
1786567635|20260813044715|955.85
1786567640|20260813044720|955.88
1786567655|20260813044735|955.92
1786567685|20260813044805|955.73
1786567690|20260813044810|955.76
1786567695|20260813044815|955.76
1786567700|20260813044820|955.75
1786567715|20260813044835|955.81
1786567720|20260813044840|955.86
1786567725|20260813044845|955.85
1786567730|20260813044850|955.91
1786567735|20260813044855|955.91
1786567740|20260813044900|955.88
1786567745|20260813044905|955.93
1786567750|20260813044910|955.91
1786567755|20260813044915|955.90
1786567760|20260813044920|955.90
1786567765|20260813044925|955.95
1786567810|20260813045010|955.99
1786567815|20260813045015|956.09
1786567825|20260813045025|956.07
1786567845|20260813045045|955.99
1786567855|20260813045055|955.99
1786567875|20260813045115|955.95
1786567880|20260813045120|955.98
1786567885|20260813045125|955.97
1786567900|20260813045140|955.95
1786567905|20260813045145|955.93
1786567910|20260813045150|955.92
1786567920|20260813045200|955.88
1786567930|20260813045210|955.93
1786567935|20260813045215|955.98
1786567945|20260813045225|955.92
1786567955|20260813045235|955.90
1786567960|20260813045240|955.88
1786567970|20260813045250|955.89
1786567980|20260813045300|955.89
1786567985|20260813045305|955.94
1786567990|20260813045310|955.92
1786568000|20260813045320|955.90
1786568005|20260813045325|955.92
1786568015|20260813045335|955.83
1786568020|20260813045340|955.90
1786568025|20260813045345|955.88
1786568030|20260813045350|955.89
1786568035|20260813045355|955.89
1786568040|20260813045400|955.88
1786568055|20260813045415|955.78
1786568060|20260813045420|955.78
1786568100|20260813045500|955.79
1786568105|20260813045505|955.82
1786568110|20260813045510|955.85
1786568120|20260813045520|955.85
1786568135|20260813045535|955.94
1786568140|20260813045540|956.00
1786568145|20260813045545|956.02
1786568155|20260813045555|955.91
1786568165|20260813045605|955.88
1786568170|20260813045610|955.83
1786568180|20260813045620|955.82
1786568185|20260813045625|955.92
1786568195|20260813045635|955.87
1786568200|20260813045640|955.92
1786568205|20260813045645|955.90
1786568210|20260813045650|955.89
1786568215|20260813045655|955.85
1786568220|20260813045700|955.86
1786568230|20260813045710|955.83
1786568235|20260813045715|955.86
1786568240|20260813045720|955.87
1786568245|20260813045725|955.87
1786568255|20260813045735|955.91
1786568260|20260813045740|955.90
1786568265|20260813045745|955.91
1786568270|20260813045750|955.92
1786568275|20260813045755|956.07
1786568280|20260813045800|956.09
1786568285|20260813045805|956.07
1786568290|20260813045810|956.05
1786568295|20260813045815|956.05
1786568300|20260813045820|956.08
1786568305|20260813045825|956.07
1786568315|20260813045835|956.05
1786568320|20260813045840|956.06
1786568325|20260813045845|956.04
1786568340|20260813045900|956.02
1786568345|20260813045905|956.02
1786568360|20260813045920|956.05
1786572015|20260813060015|956.17
1786572020|20260813060020|956.15
1786572025|20260813060025|956.14
1786572035|20260813060035|956.09
1786572040|20260813060040|955.83
1786572055|20260813060055|956.23
1786572065|20260813060105|956.38
1786572070|20260813060110|956.41
1786572075|20260813060115|956.21
1786572080|20260813060120|956.22
1786572085|20260813060125|956.05
1786572095|20260813060135|956.07
1786572100|20260813060140|956.21
1786572110|20260813060150|956.14
1786572115|20260813060155|955.97
1786572140|20260813060220|956.13
1786572145|20260813060225|956.17
1786572155|20260813060235|956.08
1786572160|20260813060240|956.08
1786572185|20260813060305|956.02
1786572205|20260813060325|955.92
1786572220|20260813060340|955.81
1786572225|20260813060345|955.91
1786572230|20260813060350|955.61
1786572235|20260813060355|955.60
1786572240|20260813060400|955.56
1786572245|20260813060405|955.58
1786572250|20260813060410|955.48
1786572260|20260813060420|955.43
1786572300|20260813060500|955.41
1786572315|20260813060515|955.12
1786572325|20260813060525|955.19
1786572335|20260813060535|955.18
1786572340|20260813060540|955.23
1786572350|20260813060550|955.19
1786572360|20260813060600|954.92
1786572365|20260813060605|955.00
1786572375|20260813060615|954.96
1786572380|20260813060620|955.00
1786572395|20260813060635|955.09
1786572400|20260813060640|955.14
1786572405|20260813060645|955.06
1786572410|20260813060650|954.98
1786572420|20260813060700|954.96
1786572425|20260813060705|955.05
1786572430|20260813060710|955.13
1786572435|20260813060715|955.12
1786572440|20260813060720|955.12
1786572445|20260813060725|955.12
1786572455|20260813060735|955.15
1786572460|20260813060740|955.17
1786572465|20260813060745|955.15
1786572475|20260813060755|955.03
1786572485|20260813060805|955.09
1786572495|20260813060815|955.08
1786572515|20260813060835|955.01
1786572520|20260813060840|955.04
1786572525|20260813060845|955.04
1786572530|20260813060850|955.04
1786572535|20260813060855|955.05
1786572545|20260813060905|955.04
1786572550|20260813060910|955.02
1786572555|20260813060915|955.04
1786572560|20260813060920|955.09
1786572605|20260813061005|955.00
1786572620|20260813061020|955.01
1786572625|20260813061025|955.06
1786572645|20260813061045|954.98
1786572650|20260813061050|955.01
1786572655|20260813061055|954.97
1786572660|20260813061100|954.99
1786572665|20260813061105|955.04
1786572685|20260813061125|955.01
1786572700|20260813061140|955.00
1786572705|20260813061145|954.99
1786572715|20260813061155|955.06
1786572720|20260813061200|955.03
1786572725|20260813061205|955.03
1786572730|20260813061210|954.99
1786572735|20260813061215|955.00
1786572740|20260813061220|955.03
1786572765|20260813061245|954.77
1786572770|20260813061250|954.77
1786572775|20260813061255|954.88
1786572780|20260813061300|954.95
1786572790|20260813061310|954.86
1786572805|20260813061325|954.90
1786572815|20260813061335|954.90
1786572820|20260813061340|954.90
1786572825|20260813061345|954.86
1786572830|20260813061350|954.86
1786572835|20260813061355|954.86
1786572840|20260813061400|954.85
1786572845|20260813061405|954.84
1786572850|20260813061410|954.85
1786572855|20260813061415|954.90
1786572860|20260813061420|954.72
1786572865|20260813061425|954.84
1786572880|20260813061440|954.87
1786572900|20260813061500|954.88
1786572905|20260813061505|954.83
1786572910|20260813061510|954.80
1786572915|20260813061515|954.80
1786572920|20260813061520|954.64
1786572935|20260813061535|954.60
1786572940|20260813061540|954.64
1786572945|20260813061545|954.60
1786572950|20260813061550|954.63
1786572955|20260813061555|954.62
1786572965|20260813061605|954.60
1786572970|20260813061610|954.58
1786572975|20260813061615|954.58
1786572980|20260813061620|954.55
1786572995|20260813061635|954.64
1786573000|20260813061640|954.66
1786573010|20260813061650|954.65
1786573015|20260813061655|954.71
1786573030|20260813061710|954.76
1786573045|20260813061725|954.66
1786573055|20260813061735|954.65
1786573060|20260813061740|954.58
1786573065|20260813061745|954.59
1786573070|20260813061750|954.58
1786573075|20260813061755|954.58
1786573085|20260813061805|954.58
1786573090|20260813061810|954.57
1786573095|20260813061815|954.58
1786573100|20260813061820|954.60
1786573105|20260813061825|954.64
1786573115|20260813061835|954.62
1786573120|20260813061840|954.68
1786573125|20260813061845|954.68
1786573130|20260813061850|954.74
1786573135|20260813061855|954.71
1786573150|20260813061910|954.72
1786573160|20260813061920|954.72
1786573165|20260813061925|954.71
1786573200|20260813062000|954.67
1786573205|20260813062005|954.67
1786573210|20260813062010|954.65
1786573220|20260813062020|954.64
1786573225|20260813062025|954.63
1786573235|20260813062035|954.63
1786573240|20260813062040|954.64
1786573245|20260813062045|954.62
1786573250|20260813062050|954.62
1786573255|20260813062055|954.62
1786573260|20260813062100|954.62
1786573265|20260813062105|954.60
1786573270|20260813062110|954.59
1786573275|20260813062115|954.59
1786573280|20260813062120|954.59
1786573285|20260813062125|954.59
1786573295|20260813062135|954.59
1786573300|20260813062140|954.59
1786573305|20260813062145|954.60
1786573310|20260813062150|954.57
1786573315|20260813062155|954.55
1786573325|20260813062205|954.61
1786573330|20260813062210|954.63
1786573335|20260813062215|954.59
1786573340|20260813062220|954.60
1786573345|20260813062225|954.63
1786573355|20260813062235|954.62
1786573360|20260813062240|954.63
1786573365|20260813062245|954.64
1786573370|20260813062250|954.61
1786573375|20260813062255|954.67
1786573380|20260813062300|954.67
1786573385|20260813062305|954.70
1786573390|20260813062310|954.66
1786573400|20260813062320|954.67
1786573420|20260813062340|954.78
1786573425|20260813062345|954.79
1786573430|20260813062350|954.63
1786573435|20260813062355|954.70
1786573445|20260813062405|954.65
1786573460|20260813062420|954.64
1786573465|20260813062425|954.62
1786573515|20260813062515|954.68
1786573520|20260813062520|954.74
1786573535|20260813062535|954.80
1786573540|20260813062540|954.79
1786573545|20260813062545|954.78
1786573550|20260813062550|954.78
1786573555|20260813062555|954.80
1786573565|20260813062605|954.58
1786573570|20260813062610|954.60
1786573575|20260813062615|954.55
1786573580|20260813062620|954.31
1786573585|20260813062625|954.24
1786573595|20260813062635|954.05
1786573600|20260813062640|953.96
1786573615|20260813062655|953.99
1786573625|20260813062705|953.93
1786573630|20260813062710|954.01
1786573635|20260813062715|954.01
1786573640|20260813062720|954.00
1786573645|20260813062725|954.00
1786573655|20260813062735|954.06
1786573660|20260813062740|953.91
1786573665|20260813062745|953.85
1786573670|20260813062750|953.84
1786573675|20260813062755|953.95
1786573680|20260813062800|953.86
1786573685|20260813062805|953.85
1786573690|20260813062810|953.85
1786573695|20260813062815|953.98
1786573700|20260813062820|954.00
1786573705|20260813062825|954.01
1786573715|20260813062835|954.06
1786573720|20260813062840|954.05
1786573725|20260813062845|954.06
1786573730|20260813062850|954.12
1786573735|20260813062855|954.11
1786573745|20260813062905|954.14
1786573750|20260813062910|954.14
1786573755|20260813062915|954.13
1786573760|20260813062920|954.14
1786573765|20260813062925|954.16
1786573800|20260813063000|954.03
1786573805|20260813063005|954.02
1786573810|20260813063010|954.06
1786573815|20260813063015|954.15
1786573820|20260813063020|954.25
1786573825|20260813063025|954.33
1786573840|20260813063040|954.28
1786573845|20260813063045|954.30
1786573850|20260813063050|954.36
1786573855|20260813063055|954.41
1786573865|20260813063105|954.33
1786573870|20260813063110|954.37
1786573885|20260813063125|954.37
1786573895|20260813063135|954.38
1786573900|20260813063140|954.40
1786573905|20260813063145|954.43
1786573910|20260813063150|954.41
1786573915|20260813063155|954.44
1786573925|20260813063205|954.50
1786573930|20260813063210|954.52
1786573935|20260813063215|954.56
1786573940|20260813063220|954.49
1786573945|20260813063225|954.49
1786573955|20260813063235|954.45
1786573965|20260813063245|954.44
1786573970|20260813063250|954.45
1786573975|20260813063255|954.45
1786573985|20260813063305|954.46
1786573990|20260813063310|954.46
1786573995|20260813063315|954.45
1786574000|20260813063320|954.46
1786574005|20260813063325|954.45
1786574015|20260813063335|954.48
1786574020|20260813063340|954.42
1786574025|20260813063345|954.32
1786574035|20260813063355|954.33
1786574045|20260813063405|954.32
1786574050|20260813063410|954.34
1786574055|20260813063415|954.34
1786574110|20260813063510|954.29
1786574115|20260813063515|954.38
1786574120|20260813063520|954.36
1786574125|20260813063525|954.38
1786574135|20260813063535|954.18
1786574140|20260813063540|954.16
1786574150|20260813063550|954.08
1786574165|20260813063605|954.02
1786574170|20260813063610|954.03
1786574175|20260813063615|954.03
1786574180|20260813063620|954.04
1786574185|20260813063625|954.04
1786574200|20260813063640|953.98
1786574205|20260813063645|953.94
1786574210|20260813063650|953.93
1786574225|20260813063705|954.03
1786574230|20260813063710|954.03
1786574235|20260813063715|954.00
1786574245|20260813063725|953.99
1786574255|20260813063735|954.03
1786574260|20260813063740|954.03
1786574265|20260813063745|954.06
1786574270|20260813063750|954.06
1786574275|20260813063755|954.07
1786574280|20260813063800|954.08
1786574285|20260813063805|954.11
1786574290|20260813063810|954.16
1786574295|20260813063815|954.15
1786574300|20260813063820|954.16
1786574305|20260813063825|954.02
1786574315|20260813063835|954.03
1786574320|20260813063840|954.03
1786574325|20260813063845|954.01
1786574335|20260813063855|954.00
1786574345|20260813063905|953.98
1786574350|20260813063910|954.00
1786574355|20260813063915|954.02
1786574360|20260813063920|953.99
1786574365|20260813063925|954.03
1786574400|20260813064000|954.10
1786574405|20260813064005|954.05
1786574410|20260813064010|954.06
1786574420|20260813064020|954.12
1786574425|20260813064025|954.12
1786574435|20260813064035|954.11
1786574440|20260813064040|954.15
1786574445|20260813064045|954.15
1786574450|20260813064050|954.19
1786574455|20260813064055|954.19
1786574465|20260813064105|954.19
1786574470|20260813064110|954.21
1786574475|20260813064115|954.21
1786574480|20260813064120|954.19
1786574485|20260813064125|954.21
1786574495|20260813064135|954.19
1786574500|20260813064140|954.22
1786574510|20260813064150|954.21
1786574515|20260813064155|954.19
1786574525|20260813064205|954.21
1786574530|20260813064210|954.22
1786574535|20260813064215|954.22
1786574540|20260813064220|954.23
1786574555|20260813064235|954.22
1786574560|20260813064240|954.23
1786574565|20260813064245|954.23
1786574575|20260813064255|954.23
1786574585|20260813064305|954.20
1786574590|20260813064310|954.22
1786574595|20260813064315|954.27
1786574600|20260813064320|954.22
1786574605|20260813064325|954.21
1786574635|20260813064355|954.23
1786574645|20260813064405|954.19
1786574655|20260813064415|954.22
1786574660|20260813064420|954.19
1786574665|20260813064425|954.19
1786574675|20260813064435|954.23
1786574705|20260813064505|954.14
1786574715|20260813064515|954.17
1786574720|20260813064520|954.16
1786574745|20260813064545|954.29
1786574750|20260813064550|954.27
1786574755|20260813064555|954.23
1786574765|20260813064605|954.29
1786574770|20260813064610|954.29
1786574780|20260813064620|954.30
1786574800|20260813064640|954.37
1786574805|20260813064645|954.43
1786574815|20260813064655|954.42
1786574825|20260813064705|954.41
1786574830|20260813064710|954.41
1786574835|20260813064715|954.41
1786574840|20260813064720|954.34
1786574845|20260813064725|954.33
1786574865|20260813064745|954.29
1786574870|20260813064750|954.30
1786574875|20260813064755|954.29
1786574885|20260813064805|954.29
1786574890|20260813064810|954.28
1786574895|20260813064815|954.28
1786574900|20260813064820|954.26
1786574905|20260813064825|954.25
1786574915|20260813064835|954.26
1786574925|20260813064845|954.43
1786574930|20260813064850|954.43
1786574935|20260813064855|954.37
1786574950|20260813064910|954.38
1786574955|20260813064915|954.40
1786574960|20260813064920|954.35
1786575000|20260813065000|954.28
1786575005|20260813065005|954.33
1786575010|20260813065010|954.31
1786575015|20260813065015|954.32
1786575020|20260813065020|954.37
1786575025|20260813065025|954.37
1786575035|20260813065035|954.37
1786575040|20260813065040|954.37
1786575045|20260813065045|954.37
1786575050|20260813065050|954.36
1786575055|20260813065055|954.37
1786575065|20260813065105|954.36
1786575070|20260813065110|954.35
1786575075|20260813065115|954.34
1786575080|20260813065120|954.35
1786575085|20260813065125|954.35
1786575095|20260813065135|954.36
1786575100|20260813065140|954.36
1786575105|20260813065145|954.36
1786575110|20260813065150|954.38
1786575115|20260813065155|954.40
1786575125|20260813065205|954.40
1786575130|20260813065210|954.44
1786575135|20260813065215|954.45
1786575145|20260813065225|954.49
1786575155|20260813065235|954.47
1786575160|20260813065240|954.47
1786575165|20260813065245|954.48
1786575170|20260813065250|954.48
1786575175|20260813065255|954.49
1786575185|20260813065305|954.52
1786575190|20260813065310|954.56
1786575195|20260813065315|954.59
1786575200|20260813065320|954.59
1786575205|20260813065325|954.56
1786575215|20260813065335|954.58
1786575225|20260813065345|954.57
1786575235|20260813065355|954.59
1786575245|20260813065405|954.53
1786575250|20260813065410|954.52
1786575255|20260813065415|954.54
1786575260|20260813065420|954.52
1786575300|20260813065500|954.60
1786575320|20260813065520|954.61
1786575325|20260813065525|954.62
1786575340|20260813065540|954.62
1786575345|20260813065545|954.62
1786575355|20260813065555|954.64
1786575360|20260813065600|954.65
1786575365|20260813065605|954.63
1786575370|20260813065610|954.60
1786575375|20260813065615|954.63
1786575380|20260813065620|954.64
1786575385|20260813065625|954.67
1786575400|20260813065640|954.65
1786575405|20260813065645|954.62
1786575410|20260813065650|954.63
1786575415|20260813065655|954.63
1786575420|20260813065700|954.63
1786575425|20260813065705|954.62
1786575430|20260813065710|954.65
1786575435|20260813065715|954.67
1786575440|20260813065720|954.68
1786575445|20260813065725|954.68
1786575455|20260813065735|954.68
1786575460|20260813065740|954.66
1786575465|20260813065745|954.68
1786575470|20260813065750|954.68
1786575475|20260813065755|954.81
1786575480|20260813065800|954.73
1786575485|20260813065805|954.68
1786575490|20260813065810|954.71
1786575495|20260813065815|954.69
1786575500|20260813065820|954.68
1786575505|20260813065825|954.56
1786575515|20260813065835|954.55
1786575525|20260813065845|954.56
1786575530|20260813065850|954.59
1786575535|20260813065855|954.61
1786575540|20260813065900|954.66
1786575545|20260813065905|954.63
1786575550|20260813065910|954.63
1786575555|20260813065915|954.66
1786575560|20260813065920|954.64
1786575565|20260813065925|954.63
1786575610|20260813070010|954.56
1786575625|20260813070025|954.64
1786575640|20260813070040|954.81
1786575645|20260813070045|954.83
1786575650|20260813070050|954.84
1786575655|20260813070055|954.84
1786575660|20260813070100|954.80
1786575675|20260813070115|954.71
1786575680|20260813070120|954.80
1786575685|20260813070125|954.81
1786575695|20260813070135|954.79
1786575700|20260813070140|954.78
1786575705|20260813070145|954.84
1786575710|20260813070150|954.84
1786575715|20260813070155|954.86
1786575720|20260813070200|954.81
1786575725|20260813070205|954.85
1786575730|20260813070210|954.83
1786575735|20260813070215|954.85
1786575765|20260813070245|954.89
1786575770|20260813070250|954.90
1786575775|20260813070255|954.92
1786575785|20260813070305|954.90
1786575790|20260813070310|954.93
1786575795|20260813070315|954.95
1786575800|20260813070320|954.94
1786575805|20260813070325|954.97
1786575815|20260813070335|954.98
1786575825|20260813070345|955.01
1786575835|20260813070355|954.99
1786575840|20260813070400|954.99
1786575845|20260813070405|955.01
1786575850|20260813070410|955.04
1786575855|20260813070415|955.06
1786575860|20260813070420|955.05
1786575865|20260813070425|955.11
1786575905|20260813070505|954.90
1786575915|20260813070515|954.90
1786575920|20260813070520|954.88
1786575989|20260813070629|955.00
