1790092862|20260923000102|933.24
1790093072|20260923000432|931.83
1790093103|20260923000503|932.10
1790093133|20260923000533|931.70
1790093425|20260923001025|931.75
1790093600|20260923001320|931.16
1790093838|20260923001718|931.31
1790093994|20260923001954|931.98
1790094112|20260923002152|932.06
1790094240|20260923002400|931.67
1790094300|20260923002500|931.78
1790094323|20260923002523|932.19
1790094714|20260923003154|931.94
1790094885|20260923003445|932.45
1790094999|20260923003639|932.19
1790095193|20260923003953|932.53
1790095243|20260923004043|932.29
1790095495|20260923004455|933.28
1790095659|20260923004739|933.00
1790095799|20260923004959|935.19
1790095898|20260923005138|935.30
1790096007|20260923005327|934.24
1790096111|20260923005511|934.71
1790096185|20260923005625|933.79
1790096423|20260923010023|933.74
1790096615|20260923010335|934.43
1790096709|20260923010509|934.21
1790096833|20260923010713|935.09
1790097060|20260923011100|934.29
1790097158|20260923011238|934.89
1790097380|20260923011620|934.97
1790097552|20260923011912|934.28
1790097666|20260923012106|934.88
1790097888|20260923012448|934.16
1790097973|20260923012613|933.96
1790098198|20260923012958|934.80
1790098212|20260923013012|934.90
1790098468|20260923013428|933.87
1790098533|20260923013533|934.10
1790098724|20260923013844|934.46
1790098827|20260923014027|934.04
1790099081|20260923014441|934.70
1790099125|20260923014525|934.58
1790099318|20260923014838|935.10
1790099427|20260923015027|934.82
1790099679|20260923015439|937.72
1790099732|20260923015532|936.78
1790099965|20260923015925|937.58
1790100172|20260923020252|936.59
1790100268|20260923020428|937.71
1790100304|20260923020504|937.49
1790100533|20260923020853|939.20
1790100624|20260923021024|938.24
1790100735|20260923021215|939.27
1790100981|20260923021621|939.38
1790101152|20260923021912|938.76
1790101263|20260923022103|939.23
1790101462|20260923022422|938.11
1790101547|20260923022547|938.00
1790101602|20260923022642|938.70
1790101802|20260923023002|938.62
1790102093|20260923023453|937.61
1790102194|20260923023634|937.86
1790102318|20260923023838|937.30
1790102404|20260923024004|937.58
1790102514|20260923024154|936.82
1790102701|20260923024501|937.07
1790102823|20260923024703|937.96
1790103059|20260923025059|937.57
1790103208|20260923025328|938.05
1790103424|20260923025704|937.35
1790103546|20260923025906|937.88
1790103619|20260923030019|937.84
1790103651|20260923030051|938.34
1790103919|20260923030519|937.94
1790104159|20260923030919|938.83
1790104239|20260923031039|938.65
1790104324|20260923031204|939.06
1790104530|20260923031530|939.07
1790104649|20260923031729|938.56
1790104904|20260923032144|938.52
1790105097|20260923032457|939.07
1790105138|20260923032538|939.56
1790105272|20260923032752|938.69
1790105400|20260923033000|939.24
1790105698|20260923033458|941.40
1790105825|20260923033705|940.71
1790105874|20260923033754|941.64
1790106058|20260923034058|941.65
1790106272|20260923034432|940.75
1790106439|20260923034719|941.07
1790106476|20260923034756|941.54
1790106600|20260923035000|941.31
1790106895|20260923035455|940.71
1790106901|20260923035501|940.80
1790107171|20260923035931|940.04
1790107206|20260923040006|940.22
1790107453|20260923040413|939.77
1790107588|20260923040628|939.45
1790107725|20260923040845|939.95
1790107812|20260923041012|939.74
1790108069|20260923041429|938.97
1790108144|20260923041544|939.06
1790108244|20260923041724|939.38
1790108551|20260923042231|938.92
1790108680|20260923042440|939.40
1790108707|20260923042507|939.37
1790108944|20260923042904|939.08
1790109142|20260923043222|939.30
1790109283|20260923043443|939.00
1790109325|20260923043525|939.06
1790109460|20260923043740|938.73
1790109603|20260923044003|938.76
1790109838|20260923044358|939.09
1790109901|20260923044501|938.99
1790110187|20260923044947|938.75
1790110206|20260923045006|938.75
1790110330|20260923045210|939.24
1790110638|20260923045718|939.07
1790110776|20260923045936|938.40
1790117252|20260923064732|939.94
1790117395|20260923064955|939.69
1790117453|20260923065053|939.37
1790117612|20260923065332|939.90
1790117755|20260923065555|939.92
1790117910|20260923065830|939.57
1790118002|20260923070002|939.74
1790118035|20260923070035|940.19
1790118312|20260923070512|940.07
1790118504|20260923070824|939.70
1790118653|20260923071053|940.03
1790118818|20260923071338|939.42
1790118948|20260923071548|939.40
1790119163|20260923071923|940.38
1790119201|20260923072001|940.36
1790119244|20260923072044|939.92
1790119504|20260923072504|940.10
1790119632|20260923072712|939.73
1790119837|20260923073037|939.92
1790119874|20260923073114|940.22
1790120175|20260923073615|939.42
1790120332|20260923073852|940.23
1790120423|20260923074023|939.87
1790120596|20260923074316|940.26
1790120734|20260923074534|940.11
1790120965|20260923074925|939.17
1790121057|20260923075057|938.93
1790121298|20260923075458|940.06
1790121369|20260923075609|939.72
1790121485|20260923075805|940.43
1790121646|20260923080046|939.85
1790121769|20260923080249|941.23
1790121901|20260923080501|940.82
1790122082|20260923080802|939.69
1790122228|20260923081028|939.77
1790122461|20260923081421|940.62
1790122509|20260923081509|940.58
1790122682|20260923081802|940.02
1790122904|20260923082144|940.11
1790123082|20260923082442|939.31
1790123151|20260923082551|939.78
1790123348|20260923082908|939.02
1790123434|20260923083034|938.92
1790123481|20260923083121|939.77
1790123784|20260923083624|939.43
1790123918|20260923083838|938.26
1790124133|20260923084213|938.39
1790124235|20260923084355|939.31
1790124394|20260923084634|939.59
1790124568|20260923084928|938.62
1790124606|20260923085006|938.61
1790124773|20260923085253|939.32
1790125080|20260923085800|939.06
1790125144|20260923085904|938.52
1790125214|20260923090014|939.12
1790125496|20260923090456|937.27
1790125521|20260923090521|937.18
1790125658|20260923090738|938.09
1790125803|20260923091003|937.42
1790125897|20260923091137|936.34
1790126108|20260923091508|937.04
1790126341|20260923091901|936.18
1790126523|20260923092203|937.03
1790126624|20260923092344|936.39
1790126734|20260923092534|936.72
1790126957|20260923092917|935.53
1790127042|20260923093042|935.99
1790127124|20260923093204|935.27
1790127344|20260923093544|935.52
1790127390|20260923093630|936.31
1790127601|20260923094001|936.37
1790127717|20260923094157|935.32
1790127934|20260923094534|935.84
1790128187|20260923094947|936.59
1790128282|20260923095122|936.55
1790128456|20260923095416|935.18
1790128597|20260923095637|934.90
1790128751|20260923095911|935.64
1790128884|20260923100124|935.70
1790129029|20260923100349|934.79
1790129312|20260923100832|935.52
1790129396|20260923100956|934.81
1790129506|20260923101146|935.59
1790129665|20260923101425|934.73
1790129936|20260923101856|934.93
1790129963|20260923101923|934.14
1790130059|20260923102059|934.14
1790130296|20260923102456|935.21
1790130357|20260923102557|934.83
1790130451|20260923102731|935.40
1790130732|20260923103212|934.56
1790130892|20260923103452|935.14
1790130976|20260923103616|935.26
1790131196|20260923103956|934.13
1790131201|20260923104001|934.13
1790131423|20260923104343|935.32
1790131627|20260923104707|935.40
1790131795|20260923104955|934.34
1790131839|20260923105039|934.24
1790132063|20260923105423|935.03
1790132102|20260923105502|934.89
1790132217|20260923105657|934.02
1790132503|20260923110143|934.08
1790132693|20260923110453|934.72
1790132785|20260923110625|934.34
1790132971|20260923110931|934.96
1790133006|20260923111006|934.60
1790133281|20260923111441|935.80
1790133411|20260923111651|935.54
1790133543|20260923111903|934.71
1790133633|20260923112033|934.78
1790133800|20260923112320|935.76
1790133980|20260923112620|935.79
1790134186|20260923112946|935.12
1790134227|20260923113027|934.98
1790134463|20260923113423|935.80
1790134694|20260923113814|935.89
1790134768|20260923113928|935.30
1790134803|20260923114003|935.49
1790135021|20260923114341|936.30
1790135106|20260923114506|935.85
1790135377|20260923114937|936.49
1790135416|20260923115016|936.00
1790135679|20260923115439|936.81
1790135730|20260923115530|936.92
1790135995|20260923115955|936.17
1790136000|20260923120000|936.15
1790136290|20260923120450|936.89
1790136327|20260923120527|936.47
1790136460|20260923120740|937.06
1790136635|20260923121035|936.52
1790136787|20260923121307|937.20
1790136962|20260923121602|937.37
1790137044|20260923121724|936.64
1790137282|20260923122122|937.35
1790137483|20260923122443|936.55
1790137514|20260923122514|936.58
1790137650|20260923122730|937.01
1790137928|20260923123208|937.18
1790137993|20260923123313|936.50
1790138141|20260923123541|937.51
1790138374|20260923123934|936.53
1790138436|20260923124036|936.95
1790138575|20260923124255|936.37
1790138748|20260923124548|936.53
1790138976|20260923124936|937.41
1790139039|20260923125039|937.37
1790139222|20260923125342|936.39
1790139347|20260923125547|936.43
1790139557|20260923125917|936.99
1790139725|20260923130205|936.25
1790139860|20260923130420|936.96
1790140016|20260923130656|937.21
1790140179|20260923130939|936.48
1790140200|20260923131000|936.81
1790140488|20260923131448|936.08
1790140622|20260923131702|936.69
1790140759|20260923131919|936.06
1790140943|20260923132223|936.45
1790141085|20260923132445|935.96
1790141158|20260923132558|936.63
1790141365|20260923132925|935.74
1790141400|20260923133000|936.24
1790141694|20260923133454|935.26
1790141730|20260923133530|935.60
1790141918|20260923133838|934.62
1790142107|20260923134147|935.26
1790142281|20260923134441|933.44
1790142303|20260923134503|933.55
1790142375|20260923134615|934.28
1790142620|20260923135020|933.31
1790142857|20260923135417|934.61
1790142901|20260923135501|934.21
1790143054|20260923135734|935.14
1790143377|20260923140257|935.13
1790143472|20260923140432|934.49
