1787155200|20260820000000|972.28
1787155205|20260820000005|972.34
1787155210|20260820000010|972.34
1787155215|20260820000015|972.34
1787155220|20260820000020|972.27
1787155225|20260820000025|972.29
1787155240|20260820000040|972.52
1787155245|20260820000045|972.63
1787155250|20260820000050|972.58
1787155255|20260820000055|972.58
1787155265|20260820000105|972.86
1787155270|20260820000110|972.83
1787155275|20260820000115|972.93
1787155280|20260820000120|972.89
1787155285|20260820000125|972.92
1787155295|20260820000135|973.03
1787155300|20260820000140|972.83
1787155305|20260820000145|972.72
1787155310|20260820000150|972.68
1787155315|20260820000155|972.56
1787155325|20260820000205|972.68
1787155330|20260820000210|972.75
1787155335|20260820000215|972.64
1787155340|20260820000220|972.76
1787155345|20260820000225|972.75
1787155355|20260820000235|972.72
1787155360|20260820000240|972.61
1787155365|20260820000245|972.58
1787155370|20260820000250|972.46
1787155375|20260820000255|972.66
1787155390|20260820000310|972.69
1787155395|20260820000315|972.76
1787155400|20260820000320|972.71
1787155405|20260820000325|972.74
1787155420|20260820000340|972.93
1787155430|20260820000350|972.88
1787155435|20260820000355|972.83
1787155440|20260820000400|972.82
1787155445|20260820000405|972.66
1787155450|20260820000410|972.58
1787155455|20260820000415|972.63
1787155460|20260820000420|972.63
1787155465|20260820000425|972.58
1787155480|20260820000440|972.48
1787155500|20260820000500|972.27
1787155505|20260820000505|972.10
1787155510|20260820000510|972.18
1787155525|20260820000525|972.24
1787155535|20260820000535|972.24
1787155540|20260820000540|972.18
1787155545|20260820000545|972.18
1787155555|20260820000555|972.02
1787155565|20260820000605|972.13
1787155570|20260820000610|972.13
1787155575|20260820000615|972.21
1787155580|20260820000620|972.20
1787155595|20260820000635|971.95
1787155600|20260820000640|971.91
1787155605|20260820000645|971.89
1787155610|20260820000650|971.93
1787155615|20260820000655|971.91
1787155625|20260820000705|971.95
1787155640|20260820000720|972.08
1787155645|20260820000725|972.17
1787155655|20260820000735|972.50
1787155660|20260820000740|972.51
1787155665|20260820000745|972.53
1787155670|20260820000750|972.64
1787155675|20260820000755|972.70
1787155680|20260820000800|972.65
1787155685|20260820000805|972.64
1787155690|20260820000810|972.66
1787155695|20260820000815|972.66
1787155700|20260820000820|972.67
1787155705|20260820000825|972.72
1787155715|20260820000835|972.63
1787155720|20260820000840|972.72
1787155725|20260820000845|972.85
1787155730|20260820000850|972.83
1787155735|20260820000855|972.81
1787155745|20260820000905|972.90
1787155750|20260820000910|972.92
1787155755|20260820000915|972.92
1787155760|20260820000920|973.06
1787155765|20260820000925|973.06
1787155770|20260820000930|972.99
1787155780|20260820000940|972.91
1787155785|20260820000945|972.98
1787155795|20260820000955|972.95
1787155800|20260820001000|973.01
1787155805|20260820001005|972.96
1787155810|20260820001010|972.92
1787155815|20260820001015|972.92
1787155820|20260820001020|972.94
1787155825|20260820001025|972.99
1787155835|20260820001035|973.28
1787155840|20260820001040|973.23
1787155845|20260820001045|973.19
1787155850|20260820001050|973.09
1787155855|20260820001055|973.07
1787155870|20260820001110|973.06
1787155875|20260820001115|973.26
1787155880|20260820001120|973.25
1787155885|20260820001125|973.22
1787155895|20260820001135|973.29
1787155900|20260820001140|973.28
1787155905|20260820001145|973.25
1787155910|20260820001150|973.26
1787155915|20260820001155|973.23
1787155925|20260820001205|973.18
1787155940|20260820001220|973.15
1787155945|20260820001225|973.17
1787155955|20260820001235|972.98
1787155965|20260820001245|972.98
1787155970|20260820001250|972.94
1787155975|20260820001255|972.92
1787155980|20260820001300|973.02
1787155990|20260820001310|973.14
1787155995|20260820001315|973.21
1787156015|20260820001335|973.12
1787156025|20260820001345|973.18
1787156035|20260820001355|973.13
1787156045|20260820001405|973.15
1787156050|20260820001410|973.11
1787156055|20260820001415|973.20
1787156060|20260820001420|973.30
1787156065|20260820001425|973.31
1787156075|20260820001435|973.20
1787156105|20260820001505|973.13
1787156110|20260820001510|973.04
1787156115|20260820001515|973.04
1787156120|20260820001520|973.14
1787156125|20260820001525|973.09
1787156135|20260820001535|973.16
1787156140|20260820001540|973.17
1787156145|20260820001545|973.15
1787156150|20260820001550|973.13
1787156155|20260820001555|973.12
1787156165|20260820001605|973.24
1787156170|20260820001610|973.21
1787156175|20260820001615|973.21
1787156185|20260820001625|973.35
1787156195|20260820001635|973.22
1787156200|20260820001640|973.19
1787156205|20260820001645|973.18
1787156215|20260820001655|973.03
1787156220|20260820001700|973.04
1787156225|20260820001705|973.13
1787156230|20260820001710|973.15
1787156235|20260820001715|973.13
1787156240|20260820001720|973.13
1787156245|20260820001725|973.13
1787156255|20260820001735|973.22
1787156260|20260820001740|973.15
1787156265|20260820001745|973.05
1787156270|20260820001750|972.99
1787156275|20260820001755|973.01
1787156285|20260820001805|973.06
1787156290|20260820001810|973.05
1787156300|20260820001820|973.18
1787156305|20260820001825|973.05
1787156315|20260820001835|972.84
1787156320|20260820001840|972.85
1787156325|20260820001845|972.83
1787156330|20260820001850|972.75
1787156335|20260820001855|972.67
1787156350|20260820001910|972.88
1787156355|20260820001915|972.88
1787156360|20260820001920|972.80
1787156365|20260820001925|972.94
1787156375|20260820001935|973.00
1787156405|20260820002005|972.48
1787156410|20260820002010|972.61
1787156415|20260820002015|972.55
1787156420|20260820002020|972.62
1787156435|20260820002035|972.59
1787156440|20260820002040|972.68
1787156445|20260820002045|972.65
1787156450|20260820002050|972.65
1787156455|20260820002055|972.64
1787156465|20260820002105|972.37
1787156470|20260820002110|972.52
1787156475|20260820002115|972.48
1787156485|20260820002125|972.67
1787156495|20260820002135|972.66
1787156500|20260820002140|972.44
1787156505|20260820002145|972.36
1787156510|20260820002150|972.33
1787156525|20260820002205|972.28
1787156530|20260820002210|972.47
1787156540|20260820002220|972.42
1787156545|20260820002225|972.36
1787156555|20260820002235|972.26
1787156560|20260820002240|972.27
1787156570|20260820002250|972.31
1787156575|20260820002255|972.31
1787156590|20260820002310|972.38
1787156595|20260820002315|972.25
1787156605|20260820002325|972.45
1787156620|20260820002340|972.53
1787156625|20260820002345|972.56
1787156630|20260820002350|972.61
1787156635|20260820002355|972.66
1787156645|20260820002405|972.65
1787156660|20260820002420|972.77
1787156665|20260820002425|972.75
1787156710|20260820002510|972.54
1787156715|20260820002515|972.51
1787156720|20260820002520|972.48
1787156725|20260820002525|972.58
1787156735|20260820002535|972.51
1787156740|20260820002540|972.38
1787156750|20260820002550|972.29
1787156755|20260820002555|972.29
1787156765|20260820002605|972.29
1787156770|20260820002610|972.30
1787156775|20260820002615|972.30
1787156780|20260820002620|972.25
1787156795|20260820002635|971.88
1787156800|20260820002640|971.87
1787156805|20260820002645|972.04
1787156810|20260820002650|972.12
1787156815|20260820002655|972.21
1787156825|20260820002705|972.15
1787156830|20260820002710|971.89
1787156835|20260820002715|972.20
1787156845|20260820002725|972.15
1787156855|20260820002735|972.12
1787156870|20260820002750|972.00
1787156875|20260820002755|971.95
1787156885|20260820002805|972.08
1787156895|20260820002815|972.04
1787156900|20260820002820|972.00
1787156920|20260820002840|971.93
1787156925|20260820002845|972.08
1787156935|20260820002855|971.91
1787156945|20260820002905|971.75
1787156955|20260820002915|971.77
1787156960|20260820002920|971.77
1787157000|20260820003000|971.71
1787157005|20260820003005|971.62
1787157015|20260820003015|971.76
1787157020|20260820003020|971.74
1787157035|20260820003035|971.84
1787157040|20260820003040|971.84
1787157045|20260820003045|971.84
1787157050|20260820003050|971.81
1787157055|20260820003055|971.85
1787157065|20260820003105|971.85
1787157080|20260820003120|971.87
1787157095|20260820003135|972.17
1787157100|20260820003140|972.21
1787157105|20260820003145|972.22
1787157110|20260820003150|972.24
1787157115|20260820003155|972.23
1787157125|20260820003205|972.09
1787157135|20260820003215|972.03
1787157140|20260820003220|972.06
1787157145|20260820003225|972.08
1787157155|20260820003235|972.18
1787157160|20260820003240|972.24
1787157165|20260820003245|972.24
1787157170|20260820003250|972.35
1787157175|20260820003255|972.38
1787157185|20260820003305|972.39
1787157190|20260820003310|972.46
1787157195|20260820003315|972.47
1787157200|20260820003320|972.46
1787157205|20260820003325|972.48
1787157215|20260820003335|972.41
1787157225|20260820003345|972.35
1787157230|20260820003350|972.34
1787157235|20260820003355|972.35
1787157245|20260820003405|972.35
1787157255|20260820003415|972.27
1787157265|20260820003425|972.36
1787157300|20260820003500|972.67
1787157305|20260820003505|972.46
1787157310|20260820003510|972.29
1787157315|20260820003515|972.36
1787157320|20260820003520|972.20
1787157325|20260820003525|972.36
1787157335|20260820003535|972.52
1787157340|20260820003540|972.48
1787157345|20260820003545|972.49
1787157350|20260820003550|972.46
1787157355|20260820003555|972.53
1787157360|20260820003600|972.48
1787157365|20260820003605|972.24
1787157370|20260820003610|972.12
1787157375|20260820003615|972.15
1787157380|20260820003620|972.10
1787157385|20260820003625|972.09
1787157395|20260820003635|972.11
1787157400|20260820003640|972.12
1787157405|20260820003645|972.11
1787157410|20260820003650|972.19
1787157415|20260820003655|972.24
1787157425|20260820003705|972.13
1787157430|20260820003710|971.93
1787157435|20260820003715|972.01
1787157440|20260820003720|972.12
1787157445|20260820003725|972.22
1787157460|20260820003740|972.44
1787157465|20260820003745|972.41
1787157470|20260820003750|972.59
1787157485|20260820003805|972.50
1787157490|20260820003810|972.53
1787157495|20260820003815|972.55
1787157500|20260820003820|972.56
1787157505|20260820003825|972.55
1787157515|20260820003835|972.68
1787157520|20260820003840|972.68
1787157530|20260820003850|972.65
1787157535|20260820003855|972.62
1787157540|20260820003900|972.65
1787157545|20260820003905|972.51
1787157550|20260820003910|972.51
1787157555|20260820003915|972.52
1787157565|20260820003925|972.67
1787157605|20260820004005|972.67
1787157610|20260820004010|972.70
1787157615|20260820004015|972.70
1787157620|20260820004020|972.66
1787157635|20260820004035|972.67
1787157640|20260820004040|972.68
1787157650|20260820004050|972.68
1787157655|20260820004055|972.62
1787157660|20260820004100|972.67
1787157665|20260820004105|972.69
1787157670|20260820004110|972.64
1787157680|20260820004120|972.61
1787157685|20260820004125|972.65
1787157690|20260820004130|972.66
1787157695|20260820004135|972.68
1787157700|20260820004140|972.68
1787157705|20260820004145|972.62
1787157710|20260820004150|972.36
1787157715|20260820004155|972.50
1787157725|20260820004205|972.48
1787157730|20260820004210|972.53
1787157735|20260820004215|972.49
1787157740|20260820004220|972.50
1787157745|20260820004225|972.55
1787157755|20260820004235|972.55
1787157760|20260820004240|972.51
1787157765|20260820004245|972.47
1787157770|20260820004250|972.47
1787157775|20260820004255|972.51
1787157790|20260820004310|972.54
1787157795|20260820004315|972.64
1787157800|20260820004320|972.53
1787157815|20260820004335|972.71
1787157820|20260820004340|972.62
1787157830|20260820004350|972.60
1787157860|20260820004420|972.76
1787157900|20260820004500|972.44
1787157910|20260820004510|972.55
1787157915|20260820004515|972.45
1787157920|20260820004520|972.37
1787157925|20260820004525|972.41
1787157935|20260820004535|972.35
1787157940|20260820004540|972.36
1787157945|20260820004545|972.53
1787157950|20260820004550|972.37
1787157955|20260820004555|972.37
1787157965|20260820004605|972.44
1787157970|20260820004610|972.57
1787157975|20260820004615|972.68
1787157980|20260820004620|972.75
1787157985|20260820004625|972.80
1787157995|20260820004635|972.84
1787158000|20260820004640|972.84
1787158005|20260820004645|972.84
1787158010|20260820004650|972.57
1787158015|20260820004655|972.64
1787158020|20260820004700|972.65
1787158025|20260820004705|972.55
1787158030|20260820004710|972.53
1787158035|20260820004715|972.43
1787158040|20260820004720|972.52
1787158045|20260820004725|972.52
1787158055|20260820004735|972.55
1787158060|20260820004740|972.48
1787158065|20260820004745|972.50
1787158070|20260820004750|972.27
1787158075|20260820004755|972.35
1787158090|20260820004810|972.34
1787158095|20260820004815|972.48
1787158100|20260820004820|972.43
1787158105|20260820004825|972.46
1787158120|20260820004840|972.46
1787158135|20260820004855|972.49
1787158155|20260820004915|972.42
1787158160|20260820004920|972.43
1787158180|20260820004940|972.30
1787158200|20260820005000|972.43
1787158205|20260820005005|972.46
1787158215|20260820005015|972.37
1787158225|20260820005025|972.38
1787158235|20260820005035|972.43
1787158250|20260820005050|972.52
1787158255|20260820005055|972.43
1787158265|20260820005105|972.51
1787158275|20260820005115|972.42
1787158280|20260820005120|972.47
1787158285|20260820005125|972.45
1787158295|20260820005135|972.46
1787158305|20260820005145|972.46
1787158310|20260820005150|972.49
1787158315|20260820005155|972.56
1787158325|20260820005205|972.72
1787158330|20260820005210|972.80
1787158335|20260820005215|972.84
1787158340|20260820005220|972.88
1787158355|20260820005235|972.97
1787158365|20260820005245|973.02
1787158370|20260820005250|972.98
1787158375|20260820005255|972.96
1787158385|20260820005305|973.04
1787158395|20260820005315|972.97
1787158415|20260820005335|972.88
1787158420|20260820005340|972.88
1787158430|20260820005350|972.78
1787158455|20260820005415|972.44
1787158460|20260820005420|972.50
1787158490|20260820005450|972.45
1787158505|20260820005505|972.43
1787158510|20260820005510|972.41
1787158525|20260820005525|972.35
1787158535|20260820005535|972.34
1787158550|20260820005550|972.27
1787158580|20260820005620|972.29
1787158585|20260820005625|972.29
1787158595|20260820005635|972.38
1787158600|20260820005640|972.38
1787158605|20260820005645|972.38
1787158625|20260820005705|972.34
1787158635|20260820005715|972.32
1787158640|20260820005720|972.48
1787158645|20260820005725|972.54
1787158655|20260820005735|972.44
1787158660|20260820005740|972.47
1787158665|20260820005745|972.54
1787158670|20260820005750|972.50
1787158685|20260820005805|972.48
1787158690|20260820005810|972.35
1787158695|20260820005815|972.44
1787158700|20260820005820|972.46
1787158705|20260820005825|972.43
1787158720|20260820005840|972.35
1787158725|20260820005845|972.36
1787158730|20260820005850|972.38
1787158735|20260820005855|972.38
1787158745|20260820005905|972.40
1787158750|20260820005910|972.48
1787158755|20260820005915|972.44
1787158760|20260820005920|972.32
1787158765|20260820005925|972.33
1787158780|20260820005940|972.37
1787158805|20260820010005|972.23
1787158810|20260820010010|972.26
1787158815|20260820010015|972.19
1787158820|20260820010020|972.32
1787158835|20260820010035|972.93
1787158840|20260820010040|972.81
1787158850|20260820010050|972.85
1787158855|20260820010055|972.90
1787158865|20260820010105|973.06
1787158875|20260820010115|972.99
1787158880|20260820010120|973.00
1787158885|20260820010125|973.16
1787158895|20260820010135|973.07
1787158900|20260820010140|973.11
1787158910|20260820010150|973.17
1787158915|20260820010155|973.16
1787158925|20260820010205|973.22
1787158935|20260820010215|973.06
1787158940|20260820010220|973.22
1787158945|20260820010225|973.37
1787158955|20260820010235|973.32
1787158960|20260820010240|973.27
1787158965|20260820010245|973.20
1787158970|20260820010250|973.15
1787158980|20260820010300|972.98
1787158990|20260820010310|973.05
1787158995|20260820010315|972.94
1787159005|20260820010325|972.62
1787159015|20260820010335|972.61
1787159035|20260820010355|972.68
1787159045|20260820010405|972.68
1787159050|20260820010410|972.66
1787159055|20260820010415|972.83
1787159060|20260820010420|972.92
1787159065|20260820010425|972.88
1787159100|20260820010500|972.82
1787159105|20260820010505|972.97
1787159110|20260820010510|973.03
1787159115|20260820010515|972.88
1787159120|20260820010520|972.85
1787159125|20260820010525|972.84
1787159135|20260820010535|972.77
1787159140|20260820010540|972.77
1787159145|20260820010545|972.77
1787159150|20260820010550|972.80
1787159160|20260820010600|972.80
1787159165|20260820010605|972.78
1787159175|20260820010615|972.69
1787159180|20260820010620|972.67
1787159185|20260820010625|972.64
1787159195|20260820010635|972.86
1787159205|20260820010645|972.91
1787159210|20260820010650|972.94
1787159215|20260820010655|972.94
1787159225|20260820010705|972.95
1787159230|20260820010710|972.80
1787159235|20260820010715|972.78
1787159240|20260820010720|972.64
1787159245|20260820010725|972.12
1787159255|20260820010735|972.15
1787159260|20260820010740|972.10
1787159265|20260820010745|972.08
1787159270|20260820010750|972.10
1787159275|20260820010755|972.13
1787159285|20260820010805|972.17
1787159295|20260820010815|972.12
1787159305|20260820010825|971.99
1787159315|20260820010835|971.90
1787159320|20260820010840|971.92
1787159325|20260820010845|971.93
1787159330|20260820010850|972.01
1787159335|20260820010855|972.08
1787159340|20260820010900|972.08
1787159345|20260820010905|972.07
1787159360|20260820010920|972.12
1787159365|20260820010925|972.12
1787159405|20260820011005|972.14
1787159410|20260820011010|972.11
1787159415|20260820011015|972.19
1787159420|20260820011020|972.18
1787159435|20260820011035|972.13
1787159440|20260820011040|972.17
1787159445|20260820011045|972.18
1787159450|20260820011050|972.15
1787159455|20260820011055|972.11
1787159460|20260820011100|972.16
1787159465|20260820011105|972.21
1787159470|20260820011110|971.87
1787159475|20260820011115|971.96
1787159480|20260820011120|972.04
1787159485|20260820011125|972.11
1787159495|20260820011135|971.92
1787159500|20260820011140|971.90
1787159505|20260820011145|971.85
1787159510|20260820011150|971.63
1787159515|20260820011155|971.39
1787159525|20260820011205|971.54
1787159530|20260820011210|971.54
1787159535|20260820011215|971.56
1787159540|20260820011220|971.57
1787159545|20260820011225|971.20
1787159555|20260820011235|971.36
1787159560|20260820011240|971.42
1787159565|20260820011245|971.56
1787159570|20260820011250|971.66
1787159575|20260820011255|971.67
1787159585|20260820011305|971.87
1787159590|20260820011310|972.01
1787159595|20260820011315|971.97
1787159600|20260820011320|972.03
1787159605|20260820011325|971.94
1787159615|20260820011335|971.87
1787159620|20260820011340|971.87
1787159625|20260820011345|971.81
1787159630|20260820011350|971.78
1787159635|20260820011355|971.79
1787159650|20260820011410|971.79
1787159655|20260820011415|971.83
1787159660|20260820011420|971.71
1787159665|20260820011425|971.79
1787159700|20260820011500|972.02
1787159705|20260820011505|972.05
1787159710|20260820011510|971.82
1787159715|20260820011515|971.91
1787159720|20260820011520|971.65
1787159725|20260820011525|971.66
1787159735|20260820011535|971.56
1787159740|20260820011540|971.69
1787159745|20260820011545|971.74
1787159750|20260820011550|971.76
1787159755|20260820011555|971.78
1787159760|20260820011600|971.79
1787159765|20260820011605|971.67
1787159770|20260820011610|971.54
1787159775|20260820011615|971.56
1787159780|20260820011620|971.57
1787159795|20260820011635|971.58
1787159800|20260820011640|971.57
1787159805|20260820011645|971.68
1787159810|20260820011650|971.65
1787159815|20260820011655|971.68
1787159825|20260820011705|971.54
1787159830|20260820011710|971.51
1787159835|20260820011715|971.50
1787159840|20260820011720|971.45
1787159855|20260820011735|971.42
1787159860|20260820011740|971.39
1787159870|20260820011750|971.39
1787159875|20260820011755|971.38
1787159880|20260820011800|971.46
1787159885|20260820011805|971.46
1787159895|20260820011815|971.31
1787159900|20260820011820|971.37
1787159905|20260820011825|971.35
1787159910|20260820011830|971.30
1787159920|20260820011840|971.26
1787159925|20260820011845|971.22
1787159930|20260820011850|971.16
1787159935|20260820011855|971.09
1787159945|20260820011905|970.99
1787159960|20260820011920|971.05
1787160000|20260820012000|971.25
1787160005|20260820012005|971.42
1787160015|20260820012015|971.47
1787160035|20260820012035|971.30
1787160045|20260820012045|971.20
1787160050|20260820012050|971.20
1787160055|20260820012055|971.19
1787160065|20260820012105|971.15
1787160070|20260820012110|971.11
1787160085|20260820012125|971.26
1787160095|20260820012135|971.39
1787160105|20260820012145|971.03
1787160115|20260820012155|971.04
1787160125|20260820012205|971.11
1787160130|20260820012210|971.26
1787160135|20260820012215|971.34
1787160140|20260820012220|971.37
1787160160|20260820012240|971.34
1787160165|20260820012245|971.30
1787160175|20260820012255|971.32
1787160190|20260820012310|971.18
1787160195|20260820012315|971.14
1787160200|20260820012320|971.17
1787160205|20260820012325|971.27
1787160215|20260820012335|971.33
1787160220|20260820012340|971.34
1787160230|20260820012350|971.24
1787160235|20260820012355|971.51
1787160245|20260820012405|971.33
1787160250|20260820012410|971.31
1787160260|20260820012420|971.47
1787160300|20260820012500|971.34
1787160305|20260820012505|971.22
1787160310|20260820012510|971.30
1787160315|20260820012515|971.27
1787160320|20260820012520|971.25
1787160325|20260820012525|971.29
1787160335|20260820012535|971.21
1787160340|20260820012540|971.24
1787160345|20260820012545|971.30
1787160350|20260820012550|971.35
1787160355|20260820012555|971.30
1787160360|20260820012600|971.23
1787160365|20260820012605|971.25
1787160370|20260820012610|971.25
1787160375|20260820012615|971.24
1787160380|20260820012620|971.22
1787160385|20260820012625|971.26
1787160395|20260820012635|971.21
1787160400|20260820012640|971.18
1787160405|20260820012645|971.16
1787160410|20260820012650|971.02
1787160420|20260820012700|971.06
1787160425|20260820012705|971.05
1787160430|20260820012710|971.00
1787160435|20260820012715|970.94
1787160440|20260820012720|971.03
1787160455|20260820012735|970.97
1787160460|20260820012740|970.98
1787160465|20260820012745|970.90
1787160475|20260820012755|970.73
1787160480|20260820012800|970.71
1787160485|20260820012805|970.77
1787160490|20260820012810|970.76
1787160495|20260820012815|970.73
1787160500|20260820012820|970.77
1787160505|20260820012825|970.76
1787160515|20260820012835|970.89
1787160520|20260820012840|970.95
1787160525|20260820012845|970.90
1787160530|20260820012850|970.89
1787160535|20260820012855|970.87
1787160545|20260820012905|970.89
1787160550|20260820012910|970.76
1787160555|20260820012915|970.82
1787160560|20260820012920|970.93
1787160605|20260820013005|970.92
1787160610|20260820013010|971.01
1787160620|20260820013020|970.78
1787160625|20260820013025|970.85
1787160640|20260820013040|970.87
1787160655|20260820013055|970.88
1787160665|20260820013105|970.69
1787160680|20260820013120|970.29
1787160700|20260820013140|970.28
1787160705|20260820013145|970.39
1787160710|20260820013150|970.38
1787160715|20260820013155|970.39
1787160730|20260820013210|970.49
1787160740|20260820013220|970.49
1787160765|20260820013245|970.62
1787160770|20260820013250|970.66
1787160775|20260820013255|970.69
1787160780|20260820013300|970.67
1787160785|20260820013305|970.74
1787160790|20260820013310|970.86
1787160805|20260820013325|970.76
1787160815|20260820013335|970.86
1787160820|20260820013340|970.86
1787160825|20260820013345|971.08
1787160835|20260820013355|971.09
1787160845|20260820013405|971.09
1787160850|20260820013410|971.16
1787160860|20260820013420|971.21
1787160865|20260820013425|971.11
1787160900|20260820013500|971.03
1787160910|20260820013510|971.10
1787160915|20260820013515|971.06
1787160920|20260820013520|971.14
1787160925|20260820013525|971.09
1787160935|20260820013535|971.08
1787160940|20260820013540|971.10
1787160945|20260820013545|970.96
1787160950|20260820013550|970.94
1787160955|20260820013555|970.83
1787160960|20260820013600|970.75
1787160965|20260820013605|970.75
1787160970|20260820013610|970.89
1787160975|20260820013615|970.92
1787160980|20260820013620|970.92
1787160985|20260820013625|970.91
1787160995|20260820013635|970.95
1787161000|20260820013640|971.12
1787161005|20260820013645|971.13
1787161010|20260820013650|971.13
1787161015|20260820013655|971.25
1787161025|20260820013705|971.32
1787161035|20260820013715|971.17
1787161045|20260820013725|971.13
1787161055|20260820013735|971.15
1787161060|20260820013740|971.36
1787161065|20260820013745|971.35
1787161070|20260820013750|971.27
1787161075|20260820013755|971.33
1787161080|20260820013800|971.31
1787161085|20260820013805|971.25
1787161090|20260820013810|971.18
1787161095|20260820013815|971.13
1787161100|20260820013820|971.22
1787161105|20260820013825|971.21
1787161115|20260820013835|971.21
1787161120|20260820013840|971.23
1787161125|20260820013845|971.14
1787161130|20260820013850|971.17
1787161135|20260820013855|971.14
1787161150|20260820013910|971.21
1787161155|20260820013915|971.19
1787161160|20260820013920|971.30
1787161165|20260820013925|971.33
1787161175|20260820013935|971.26
1787161200|20260820014000|971.12
1787161205|20260820014005|971.15
1787161215|20260820014015|971.18
1787161220|20260820014020|971.25
1787161225|20260820014025|971.27
1787161235|20260820014035|971.25
1787161240|20260820014040|971.29
1787161250|20260820014050|971.40
1787161255|20260820014055|971.19
1787161265|20260820014105|971.14
1787161270|20260820014110|970.96
1787161275|20260820014115|970.85
1787161280|20260820014120|971.01
1787161285|20260820014125|971.00
1787161295|20260820014135|971.06
1787161300|20260820014140|971.04
1787161310|20260820014150|971.26
1787161315|20260820014155|971.29
1787161325|20260820014205|971.55
1787161330|20260820014210|971.59
1787161335|20260820014215|971.61
1787161355|20260820014235|971.68
1787161360|20260820014240|971.76
1787161385|20260820014305|971.67
1787161390|20260820014310|971.67
1787161395|20260820014315|971.60
1787161405|20260820014325|971.61
1787161415|20260820014335|971.57
1787161425|20260820014345|971.45
1787161435|20260820014355|971.56
1787161450|20260820014410|971.53
1787161460|20260820014420|971.33
1787161465|20260820014425|971.28
1787161554|20260820014554|971.16
