1790006400|20260922000000|935.98
1790006405|20260922000005|935.95
1790006410|20260922000010|935.66
1790006420|20260922000020|935.39
1790006425|20260922000025|935.32
1790006435|20260922000035|935.39
1790006440|20260922000040|935.36
1790006445|20260922000045|935.46
1790006455|20260922000055|935.40
1790006465|20260922000105|935.48
1790006470|20260922000110|935.53
1790006475|20260922000115|935.45
1790006480|20260922000120|935.50
1790006485|20260922000125|935.56
1790006495|20260922000135|935.58
1790006500|20260922000140|935.78
1790006505|20260922000145|935.70
1790006510|20260922000150|935.67
1790006515|20260922000155|935.59
1790006525|20260922000205|935.63
1790006530|20260922000210|935.73
1790006540|20260922000220|935.69
1790006545|20260922000225|935.69
1790006555|20260922000235|935.72
1790006565|20260922000245|935.79
1790006570|20260922000250|935.81
1790006575|20260922000255|936.07
1790006585|20260922000305|936.10
1790006590|20260922000310|936.10
1790006595|20260922000315|936.07
1790006600|20260922000320|936.12
1790006620|20260922000340|936.57
1790006645|20260922000405|936.36
1790006650|20260922000410|936.45
1790006660|20260922000420|936.46
1790006690|20260922000450|936.46
1790006700|20260922000500|936.46
1790006710|20260922000510|936.43
1790006715|20260922000515|936.43
1790006725|20260922000525|936.42
1790006735|20260922000535|936.45
1790006745|20260922000545|936.49
1790006750|20260922000550|936.39
1790006770|20260922000610|936.33
1790006780|20260922000620|936.35
1790006785|20260922000625|936.51
1790006800|20260922000640|936.24
1790006805|20260922000645|936.30
1790006810|20260922000650|936.32
1790006815|20260922000655|936.35
1790006835|20260922000715|936.51
1790006840|20260922000720|937.39
1790006845|20260922000725|937.52
1790006870|20260922000750|936.76
1790006885|20260922000805|936.90
1790006890|20260922000810|936.84
1790006895|20260922000815|936.85
1790006900|20260922000820|937.11
1790006905|20260922000825|937.11
1790006915|20260922000835|936.93
1790006920|20260922000840|936.97
1790006930|20260922000850|936.75
1790006945|20260922000905|936.79
1790006955|20260922000915|936.86
1790006960|20260922000920|936.91
1790006965|20260922000925|936.73
1790007000|20260922001000|937.24
1790007005|20260922001005|937.29
1790007010|20260922001010|937.25
1790007020|20260922001020|937.17
1790007045|20260922001045|937.26
1790007050|20260922001050|937.26
1790007065|20260922001105|937.58
1790007070|20260922001110|937.51
1790007075|20260922001115|937.46
1790007080|20260922001120|937.46
1790007085|20260922001125|937.43
1790007095|20260922001135|937.44
1790007100|20260922001140|937.44
1790007105|20260922001145|937.42
1790007130|20260922001210|937.19
1790007135|20260922001215|937.13
1790007140|20260922001220|937.15
1790007155|20260922001235|937.06
1790007175|20260922001255|937.06
1790007185|20260922001305|937.10
1790007190|20260922001310|937.16
1790007195|20260922001315|937.12
1790007200|20260922001320|937.12
1790007215|20260922001335|937.24
1790007230|20260922001350|936.96
1790007260|20260922001420|936.56
1790007305|20260922001505|936.86
1790007315|20260922001515|936.74
1790007320|20260922001520|936.84
1790007325|20260922001525|936.87
1790007345|20260922001545|936.87
1790007365|20260922001605|937.03
1790007370|20260922001610|936.97
1790007385|20260922001625|937.04
1790007395|20260922001635|937.00
1790007400|20260922001640|937.04
1790007405|20260922001645|937.17
1790007410|20260922001650|937.16
1790007415|20260922001655|937.28
1790007425|20260922001705|937.23
1790007435|20260922001715|937.29
1790007440|20260922001720|937.25
1790007445|20260922001725|937.19
1790007455|20260922001735|936.86
1790007465|20260922001745|936.94
1790007470|20260922001750|936.93
1790007495|20260922001815|937.41
1790007500|20260922001820|937.48
1790007520|20260922001840|937.20
1790007525|20260922001845|937.25
1790007530|20260922001850|937.35
1790007600|20260922002000|937.82
1790007610|20260922002010|937.75
1790007625|20260922002025|937.75
1790007635|20260922002035|937.70
1790007640|20260922002040|937.70
1790007645|20260922002045|937.67
1790007655|20260922002055|937.68
1790007670|20260922002110|937.26
1790007675|20260922002115|937.36
1790007680|20260922002120|937.32
1790007685|20260922002125|937.19
1790007695|20260922002135|937.11
1790007710|20260922002150|937.43
1790007715|20260922002155|937.33
1790007730|20260922002210|937.25
1790007735|20260922002215|937.28
1790007755|20260922002235|937.32
1790007760|20260922002240|937.38
1790007765|20260922002245|937.38
1790007775|20260922002255|937.30
1790007785|20260922002305|936.95
1790007795|20260922002315|936.94
1790007805|20260922002325|936.96
1790007815|20260922002335|936.77
1790007820|20260922002340|936.80
1790007830|20260922002350|936.70
1790007835|20260922002355|936.70
1790007845|20260922002405|936.73
1790007850|20260922002410|936.56
1790007860|20260922002420|936.63
1790007865|20260922002425|936.60
1790007905|20260922002505|936.57
1790007910|20260922002510|936.59
1790007915|20260922002515|936.50
1790007920|20260922002520|936.41
1790007925|20260922002525|936.39
1790007935|20260922002535|936.27
1790007945|20260922002545|936.24
1790007950|20260922002550|936.27
1790007980|20260922002620|936.20
1790007995|20260922002635|936.25
1790008000|20260922002640|936.24
1790008005|20260922002645|936.32
1790008010|20260922002650|936.31
1790008025|20260922002705|936.18
1790008040|20260922002720|936.29
1790008045|20260922002725|936.35
1790008060|20260922002740|936.37
1790008075|20260922002755|936.56
1790008085|20260922002805|936.54
1790008090|20260922002810|936.53
1790008100|20260922002820|936.61
1790008115|20260922002835|936.40
1790008125|20260922002845|936.36
1790008135|20260922002855|936.49
1790008155|20260922002915|936.37
1790008205|20260922003005|936.44
1790008210|20260922003010|936.46
1790008220|20260922003020|936.54
1790008225|20260922003025|936.61
1790008235|20260922003035|936.64
1790008245|20260922003045|936.25
1790008255|20260922003055|936.36
1790008265|20260922003105|936.36
1790008270|20260922003110|936.37
1790008275|20260922003115|936.43
1790008280|20260922003120|936.43
1790008295|20260922003135|936.51
1790008300|20260922003140|936.53
1790008305|20260922003145|936.47
1790008325|20260922003205|936.48
1790008330|20260922003210|936.38
1790008340|20260922003220|936.44
1790008365|20260922003245|936.53
1790008370|20260922003250|936.53
1790008375|20260922003255|936.56
1790008385|20260922003305|936.67
1790008390|20260922003310|936.74
1790008395|20260922003315|936.73
1790008400|20260922003320|936.76
1790008415|20260922003335|936.87
1790008420|20260922003340|936.88
1790008425|20260922003345|936.87
1790008430|20260922003350|936.86
1790008445|20260922003405|936.77
1790008450|20260922003410|936.76
1790008455|20260922003415|936.68
1790008460|20260922003420|936.68
1790008505|20260922003505|936.67
1790008510|20260922003510|936.59
1790008515|20260922003515|936.63
1790008520|20260922003520|936.63
1790008525|20260922003525|936.44
1790008535|20260922003535|936.39
1790008545|20260922003545|936.40
1790008550|20260922003550|936.39
1790008555|20260922003555|936.39
1790008565|20260922003605|936.35
1790008570|20260922003610|936.39
1790008575|20260922003615|936.37
1790008580|20260922003620|936.36
1790008585|20260922003625|936.18
1790008595|20260922003635|936.23
1790008600|20260922003640|936.24
1790008605|20260922003645|936.23
1790008610|20260922003650|936.33
1790008615|20260922003655|936.32
1790008625|20260922003705|936.42
1790008630|20260922003710|936.35
1790008635|20260922003715|936.29
1790008640|20260922003720|936.24
1790008645|20260922003725|936.37
1790008660|20260922003740|936.45
1790008670|20260922003750|936.36
1790008685|20260922003805|936.39
1790008690|20260922003810|936.40
1790008695|20260922003815|936.47
1790008705|20260922003825|936.54
1790008715|20260922003835|936.40
1790008720|20260922003840|936.40
1790008725|20260922003845|936.42
1790008745|20260922003905|936.42
1790008750|20260922003910|936.42
1790008755|20260922003915|936.42
1790008760|20260922003920|936.29
1790008765|20260922003925|936.30
1790008805|20260922004005|936.23
1790008810|20260922004010|936.21
1790008825|20260922004025|936.30
1790008835|20260922004035|936.31
1790008845|20260922004045|936.25
1790008850|20260922004050|936.26
1790008865|20260922004105|936.31
1790008870|20260922004110|936.32
1790008875|20260922004115|936.29
1790008880|20260922004120|936.14
1790008895|20260922004135|936.03
1790008900|20260922004140|936.00
1790008910|20260922004150|936.02
1790008915|20260922004155|936.02
1790008925|20260922004205|936.02
1790008930|20260922004210|936.11
1790008940|20260922004220|936.05
1790008960|20260922004240|935.93
1790008965|20260922004245|935.82
1790008985|20260922004305|935.84
1790008990|20260922004310|935.74
1790009000|20260922004320|935.60
1790009005|20260922004325|935.61
1790009015|20260922004335|935.56
1790009020|20260922004340|935.62
1790009030|20260922004350|935.53
1790009035|20260922004355|935.53
1790009045|20260922004405|935.55
1790009050|20260922004410|935.55
1790009060|20260922004420|935.54
1790009105|20260922004505|935.09
1790009110|20260922004510|935.09
1790009115|20260922004515|935.07
1790009120|20260922004520|935.06
1790009125|20260922004525|935.00
1790009145|20260922004545|935.05
1790009150|20260922004550|935.13
1790009155|20260922004555|935.08
1790009165|20260922004605|935.13
1790009170|20260922004610|935.14
1790009175|20260922004615|935.14
1790009180|20260922004620|935.10
1790009185|20260922004625|935.02
1790009195|20260922004635|935.09
1790009215|20260922004655|935.22
1790009225|20260922004705|935.13
1790009240|20260922004720|935.25
1790009255|20260922004735|935.34
1790009265|20260922004745|935.29
1790009270|20260922004750|935.30
1790009275|20260922004755|935.27
1790009290|20260922004810|935.36
1790009300|20260922004820|935.37
1790009315|20260922004835|935.33
1790009320|20260922004840|935.32
1790009325|20260922004845|935.32
1790009330|20260922004850|935.33
1790009335|20260922004855|935.40
1790009345|20260922004905|935.38
1790009350|20260922004910|935.30
1790009355|20260922004915|935.34
1790009360|20260922004920|935.34
1790009365|20260922004925|935.42
1790009405|20260922005005|935.58
1790009440|20260922005040|935.55
1790009445|20260922005045|935.58
1790009450|20260922005050|935.58
1790009465|20260922005105|935.52
1790009470|20260922005110|935.48
1790009475|20260922005115|935.38
1790009480|20260922005120|935.41
1790009485|20260922005125|935.32
1790009495|20260922005135|935.30
1790009505|20260922005145|935.39
1790009510|20260922005150|935.46
1790009530|20260922005210|935.47
1790009585|20260922005305|935.20
1790009590|20260922005310|935.14
1790009600|20260922005320|935.04
1790009605|20260922005325|935.00
1790009615|20260922005335|935.14
1790009630|20260922005350|935.08
1790009645|20260922005405|935.09
1790009655|20260922005415|935.11
1790009665|20260922005425|935.02
1790009675|20260922005435|935.04
1790009710|20260922005510|935.07
1790009715|20260922005515|935.13
1790009720|20260922005520|935.11
1790009725|20260922005525|935.11
1790009735|20260922005535|935.19
1790009745|20260922005545|935.29
1790009750|20260922005550|935.30
1790009775|20260922005615|935.24
1790009780|20260922005620|935.22
1790009785|20260922005625|935.23
1790009795|20260922005635|935.19
1790009800|20260922005640|935.13
1790009805|20260922005645|935.10
1790009810|20260922005650|935.09
1790009815|20260922005655|935.17
1790009825|20260922005705|935.11
1790009835|20260922005715|935.15
1790009840|20260922005720|935.22
1790009865|20260922005745|935.21
1790009870|20260922005750|935.25
1790009885|20260922005805|935.17
1790009890|20260922005810|935.10
1790009905|20260922005825|935.01
1790009915|20260922005835|935.10
1790009920|20260922005840|935.02
1790009925|20260922005845|935.05
1790009930|20260922005850|935.03
1790009935|20260922005855|935.08
1790009945|20260922005905|935.04
1790009950|20260922005910|935.06
1790009955|20260922005915|934.91
1790009960|20260922005920|934.93
1790010000|20260922010000|934.92
1790010010|20260922010010|934.72
1790010015|20260922010015|934.74
1790010025|20260922010025|934.79
1790010045|20260922010045|934.84
1790010075|20260922010115|934.89
1790010080|20260922010120|934.96
1790010085|20260922010125|934.97
1790010100|20260922010140|934.90
1790010105|20260922010145|934.85
1790010110|20260922010150|934.84
1790010125|20260922010205|935.06
1790010135|20260922010215|935.00
1790010140|20260922010220|934.90
1790010145|20260922010225|934.80
1790010155|20260922010235|934.88
1790010160|20260922010240|934.74
1790010165|20260922010245|934.87
1790010170|20260922010250|934.79
1790010175|20260922010255|934.80
1790010185|20260922010305|935.18
1790010190|20260922010310|935.04
1790010195|20260922010315|934.95
1790010205|20260922010325|935.01
1790010220|20260922010340|934.98
1790010225|20260922010345|934.95
1790010230|20260922010350|934.95
1790010235|20260922010355|935.03
1790010245|20260922010405|934.91
1790010305|20260922010505|935.07
1790010315|20260922010515|935.09
1790010340|20260922010540|935.20
1790010345|20260922010545|935.17
1790010355|20260922010555|935.06
1790010375|20260922010615|935.06
1790010395|20260922010635|935.20
1790010400|20260922010640|935.22
1790010425|20260922010705|935.18
1790010430|20260922010710|935.22
1790010435|20260922010715|935.32
1790010440|20260922010720|935.26
1790010445|20260922010725|935.28
1790010455|20260922010735|935.27
1790010460|20260922010740|935.38
1790010465|20260922010745|935.37
1790010475|20260922010755|935.18
1790010485|20260922010805|935.19
1790010490|20260922010810|935.11
1790010500|20260922010820|935.24
1790010505|20260922010825|935.29
1790010515|20260922010835|935.28
1790010520|20260922010840|935.37
1790010525|20260922010845|935.36
1790010545|20260922010905|935.27
1790010550|20260922010910|935.29
1790010555|20260922010915|935.32
1790010560|20260922010920|935.24
1790010600|20260922011000|935.35
1790010605|20260922011005|935.42
1790010610|20260922011010|935.37
1790010615|20260922011015|935.38
1790010635|20260922011035|935.39
1790010645|20260922011045|935.38
1790010665|20260922011105|935.34
1790010670|20260922011110|935.28
1790010675|20260922011115|935.30
1790010680|20260922011120|935.32
1790010695|20260922011135|935.37
1790010705|20260922011145|935.40
1790010710|20260922011150|935.39
1790010715|20260922011155|935.42
1790010725|20260922011205|935.43
1790010735|20260922011215|935.49
1790010745|20260922011225|935.45
1790010765|20260922011245|935.60
1790010770|20260922011250|935.62
1790010785|20260922011305|935.53
1790010790|20260922011310|935.63
1790010795|20260922011315|935.59
1790010800|20260922011320|935.65
1790010815|20260922011335|935.66
1790010820|20260922011340|935.63
1790010825|20260922011345|935.63
1790010835|20260922011355|935.57
1790010845|20260922011405|935.54
1790010860|20260922011420|935.47
1790010865|20260922011425|935.48
1790010910|20260922011510|935.51
1790010915|20260922011515|935.53
1790010950|20260922011550|935.28
1790010955|20260922011555|935.29
1790010965|20260922011605|935.17
1790010985|20260922011625|935.16
1790010995|20260922011635|935.14
1790011010|20260922011650|935.12
1790011015|20260922011655|935.12
1790011025|20260922011705|935.22
1790011030|20260922011710|935.25
1790011045|20260922011725|935.15
1790011055|20260922011735|935.00
1790011060|20260922011740|935.05
1790011065|20260922011745|935.00
1790011075|20260922011755|935.09
1790011085|20260922011805|934.97
1790011090|20260922011810|934.97
1790011095|20260922011815|934.89
1790011105|20260922011825|934.97
1790011115|20260922011835|935.06
1790011120|20260922011840|935.13
1790011125|20260922011845|935.16
1790011130|20260922011850|935.22
1790011135|20260922011855|935.19
1790011145|20260922011905|935.09
1790011150|20260922011910|935.16
1790011155|20260922011915|935.14
1790011160|20260922011920|934.95
1790011165|20260922011925|934.89
1790011205|20260922012005|934.65
1790011215|20260922012015|934.74
1790011220|20260922012020|934.74
1790011225|20260922012025|934.67
1790011235|20260922012035|934.67
1790011245|20260922012045|934.66
1790011250|20260922012050|934.63
1790011265|20260922012105|934.75
1790011270|20260922012110|934.66
1790011275|20260922012115|934.72
1790011280|20260922012120|934.71
1790011285|20260922012125|934.71
1790011295|20260922012135|934.78
1790011300|20260922012140|934.78
1790011305|20260922012145|934.91
1790011310|20260922012150|934.97
1790011315|20260922012155|934.91
1790011325|20260922012205|934.56
1790011335|20260922012215|934.86
1790011340|20260922012220|934.86
1790011355|20260922012235|934.75
1790011360|20260922012240|934.84
1790011365|20260922012245|934.92
1790011370|20260922012250|934.91
1790011390|20260922012310|934.86
1790011400|20260922012320|934.83
1790011405|20260922012325|934.82
1790011415|20260922012335|934.78
1790011425|20260922012345|934.84
1790011455|20260922012415|934.85
1790011460|20260922012420|934.84
1790011465|20260922012425|934.72
1790011510|20260922012510|934.91
1790011515|20260922012515|934.96
1790011520|20260922012520|934.90
1790011525|20260922012525|934.91
1790011540|20260922012540|934.83
1790011545|20260922012545|934.79
1790011555|20260922012555|934.84
1790011565|20260922012605|934.82
1790011580|20260922012620|934.81
1790011595|20260922012635|934.89
1790011600|20260922012640|934.90
1790011605|20260922012645|934.87
1790011610|20260922012650|934.90
1790011625|20260922012705|934.91
1790011635|20260922012715|934.86
1790011645|20260922012725|934.94
1790011655|20260922012735|934.92
1790011665|20260922012745|934.98
1790011675|20260922012755|935.01
1790011685|20260922012805|934.95
1790011695|20260922012815|934.93
1790011700|20260922012820|934.92
1790011705|20260922012825|934.86
1790011715|20260922012835|934.78
1790011725|20260922012845|934.93
1790011745|20260922012905|935.01
1790011760|20260922012920|935.41
1790011765|20260922012925|935.40
1790011800|20260922013000|935.47
1790011805|20260922013005|935.51
1790011810|20260922013010|935.52
1790011815|20260922013015|935.49
1790011820|20260922013020|935.42
1790011825|20260922013025|935.35
1790011835|20260922013035|935.12
1790011840|20260922013040|935.05
1790011845|20260922013045|934.98
1790011850|20260922013050|935.01
1790011865|20260922013105|934.66
1790011870|20260922013110|934.63
1790011880|20260922013120|934.66
1790011885|20260922013125|934.65
1790011895|20260922013135|934.60
1790011900|20260922013140|934.68
1790011905|20260922013145|934.72
1790011910|20260922013150|934.67
1790011915|20260922013155|934.63
1790011925|20260922013205|934.64
1790011930|20260922013210|934.60
1790011935|20260922013215|934.45
1790011940|20260922013220|934.43
1790011955|20260922013235|934.33
1790011960|20260922013240|934.29
1790011965|20260922013245|934.30
1790011970|20260922013250|934.28
1790011975|20260922013255|934.33
1790011990|20260922013310|934.36
1790011995|20260922013315|934.32
1790012000|20260922013320|934.28
1790012015|20260922013335|934.18
1790012020|20260922013340|934.25
1790012025|20260922013345|934.34
1790012030|20260922013350|934.27
1790012035|20260922013355|934.31
1790012045|20260922013405|934.09
1790012055|20260922013415|933.98
1790012060|20260922013420|933.99
1790012065|20260922013425|934.14
1790012080|20260922013440|934.27
1790012105|20260922013505|933.97
1790012110|20260922013510|933.98
1790012115|20260922013515|933.98
1790012125|20260922013525|934.15
1790012135|20260922013535|934.09
1790012145|20260922013545|934.09
1790012150|20260922013550|934.09
1790012170|20260922013610|934.07
1790012175|20260922013615|934.11
1790012195|20260922013635|934.17
1790012200|20260922013640|934.17
1790012205|20260922013645|934.16
1790012210|20260922013650|934.21
1790012215|20260922013655|934.10
1790012225|20260922013705|934.15
1790012230|20260922013710|934.16
1790012240|20260922013720|934.17
1790012245|20260922013725|934.10
1790012260|20260922013740|934.15
1790012270|20260922013750|933.83
1790012275|20260922013755|933.77
1790012285|20260922013805|933.87
1790012290|20260922013810|933.88
1790012330|20260922013850|933.94
1790012335|20260922013855|933.93
1790012345|20260922013905|934.06
1790012350|20260922013910|934.07
1790012355|20260922013915|934.02
1790012360|20260922013920|933.96
1790012365|20260922013925|933.93
1790012415|20260922014015|933.97
1790012420|20260922014020|934.01
1790012425|20260922014025|934.16
1790012440|20260922014040|934.37
1790012445|20260922014045|934.29
1790012450|20260922014050|934.28
1790012455|20260922014055|934.30
1790012465|20260922014105|934.38
1790012470|20260922014110|934.41
1790012475|20260922014115|934.39
1790012480|20260922014120|934.41
1790012495|20260922014135|934.35
1790012500|20260922014140|934.33
1790012515|20260922014155|934.62
1790012525|20260922014205|934.62
1790012530|20260922014210|934.62
1790012535|20260922014215|934.61
1790012545|20260922014225|934.57
1790012560|20260922014240|934.53
1790012570|20260922014250|934.73
1790012575|20260922014255|934.68
1790012600|20260922014320|934.56
1790012605|20260922014325|934.48
1790012615|20260922014335|934.37
1790012620|20260922014340|934.31
1790012625|20260922014345|934.32
1790012630|20260922014350|934.30
1790012645|20260922014405|934.41
1790012650|20260922014410|934.36
1790012655|20260922014415|934.32
1790012660|20260922014420|934.33
1790012665|20260922014425|934.39
1790012705|20260922014505|934.16
1790012710|20260922014510|934.19
1790012720|20260922014520|934.21
1790012725|20260922014525|934.12
1790012745|20260922014545|934.29
1790012750|20260922014550|934.30
1790012755|20260922014555|934.32
1790012765|20260922014605|934.26
1790012770|20260922014610|934.34
1790012780|20260922014620|934.44
1790012785|20260922014625|934.48
1790012795|20260922014635|934.42
1790012815|20260922014655|934.61
1790012830|20260922014710|934.55
1790012835|20260922014715|934.80
1790012845|20260922014725|934.77
1790012855|20260922014735|934.73
1790012860|20260922014740|934.72
1790012865|20260922014745|934.71
1790012870|20260922014750|934.67
1790012890|20260922014810|934.71
1790012900|20260922014820|934.82
1790012905|20260922014825|934.83
1790012915|20260922014835|934.83
1790012920|20260922014840|934.85
1790012925|20260922014845|934.85
1790012930|20260922014850|934.85
1790012935|20260922014855|934.84
1790012945|20260922014905|934.84
1790012950|20260922014910|934.83
1790012955|20260922014915|934.90
1790012960|20260922014920|934.88
1790012965|20260922014925|934.83
1790013010|20260922015010|934.86
1790013015|20260922015015|934.84
1790013020|20260922015020|934.82
1790013025|20260922015025|934.86
1790013035|20260922015035|934.88
1790013040|20260922015040|934.90
1790013045|20260922015045|934.86
1790013050|20260922015050|934.87
1790013055|20260922015055|934.86
1790013065|20260922015105|934.84
1790013075|20260922015115|934.87
1790013080|20260922015120|934.89
1790013085|20260922015125|935.02
1790013095|20260922015135|934.87
1790013105|20260922015145|934.83
1790013110|20260922015150|934.84
1790013125|20260922015205|935.05
1790013135|20260922015215|934.97
1790013140|20260922015220|935.09
1790013155|20260922015235|935.05
1790013160|20260922015240|935.18
1790013165|20260922015245|935.24
1790013175|20260922015255|935.23
1790013190|20260922015310|935.24
1790013195|20260922015315|935.29
1790013200|20260922015320|935.30
1790013205|20260922015325|935.24
1790013215|20260922015335|935.24
1790013220|20260922015340|935.17
1790013225|20260922015345|935.21
1790013230|20260922015350|935.18
1790013250|20260922015410|935.31
1790013260|20260922015420|935.19
1790013265|20260922015425|935.23
1790013305|20260922015505|935.02
1790013310|20260922015510|935.14
1790013315|20260922015515|935.10
1790013320|20260922015520|935.14
1790013325|20260922015525|935.13
1790013340|20260922015540|935.17
1790013345|20260922015545|935.14
1790013350|20260922015550|935.45
1790013365|20260922015605|935.48
1790013370|20260922015610|935.34
1790013385|20260922015625|935.37
1790013395|20260922015635|935.18
1790013410|20260922015650|935.12
1790013425|20260922015705|934.98
1790013430|20260922015710|935.03
1790013435|20260922015715|935.08
1790013440|20260922015720|935.09
1790013445|20260922015725|935.12
1790013455|20260922015735|935.32
1790013460|20260922015740|935.26
1790013465|20260922015745|935.31
1790013470|20260922015750|935.21
1790013485|20260922015805|935.35
1790013490|20260922015810|935.27
1790013500|20260922015820|935.32
1790013505|20260922015825|935.33
1790013515|20260922015835|935.22
1790013525|20260922015845|935.29
1790013535|20260922015855|935.26
1790013545|20260922015905|935.31
1790013550|20260922015910|935.26
1790013555|20260922015915|935.29
1790013565|20260922015925|935.34
1790013600|20260922020000|935.20
1790013605|20260922020005|935.24
1790013610|20260922020010|935.14
1790013620|20260922020020|935.18
1790013625|20260922020025|935.22
1790013640|20260922020040|935.18
1790013645|20260922020045|935.19
1790013650|20260922020050|935.24
1790013680|20260922020120|935.22
1790013685|20260922020125|935.13
1790013695|20260922020135|935.15
1790013705|20260922020145|935.17
1790013715|20260922020155|935.21
1790013725|20260922020205|935.24
1790013730|20260922020210|935.29
1790013740|20260922020220|935.34
1790013745|20260922020225|935.41
1790013760|20260922020240|935.26
1790013765|20260922020245|935.34
1790013770|20260922020250|935.30
1790013785|20260922020305|935.34
1790013790|20260922020310|935.33
1790013795|20260922020315|935.34
1790013800|20260922020320|935.37
1790013805|20260922020325|935.39
1790013815|20260922020335|935.46
1790013820|20260922020340|935.46
1790013830|20260922020350|935.42
1790013845|20260922020405|935.35
1790013850|20260922020410|935.33
1790013855|20260922020415|935.27
1790013860|20260922020420|935.26
1790013865|20260922020425|935.26
1790013875|20260922020435|935.41
1790013905|20260922020505|935.51
1790013910|20260922020510|935.46
1790013915|20260922020515|935.48
1790013920|20260922020520|935.46
1790013925|20260922020525|935.45
1790013935|20260922020535|935.46
1790013940|20260922020540|935.50
1790013945|20260922020545|935.48
1790013950|20260922020550|935.56
1790013955|20260922020555|935.54
1790013965|20260922020605|935.53
1790013970|20260922020610|935.90
1790013975|20260922020615|935.89
1790013980|20260922020620|935.82
1790013985|20260922020625|935.84
1790013995|20260922020635|935.84
1790014000|20260922020640|935.83
1790014005|20260922020645|935.85
1790014010|20260922020650|935.83
1790014015|20260922020655|935.87
1790014025|20260922020705|935.88
1790014030|20260922020710|935.87
1790014040|20260922020720|936.20
1790014045|20260922020725|936.18
1790014055|20260922020735|936.17
1790014060|20260922020740|936.16
1790014065|20260922020745|936.17
1790014085|20260922020805|936.30
1790014090|20260922020810|936.41
1790014095|20260922020815|936.50
1790014100|20260922020820|936.50
1790014105|20260922020825|936.47
1790014115|20260922020835|936.36
1790014120|20260922020840|936.36
1790014125|20260922020845|936.39
1790014130|20260922020850|936.37
1790014135|20260922020855|936.41
1790014145|20260922020905|936.42
1790014150|20260922020910|936.49
1790014155|20260922020915|936.41
1790014160|20260922020920|936.38
1790014165|20260922020925|936.37
1790014205|20260922021005|936.47
1790014210|20260922021010|936.51
1790014215|20260922021015|936.22
1790014220|20260922021020|936.21
1790014225|20260922021025|936.20
1790014235|20260922021035|936.18
1790014245|20260922021045|936.10
1790014255|20260922021055|936.04
1790014265|20260922021105|936.06
1790014270|20260922021110|936.22
1790014275|20260922021115|936.21
1790014280|20260922021120|936.24
1790014285|20260922021125|936.21
1790014295|20260922021135|936.37
1790014300|20260922021140|936.39
1790014305|20260922021145|936.39
1790014315|20260922021155|936.43
1790014325|20260922021205|936.44
1790014330|20260922021210|936.39
1790014335|20260922021215|936.39
1790014340|20260922021220|936.35
1790014345|20260922021225|936.20
1790014355|20260922021235|936.28
1790014360|20260922021240|936.30
1790014365|20260922021245|936.32
1790014370|20260922021250|936.33
1790014375|20260922021255|936.36
1790014385|20260922021305|936.40
1790014390|20260922021310|936.42
1790014395|20260922021315|936.47
1790014400|20260922021320|936.49
1790014405|20260922021325|936.56
1790014415|20260922021335|936.42
1790014420|20260922021340|936.36
1790014425|20260922021345|936.34
1790014430|20260922021350|936.36
1790014435|20260922021355|936.37
1790014445|20260922021405|936.40
1790014450|20260922021410|936.37
1790014455|20260922021415|936.43
1790014465|20260922021425|936.44
1790014505|20260922021505|936.38
1790014515|20260922021515|936.34
1790014525|20260922021525|936.37
1790014535|20260922021535|936.48
1790014540|20260922021540|936.49
1790014545|20260922021545|936.60
1790014550|20260922021550|936.59
1790014565|20260922021605|936.66
1790014570|20260922021610|936.57
1790014575|20260922021615|936.59
1790014580|20260922021620|936.65
1790014585|20260922021625|936.61
1790014595|20260922021635|936.46
1790014605|20260922021645|936.46
1790014610|20260922021650|936.59
1790014625|20260922021705|936.65
1790014630|20260922021710|936.65
1790014635|20260922021715|936.65
1790014640|20260922021720|936.75
1790014645|20260922021725|936.85
1790014660|20260922021740|936.90
1790014665|20260922021745|936.90
1790014685|20260922021805|936.77
1790014690|20260922021810|936.81
1790014695|20260922021815|936.87
1790014700|20260922021820|936.82
1790014720|20260922021840|936.66
1790014725|20260922021845|936.67
1790014735|20260922021855|936.67
1790014745|20260922021905|936.69
1790014760|20260922021920|936.69
1790014765|20260922021925|936.72
1790014795|20260922021955|936.54
1790014805|20260922022005|936.56
1790014810|20260922022010|936.55
1790014820|20260922022020|936.55
1790014825|20260922022025|936.53
1790014845|20260922022045|936.63
1790014850|20260922022050|936.60
1790014855|20260922022055|936.52
1790014865|20260922022105|936.52
1790014875|20260922022115|936.53
1790014880|20260922022120|936.66
1790014885|20260922022125|936.65
1790014900|20260922022140|936.45
1790014905|20260922022145|936.52
1790014915|20260922022155|936.52
1790014930|20260922022210|936.55
1790014935|20260922022215|936.59
1790014940|20260922022220|936.57
1790014945|20260922022225|936.44
1790014965|20260922022245|936.53
1790014970|20260922022250|936.50
1790014975|20260922022255|936.50
1790014990|20260922022310|936.52
1790014995|20260922022315|936.61
1790015000|20260922022320|936.65
1790015005|20260922022325|936.65
1790015020|20260922022340|936.62
1790015035|20260922022355|936.55
1790015050|20260922022410|936.50
1790015055|20260922022415|936.44
1790015060|20260922022420|936.44
1790015105|20260922022505|936.47
1790015110|20260922022510|936.47
1790015115|20260922022515|936.52
1790015125|20260922022525|936.46
1790015140|20260922022540|936.48
1790015145|20260922022545|936.48
1790015150|20260922022550|936.50
1790015155|20260922022555|936.53
1790015165|20260922022605|936.51
1790015175|20260922022615|936.55
1790015180|20260922022620|936.54
1790015185|20260922022625|936.44
1790015195|20260922022635|936.10
1790015200|20260922022640|936.14
1790015210|20260922022650|936.21
1790015215|20260922022655|936.25
1790015230|20260922022710|936.25
1790015235|20260922022715|936.22
1790015240|20260922022720|936.22
1790015245|20260922022725|936.17
1790015260|20260922022740|936.14
1790015265|20260922022745|936.15
1790015270|20260922022750|936.20
1790015275|20260922022755|936.17
1790015285|20260922022805|936.24
1790015290|20260922022810|936.22
1790015295|20260922022815|936.22
1790015300|20260922022820|936.25
1790015305|20260922022825|936.31
1790015320|20260922022840|936.32
1790015325|20260922022845|936.53
1790015330|20260922022850|936.54
1790015335|20260922022855|936.59
1790015350|20260922022910|936.47
1790015365|20260922022925|936.59
1790015380|20260922022940|936.48
1790015405|20260922023005|936.48
1790015410|20260922023010|936.30
1790015415|20260922023015|936.31
1790015420|20260922023020|936.36
1790015425|20260922023025|936.37
1790015435|20260922023035|936.41
1790015440|20260922023040|936.41
1790015445|20260922023045|936.40
1790015450|20260922023050|936.38
1790015455|20260922023055|936.33
1790015465|20260922023105|936.39
1790015470|20260922023110|936.36
1790015475|20260922023115|936.38
1790015480|20260922023120|936.33
1790015485|20260922023125|936.37
1790015495|20260922023135|936.41
1790015510|20260922023150|936.53
1790015515|20260922023155|936.62
1790015525|20260922023205|936.61
1790015530|20260922023210|936.49
1790015535|20260922023215|936.57
1790015540|20260922023220|936.55
1790015545|20260922023225|936.55
1790015555|20260922023235|936.52
1790015565|20260922023245|936.72
1790015570|20260922023250|936.56
1790015575|20260922023255|936.53
1790015585|20260922023305|936.51
1790015590|20260922023310|936.52
1790015595|20260922023315|936.39
1790015600|20260922023320|936.37
1790015605|20260922023325|936.36
1790015615|20260922023335|936.40
1790015620|20260922023340|936.36
1790015625|20260922023345|936.37
1790015645|20260922023405|936.32
1790015650|20260922023410|936.33
1790015655|20260922023415|936.34
1790015665|20260922023425|936.35
1790015705|20260922023505|936.24
1790015710|20260922023510|936.28
1790015715|20260922023515|936.22
1790015720|20260922023520|936.21
1790015725|20260922023525|936.21
1790015735|20260922023535|936.06
1790015740|20260922023540|936.06
1790015745|20260922023545|936.06
1790015750|20260922023550|935.94
1790015755|20260922023555|935.87
1790015765|20260922023605|935.94
1790015770|20260922023610|935.98
1790015775|20260922023615|935.99
1790015780|20260922023620|935.78
1790015785|20260922023625|935.74
1790015795|20260922023635|935.75
1790015800|20260922023640|935.74
1790015805|20260922023645|935.75
1790015830|20260922023710|935.76
1790015835|20260922023715|935.79
1790015840|20260922023720|935.78
1790015845|20260922023725|935.82
1790015860|20260922023740|935.87
1790015865|20260922023745|935.88
1790015885|20260922023805|935.85
1790015890|20260922023810|935.86
1790015895|20260922023815|935.79
1790015900|20260922023820|935.76
1790015905|20260922023825|935.77
1790015920|20260922023840|935.74
1790015930|20260922023850|935.77
1790015935|20260922023855|935.76
1790015945|20260922023905|935.74
1790015950|20260922023910|935.78
1790015955|20260922023915|935.77
1790015960|20260922023920|935.76
1790016000|20260922024000|935.76
1790016005|20260922024005|935.86
1790016010|20260922024010|935.82
1790016015|20260922024015|935.78
1790016020|20260922024020|935.87
1790016035|20260922024035|935.84
1790016040|20260922024040|935.84
1790016045|20260922024045|935.84
1790016050|20260922024050|935.80
1790016055|20260922024055|935.67
1790016065|20260922024105|935.69
1790016070|20260922024110|935.75
1790016075|20260922024115|935.80
1790016080|20260922024120|935.73
1790016085|20260922024125|935.63
1790016100|20260922024140|935.64
1790016105|20260922024145|935.64
1790016115|20260922024155|935.66
1790016125|20260922024205|935.63
1790016130|20260922024210|935.58
1790016135|20260922024215|935.56
1790016140|20260922024220|935.55
1790016155|20260922024235|935.62
1790016175|20260922024255|935.63
1790016185|20260922024305|935.63
1790016190|20260922024310|935.64
1790016195|20260922024315|935.64
1790016200|20260922024320|935.71
1790016205|20260922024325|935.69
1790016220|20260922024340|935.64
1790016225|20260922024345|935.63
1790016235|20260922024355|935.67
1790016255|20260922024415|935.63
1790016265|20260922024425|935.68
1790016305|20260922024505|935.76
1790016310|20260922024510|935.92
1790016315|20260922024515|935.87
1790016320|20260922024520|935.87
1790016335|20260922024535|935.78
1790016340|20260922024540|935.84
1790016345|20260922024545|935.89
1790016350|20260922024550|935.86
1790016365|20260922024605|935.74
1790016370|20260922024610|935.75
1790016375|20260922024615|935.76
1790016380|20260922024620|935.75
1790016385|20260922024625|935.74
1790016395|20260922024635|935.76
1790016400|20260922024640|935.75
1790016405|20260922024645|935.76
1790016410|20260922024650|935.75
1790016415|20260922024655|935.74
1790016425|20260922024705|935.69
1790016430|20260922024710|935.69
1790016435|20260922024715|935.75
1790016440|20260922024720|935.75
1790016460|20260922024740|935.98
1790016465|20260922024745|935.87
1790016485|20260922024805|935.84
1790016490|20260922024810|935.80
1790016495|20260922024815|935.92
1790016500|20260922024820|935.93
1790016505|20260922024825|935.91
1790016515|20260922024835|935.88
1790016525|20260922024845|935.89
1790016530|20260922024850|935.84
1790016545|20260922024905|935.88
1790016550|20260922024910|935.88
1790016555|20260922024915|935.84
1790016560|20260922024920|935.88
1790016565|20260922024925|935.88
1790016590|20260922024950|935.82
1790016605|20260922025005|935.94
1790016615|20260922025015|935.93
1790016625|20260922025025|935.93
1790016635|20260922025035|935.89
1790016640|20260922025040|935.99
1790016650|20260922025050|936.02
1790016665|20260922025105|936.00
1790016670|20260922025110|935.98
1790016675|20260922025115|935.97
1790016680|20260922025120|935.98
1790016695|20260922025135|935.87
1790016705|20260922025145|935.88
1790016710|20260922025150|935.84
1790016725|20260922025205|935.98
1790016730|20260922025210|936.03
1790016735|20260922025215|936.02
1790016740|20260922025220|936.04
1790016745|20260922025225|936.00
1790016755|20260922025235|936.09
1790016765|20260922025245|936.07
1790016770|20260922025250|936.07
1790016775|20260922025255|936.08
1790016785|20260922025305|936.05
1790016790|20260922025310|936.03
1790016795|20260922025315|935.98
1790016800|20260922025320|936.01
1790016805|20260922025325|936.03
1790016815|20260922025335|936.02
1790016820|20260922025340|936.06
1790016825|20260922025345|936.06
1790016850|20260922025410|936.07
1790016860|20260922025420|936.08
1790016865|20260922025425|936.11
1790016900|20260922025500|935.80
1790016905|20260922025505|935.83
1790016910|20260922025510|935.86
1790016915|20260922025515|935.86
1790016920|20260922025520|935.88
1790016925|20260922025525|935.88
1790016940|20260922025540|935.89
1790016945|20260922025545|935.89
1790016950|20260922025550|935.89
1790016955|20260922025555|935.90
1790016965|20260922025605|935.97
1790016970|20260922025610|935.94
1790016980|20260922025620|935.97
1790016985|20260922025625|935.97
1790017005|20260922025645|935.97
1790017010|20260922025650|936.00
1790017025|20260922025705|936.00
1790017030|20260922025710|935.88
1790017035|20260922025715|935.90
1790017040|20260922025720|935.87
1790017045|20260922025725|935.86
1790017055|20260922025735|935.90
1790017060|20260922025740|935.80
1790017070|20260922025750|935.77
1790017085|20260922025805|935.67
1790017090|20260922025810|935.67
1790017095|20260922025815|935.75
1790017100|20260922025820|935.74
1790017105|20260922025825|935.73
1790017115|20260922025835|935.69
1790017120|20260922025840|935.69
1790017125|20260922025845|935.58
1790017130|20260922025850|935.61
1790017135|20260922025855|935.66
1790017145|20260922025905|935.54
1790017155|20260922025915|935.64
1790017160|20260922025920|935.62
1790017200|20260922030000|935.54
1790017210|20260922030010|935.51
1790017215|20260922030015|935.42
1790017225|20260922030025|935.50
1790017250|20260922030050|935.28
1790017265|20260922030105|935.23
1790017270|20260922030110|935.23
1790017275|20260922030115|935.23
1790017285|20260922030125|935.20
1790017295|20260922030135|935.16
1790017300|20260922030140|935.16
1790017305|20260922030145|935.14
1790017310|20260922030150|935.11
1790017315|20260922030155|935.09
1790017325|20260922030205|934.93
1790017330|20260922030210|934.93
1790017340|20260922030220|935.16
1790017345|20260922030225|935.12
1790017360|20260922030240|935.07
1790017385|20260922030305|935.01
1790017395|20260922030315|935.00
1790017400|20260922030320|935.02
1790017405|20260922030325|935.00
1790017420|20260922030340|935.04
1790017425|20260922030345|935.03
1790017430|20260922030350|935.03
1790017435|20260922030355|934.94
1790017445|20260922030405|934.81
1790017450|20260922030410|934.81
1790017455|20260922030415|934.81
1790017460|20260922030420|934.76
1790017505|20260922030505|934.90
1790017510|20260922030510|934.89
1790017520|20260922030520|935.00
1790017525|20260922030525|934.90
1790017535|20260922030535|934.96
1790017545|20260922030545|934.96
1790017550|20260922030550|934.99
1790017555|20260922030555|934.98
1790017575|20260922030615|934.87
1790017580|20260922030620|934.87
1790017595|20260922030635|934.76
1790017600|20260922030640|934.72
1790017610|20260922030650|934.86
1790017615|20260922030655|934.98
1790017625|20260922030705|935.01
1790017630|20260922030710|934.92
1790017635|20260922030715|934.90
1790017640|20260922030720|934.94
1790017655|20260922030735|934.91
1790017660|20260922030740|934.87
1790017665|20260922030745|934.87
1790017670|20260922030750|934.86
1790017675|20260922030755|934.93
1790017685|20260922030805|935.09
1790017690|20260922030810|935.08
1790017695|20260922030815|934.94
1790017700|20260922030820|934.94
1790017715|20260922030835|934.99
1790017725|20260922030845|935.16
1790017735|20260922030855|935.18
1790017750|20260922030910|935.19
1790017755|20260922030915|935.19
1790017760|20260922030920|935.31
1790017765|20260922030925|935.31
1790017800|20260922031000|935.44
1790017805|20260922031005|935.45
1790017815|20260922031015|935.43
1790017820|20260922031020|935.48
1790017825|20260922031025|935.45
1790017835|20260922031035|935.31
1790017840|20260922031040|935.29
1790017850|20260922031050|935.30
1790017855|20260922031055|935.31
1790017865|20260922031105|935.37
1790017870|20260922031110|935.39
1790017875|20260922031115|935.41
1790017880|20260922031120|935.21
1790017885|20260922031125|935.30
1790017895|20260922031135|935.34
1790017905|20260922031145|935.39
1790017910|20260922031150|935.52
1790017915|20260922031155|935.50
1790017925|20260922031205|935.44
1790017930|20260922031210|935.53
1790017935|20260922031215|935.41
1790017945|20260922031225|935.53
1790017960|20260922031240|935.47
1790017965|20260922031245|935.47
1790017970|20260922031250|935.50
1790017985|20260922031305|935.44
1790017995|20260922031315|935.36
1790018000|20260922031320|935.36
1790018005|20260922031325|935.44
1790018015|20260922031335|935.47
1790018025|20260922031345|935.51
1790018035|20260922031355|935.57
1790018045|20260922031405|935.61
1790018050|20260922031410|935.56
1790018055|20260922031415|935.61
1790018060|20260922031420|935.67
1790018065|20260922031425|935.56
1790018105|20260922031505|935.47
1790018115|20260922031515|935.33
1790018120|20260922031520|935.36
1790018125|20260922031525|935.33
1790018135|20260922031535|935.41
1790018140|20260922031540|935.37
1790018145|20260922031545|935.42
1790018155|20260922031555|935.34
1790018165|20260922031605|935.37
1790018175|20260922031615|935.45
1790018185|20260922031625|935.48
1790018195|20260922031635|935.56
1790018205|20260922031645|935.58
1790018210|20260922031650|935.58
1790018215|20260922031655|935.59
1790018230|20260922031710|935.45
1790018235|20260922031715|935.44
1790018240|20260922031720|935.44
1790018245|20260922031725|935.53
1790018255|20260922031735|935.50
1790018260|20260922031740|935.45
1790018265|20260922031745|935.42
1790018270|20260922031750|935.35
1790018275|20260922031755|935.35
1790018285|20260922031805|935.38
1790018295|20260922031815|935.36
1790018300|20260922031820|935.35
1790018305|20260922031825|935.40
1790018315|20260922031835|935.39
1790018320|20260922031840|935.40
1790018325|20260922031845|935.40
1790018330|20260922031850|935.43
1790018335|20260922031855|935.42
1790018345|20260922031905|935.45
1790018355|20260922031915|935.39
1790018360|20260922031920|935.45
1790018365|20260922031925|935.44
1790018400|20260922032000|935.31
1790018405|20260922032005|935.31
1790018410|20260922032010|935.31
1790018420|20260922032020|935.34
1790018425|20260922032025|935.32
1790018435|20260922032035|935.36
1790018440|20260922032040|935.40
1790018450|20260922032050|935.44
1790018465|20260922032105|935.51
1790018470|20260922032110|935.54
1790018475|20260922032115|935.52
1790018480|20260922032120|935.52
1790018485|20260922032125|935.52
1790018495|20260922032135|935.62
1790018500|20260922032140|935.60
1790018505|20260922032145|935.60
1790018510|20260922032150|935.61
1790018515|20260922032155|935.48
1790018525|20260922032205|935.40
1790018530|20260922032210|935.40
1790018555|20260922032235|935.48
1790018560|20260922032240|935.47
1790018565|20260922032245|935.52
1790018570|20260922032250|935.52
1790018585|20260922032305|935.61
1790018590|20260922032310|935.60
1790018595|20260922032315|935.61
1790018600|20260922032320|935.68
1790018620|20260922032340|935.59
1790018625|20260922032345|935.58
1790018635|20260922032355|935.61
1790018645|20260922032405|935.62
1790018660|20260922032420|935.63
1790018700|20260922032500|935.56
1790018705|20260922032505|935.52
1790018720|20260922032520|935.52
1790018725|20260922032525|935.42
1790018735|20260922032535|935.39
1790018765|20260922032605|935.56
1790018775|20260922032615|935.52
1790018785|20260922032625|935.55
1790018795|20260922032635|935.61
1790018805|20260922032645|935.71
1790018825|20260922032705|935.85
1790018835|20260922032715|935.89
1790018840|20260922032720|935.88
1790018845|20260922032725|935.87
1790018855|20260922032735|935.94
1790018860|20260922032740|935.94
1790018865|20260922032745|936.06
1790018870|20260922032750|936.10
1790018885|20260922032805|936.29
1790018890|20260922032810|936.35
1790018915|20260922032835|936.37
1790018920|20260922032840|936.39
1790018925|20260922032845|936.38
1790018935|20260922032855|936.31
1790018945|20260922032905|936.31
1790018950|20260922032910|936.35
1790018955|20260922032915|936.35
1790018960|20260922032920|936.33
1790018965|20260922032925|936.34
1790019000|20260922033000|936.12
1790019005|20260922033005|936.13
1790019010|20260922033010|936.24
1790019015|20260922033015|936.24
1790019020|20260922033020|936.24
1790019025|20260922033025|936.25
1790019045|20260922033045|936.23
1790019055|20260922033055|936.32
1790019065|20260922033105|936.44
1790019070|20260922033110|936.39
1790019075|20260922033115|936.41
1790019095|20260922033135|936.52
1790019100|20260922033140|936.50
1790019105|20260922033145|936.65
1790019110|20260922033150|936.68
1790019125|20260922033205|936.66
1790019130|20260922033210|936.65
1790019135|20260922033215|936.74
1790019140|20260922033220|936.75
1790019145|20260922033225|936.76
1790019155|20260922033235|936.85
1790019160|20260922033240|936.82
1790019165|20260922033245|936.78
1790019170|20260922033250|936.78
1790019190|20260922033310|936.80
1790019195|20260922033315|936.77
1790019200|20260922033320|936.80
1790019205|20260922033325|936.81
1790019215|20260922033335|936.88
1790019220|20260922033340|936.84
1790019225|20260922033345|936.85
1790019245|20260922033405|936.73
1790019255|20260922033415|936.94
1790019260|20260922033420|936.93
1790019265|20260922033425|936.98
1790019305|20260922033505|936.87
1790019310|20260922033510|936.78
1790019315|20260922033515|936.79
1790019320|20260922033520|936.76
1790019325|20260922033525|936.94
1790019335|20260922033535|937.07
1790019340|20260922033540|936.97
1790019350|20260922033550|937.08
1790019355|20260922033555|937.07
1790019365|20260922033605|937.01
1790019370|20260922033610|936.95
1790019435|20260922033715|937.00
