1787673605|20260826000005|1005.25
1787673615|20260826000015|1005.32
1787673620|20260826000020|1005.27
1787673625|20260826000025|1005.06
1787673635|20260826000035|1005.03
1787673640|20260826000040|1004.95
1787673650|20260826000050|1004.91
1787673655|20260826000055|1004.98
1787673660|20260826000100|1005.09
1787673665|20260826000105|1005.25
1787673670|20260826000110|1005.28
1787673675|20260826000115|1005.25
1787673680|20260826000120|1005.17
1787673685|20260826000125|1004.98
1787673695|20260826000135|1005.19
1787673700|20260826000140|1005.18
1787673705|20260826000145|1005.32
1787673710|20260826000150|1005.25
1787673715|20260826000155|1005.18
1787673720|20260826000200|1004.92
1787673735|20260826000215|1005.12
1787673740|20260826000220|1005.11
1787673755|20260826000235|1005.35
1787673760|20260826000240|1005.26
1787673765|20260826000245|1005.16
1787673770|20260826000250|1005.09
1787673775|20260826000255|1005.11
1787673780|20260826000300|1005.04
1787673785|20260826000305|1004.89
1787673790|20260826000310|1004.96
1787673800|20260826000320|1004.80
1787673815|20260826000335|1004.75
1787673820|20260826000340|1004.79
1787673825|20260826000345|1004.80
1787673835|20260826000355|1004.67
1787673850|20260826000410|1004.48
1787673855|20260826000415|1004.43
1787673860|20260826000420|1004.35
1787673865|20260826000425|1004.36
1787673900|20260826000500|1004.30
1787673905|20260826000505|1004.31
1787673910|20260826000510|1004.27
1787673915|20260826000515|1004.28
1787673920|20260826000520|1004.27
1787673925|20260826000525|1004.23
1787673935|20260826000535|1003.95
1787673940|20260826000540|1003.95
1787673950|20260826000550|1004.14
1787673955|20260826000555|1004.25
1787673960|20260826000600|1004.30
1787673965|20260826000605|1004.21
1787673970|20260826000610|1004.24
1787673980|20260826000620|1004.35
1787673985|20260826000625|1004.35
1787673995|20260826000635|1004.44
1787674000|20260826000640|1004.41
1787674010|20260826000650|1004.46
1787674015|20260826000655|1004.39
1787674020|20260826000700|1004.27
1787674025|20260826000705|1004.25
1787674030|20260826000710|1004.26
1787674035|20260826000715|1004.25
1787674040|20260826000720|1004.29
1787674045|20260826000725|1004.38
1787674055|20260826000735|1004.45
1787674060|20260826000740|1004.48
1787674070|20260826000750|1004.37
1787674080|20260826000800|1004.27
1787674085|20260826000805|1004.23
1787674090|20260826000810|1004.23
1787674095|20260826000815|1004.13
1787674100|20260826000820|1004.19
1787674105|20260826000825|1004.21
1787674115|20260826000835|1004.22
1787674125|20260826000845|1004.22
1787674130|20260826000850|1004.19
1787674145|20260826000905|1004.18
1787674150|20260826000910|1004.14
1787674155|20260826000915|1004.07
1787674160|20260826000920|1004.04
1787674165|20260826000925|1004.06
1787674205|20260826001005|1003.63
1787674210|20260826001010|1003.59
1787674215|20260826001015|1003.59
1787674220|20260826001020|1003.48
1787674225|20260826001025|1003.48
1787674235|20260826001035|1003.43
1787674240|20260826001040|1003.49
1787674245|20260826001045|1003.50
1787674250|20260826001050|1003.49
1787674255|20260826001055|1003.36
1787674265|20260826001105|1003.32
1787674270|20260826001110|1003.33
1787674275|20260826001115|1003.33
1787674280|20260826001120|1003.20
1787674285|20260826001125|1003.26
1787674310|20260826001150|1003.29
1787674315|20260826001155|1003.27
1787674320|20260826001200|1003.44
1787674325|20260826001205|1003.28
1787674330|20260826001210|1003.29
1787674335|20260826001215|1003.31
1787674340|20260826001220|1003.33
1787674345|20260826001225|1003.62
1787674355|20260826001235|1003.82
1787674360|20260826001240|1003.79
1787674365|20260826001245|1003.76
1787674370|20260826001250|1003.63
1787674380|20260826001300|1003.74
1787674390|20260826001310|1003.73
1787674395|20260826001315|1003.76
1787674400|20260826001320|1003.79
1787674405|20260826001325|1003.77
1787674420|20260826001340|1003.66
1787674425|20260826001345|1003.56
1787674435|20260826001355|1003.57
1787674440|20260826001400|1003.58
1787674445|20260826001405|1003.63
1787674450|20260826001410|1003.56
1787674455|20260826001415|1003.57
1787674460|20260826001420|1003.56
1787674465|20260826001425|1003.52
1787674495|20260826001455|1003.55
1787674500|20260826001500|1003.61
1787674505|20260826001505|1003.20
1787674510|20260826001510|1003.22
1787674515|20260826001515|1003.22
1787674520|20260826001520|1003.05
1787674525|20260826001525|1003.13
1787674535|20260826001535|1003.35
1787674540|20260826001540|1003.35
1787674545|20260826001545|1003.43
1787674550|20260826001550|1003.40
1787674555|20260826001555|1003.39
1787674560|20260826001600|1003.35
1787674565|20260826001605|1003.37
1787674570|20260826001610|1003.38
1787674575|20260826001615|1003.39
1787674580|20260826001620|1003.41
1787674585|20260826001625|1003.47
1787674595|20260826001635|1003.79
1787674600|20260826001640|1003.77
1787674605|20260826001645|1003.75
1787674610|20260826001650|1003.66
1787674615|20260826001655|1003.78
1787674620|20260826001700|1003.67
1787674625|20260826001705|1003.67
1787674640|20260826001720|1003.67
1787674645|20260826001725|1003.90
1787674655|20260826001735|1003.91
1787674660|20260826001740|1003.85
1787674665|20260826001745|1003.92
1787674670|20260826001750|1003.69
1787674675|20260826001755|1003.63
1787674685|20260826001805|1003.65
1787674690|20260826001810|1003.69
1787674695|20260826001815|1003.86
1787674700|20260826001820|1004.05
1787674705|20260826001825|1004.06
1787674715|20260826001835|1003.92
1787674720|20260826001840|1003.92
1787674725|20260826001845|1003.96
1787674735|20260826001855|1003.88
1787674745|20260826001905|1003.73
1787674750|20260826001910|1003.73
1787674755|20260826001915|1003.68
1787674760|20260826001920|1003.70
1787674800|20260826002000|1003.16
1787674805|20260826002005|1003.18
1787674810|20260826002010|1003.21
1787674815|20260826002015|1003.21
1787674820|20260826002020|1003.21
1787674825|20260826002025|1003.09
1787674835|20260826002035|1002.69
1787674840|20260826002040|1002.70
1787674845|20260826002045|1002.72
1787674850|20260826002050|1002.72
1787674855|20260826002055|1002.93
1787674865|20260826002105|1002.89
1787674870|20260826002110|1002.68
1787674875|20260826002115|1002.43
1787674880|20260826002120|1002.37
1787674885|20260826002125|1002.38
1787674895|20260826002135|1002.34
1787674900|20260826002140|1002.30
1787674905|20260826002145|1002.28
1787674910|20260826002150|1002.40
1787674915|20260826002155|1002.45
1787674925|20260826002205|1002.39
1787674940|20260826002220|1002.42
1787674960|20260826002240|1002.40
1787674965|20260826002245|1002.24
1787674975|20260826002255|1002.33
1787674985|20260826002305|1002.26
1787674990|20260826002310|1002.25
1787675005|20260826002325|1002.56
1787675015|20260826002335|1002.58
1787675020|20260826002340|1002.49
1787675030|20260826002350|1002.52
1787675035|20260826002355|1002.48
1787675050|20260826002410|1002.43
1787675055|20260826002415|1002.45
1787675060|20260826002420|1002.47
1787675105|20260826002505|1002.62
1787675110|20260826002510|1002.64
1787675115|20260826002515|1002.74
1787675120|20260826002520|1002.49
1787675135|20260826002535|1002.64
1787675140|20260826002540|1002.70
1787675155|20260826002555|1002.93
1787675170|20260826002610|1002.95
1787675175|20260826002615|1003.09
1787675180|20260826002620|1002.94
1787675185|20260826002625|1002.68
1787675195|20260826002635|1002.83
1787675205|20260826002645|1002.86
1787675210|20260826002650|1002.73
1787675215|20260826002655|1002.74
1787675230|20260826002710|1002.63
1787675235|20260826002715|1002.61
1787675240|20260826002720|1002.72
1787675245|20260826002725|1003.03
1787675255|20260826002735|1002.82
1787675260|20260826002740|1002.80
1787675265|20260826002745|1002.75
1787675270|20260826002750|1002.81
1787675275|20260826002755|1002.89
1787675280|20260826002800|1002.97
1787675285|20260826002805|1003.03
1787675290|20260826002810|1002.85
1787675295|20260826002815|1002.85
1787675300|20260826002820|1002.88
1787675305|20260826002825|1002.84
1787675315|20260826002835|1002.95
1787675320|20260826002840|1002.84
1787675330|20260826002850|1002.82
1787675335|20260826002855|1002.87
1787675340|20260826002900|1002.86
1787675345|20260826002905|1002.86
1787675350|20260826002910|1002.84
1787675355|20260826002915|1002.81
1787675360|20260826002920|1002.78
1787675365|20260826002925|1002.78
1787675410|20260826003010|1002.54
1787675420|20260826003020|1002.78
1787675425|20260826003025|1002.40
1787675435|20260826003035|1002.59
1787675440|20260826003040|1002.73
1787675445|20260826003045|1002.66
1787675450|20260826003050|1002.77
1787675470|20260826003110|1002.55
1787675475|20260826003115|1002.47
1787675480|20260826003120|1002.52
1787675485|20260826003125|1002.53
1787675495|20260826003135|1002.61
1787675505|20260826003145|1002.69
1787675510|20260826003150|1002.60
1787675515|20260826003155|1002.63
1787675520|20260826003200|1002.60
1787675525|20260826003205|1002.82
1787675530|20260826003210|1002.80
1787675535|20260826003215|1002.83
1787675540|20260826003220|1002.78
1787675555|20260826003235|1002.94
1787675560|20260826003240|1002.95
1787675565|20260826003245|1002.95
1787675570|20260826003250|1002.87
1787675575|20260826003255|1002.88
1787675585|20260826003305|1002.89
1787675590|20260826003310|1002.86
1787675595|20260826003315|1002.75
1787675600|20260826003320|1002.82
1787675605|20260826003325|1002.79
1787675615|20260826003335|1002.80
1787675625|20260826003345|1002.90
1787675630|20260826003350|1002.92
1787675635|20260826003355|1002.92
1787675640|20260826003400|1002.93
1787675645|20260826003405|1002.54
1787675650|20260826003410|1002.56
1787675655|20260826003415|1002.56
1787675660|20260826003420|1002.50
1787675700|20260826003500|1002.22
1787675705|20260826003505|1002.24
1787675710|20260826003510|1002.14
1787675720|20260826003520|1001.97
1787675725|20260826003525|1001.98
1787675735|20260826003535|1002.18
1787675740|20260826003540|1002.13
1787675745|20260826003545|1002.18
1787675750|20260826003550|1002.22
1787675755|20260826003555|1002.27
1787675760|20260826003600|1002.32
1787675770|20260826003610|1002.58
1787675775|20260826003615|1002.66
1787675780|20260826003620|1002.71
1787675785|20260826003625|1002.69
1787675795|20260826003635|1002.81
1787675800|20260826003640|1002.90
1787675810|20260826003650|1002.95
1787675815|20260826003655|1002.89
1787675825|20260826003705|1002.86
1787675830|20260826003710|1002.91
1787675835|20260826003715|1003.03
1787675840|20260826003720|1002.99
1787675845|20260826003725|1003.08
1787675855|20260826003735|1002.97
1787675860|20260826003740|1003.01
1787675870|20260826003750|1003.06
1787675875|20260826003755|1003.15
1787675885|20260826003805|1003.23
1787675890|20260826003810|1003.23
1787675895|20260826003815|1003.35
1787675900|20260826003820|1003.33
1787675905|20260826003825|1003.34
1787675915|20260826003835|1003.35
1787675920|20260826003840|1003.38
1787675925|20260826003845|1003.38
1787675930|20260826003850|1003.42
1787675935|20260826003855|1003.47
1787675940|20260826003900|1003.58
1787675950|20260826003910|1003.57
1787675960|20260826003920|1003.66
1787675965|20260826003925|1003.65
1787676000|20260826004000|1003.57
1787676005|20260826004005|1003.58
1787676010|20260826004010|1003.49
1787676015|20260826004015|1003.42
1787676020|20260826004020|1003.43
1787676035|20260826004035|1003.46
1787676045|20260826004045|1003.31
1787676050|20260826004050|1003.31
1787676060|20260826004100|1003.25
1787676070|20260826004110|1003.27
1787676080|20260826004120|1003.46
1787676085|20260826004125|1003.37
1787676090|20260826004130|1003.42
1787676095|20260826004135|1003.44
1787676100|20260826004140|1003.39
1787676105|20260826004145|1003.39
1787676115|20260826004155|1003.23
1787676125|20260826004205|1003.26
1787676130|20260826004210|1003.35
1787676135|20260826004215|1003.39
1787676140|20260826004220|1003.41
1787676145|20260826004225|1003.42
1787676160|20260826004240|1003.63
1787676170|20260826004250|1003.58
1787676175|20260826004255|1003.61
1787676180|20260826004300|1003.57
1787676185|20260826004305|1003.52
1787676190|20260826004310|1003.52
1787676195|20260826004315|1003.47
1787676200|20260826004320|1003.42
1787676205|20260826004325|1003.38
1787676220|20260826004340|1003.25
1787676225|20260826004345|1003.29
1787676230|20260826004350|1003.27
1787676235|20260826004355|1003.35
1787676245|20260826004405|1003.35
1787676250|20260826004410|1003.31
1787676255|20260826004415|1003.35
1787676260|20260826004420|1003.26
1787676265|20260826004425|1003.35
1787676290|20260826004450|1003.56
1787676300|20260826004500|1003.50
1787676305|20260826004505|1003.46
1787676315|20260826004515|1003.03
1787676320|20260826004520|1003.04
1787676325|20260826004525|1003.05
1787676335|20260826004535|1003.17
1787676340|20260826004540|1003.11
1787676350|20260826004550|1003.23
1787676365|20260826004605|1003.14
1787676370|20260826004610|1003.10
1787676380|20260826004620|1003.23
1787676385|20260826004625|1003.24
1787676400|20260826004640|1003.32
1787676405|20260826004645|1003.32
1787676410|20260826004650|1003.31
1787676415|20260826004655|1003.27
1787676430|20260826004710|1003.15
1787676435|20260826004715|1003.15
1787676440|20260826004720|1003.16
1787676455|20260826004735|1003.30
1787676460|20260826004740|1003.34
1787676465|20260826004745|1003.19
1787676470|20260826004750|1003.12
1787676475|20260826004755|1003.12
1787676480|20260826004800|1003.23
1787676485|20260826004805|1003.23
1787676490|20260826004810|1003.28
1787676495|20260826004815|1003.21
1787676500|20260826004820|1003.21
1787676505|20260826004825|1003.23
1787676515|20260826004835|1003.46
1787676520|20260826004840|1003.49
1787676525|20260826004845|1003.63
1787676530|20260826004850|1003.60
1787676535|20260826004855|1003.55
1787676540|20260826004900|1003.57
1787676545|20260826004905|1003.55
1787676550|20260826004910|1003.49
1787676555|20260826004915|1003.46
1787676560|20260826004920|1003.47
1787676565|20260826004925|1003.56
1787676615|20260826005015|1003.68
1787676620|20260826005020|1003.73
1787676625|20260826005025|1003.70
1787676635|20260826005035|1003.70
1787676640|20260826005040|1003.75
1787676655|20260826005055|1003.71
1787676660|20260826005100|1003.75
1787676665|20260826005105|1003.49
1787676670|20260826005110|1003.39
1787676675|20260826005115|1003.47
1787676680|20260826005120|1003.49
1787676685|20260826005125|1003.46
1787676695|20260826005135|1003.62
1787676705|20260826005145|1003.68
1787676710|20260826005150|1003.70
1787676715|20260826005155|1003.69
1787676725|20260826005205|1003.80
1787676730|20260826005210|1003.91
1787676735|20260826005215|1003.83
1787676740|20260826005220|1003.77
1787676745|20260826005225|1003.80
1787676755|20260826005235|1003.74
1787676760|20260826005240|1003.77
1787676765|20260826005245|1003.80
1787676770|20260826005250|1003.80
1787676775|20260826005255|1003.79
1787676780|20260826005300|1003.76
1787676785|20260826005305|1003.78
1787676790|20260826005310|1003.89
1787676795|20260826005315|1003.88
1787676800|20260826005320|1003.78
1787676805|20260826005325|1003.79
1787676815|20260826005335|1003.72
1787676820|20260826005340|1003.83
1787676830|20260826005350|1003.88
1787676835|20260826005355|1003.88
1787676840|20260826005400|1003.88
1787676845|20260826005405|1003.82
1787676850|20260826005410|1003.82
1787676855|20260826005415|1003.77
1787676860|20260826005420|1003.59
1787676865|20260826005425|1003.62
1787676900|20260826005500|1003.49
1787676910|20260826005510|1003.28
1787676915|20260826005515|1003.29
1787676920|20260826005520|1003.27
1787676935|20260826005535|1003.37
1787676940|20260826005540|1003.38
1787676945|20260826005545|1003.32
1787676950|20260826005550|1003.33
1787676955|20260826005555|1003.40
1787676965|20260826005605|1003.43
1787676975|20260826005615|1003.35
1787676980|20260826005620|1003.31
1787676985|20260826005625|1003.38
1787676995|20260826005635|1003.36
1787677000|20260826005640|1003.40
1787677015|20260826005655|1003.43
1787677020|20260826005700|1003.47
1787677025|20260826005705|1003.39
1787677035|20260826005715|1003.33
1787677040|20260826005720|1003.33
1787677045|20260826005725|1003.29
1787677055|20260826005735|1003.23
1787677060|20260826005740|1003.25
1787677065|20260826005745|1003.27
1787677070|20260826005750|1002.83
1787677075|20260826005755|1002.67
1787677085|20260826005805|1002.74
1787677090|20260826005810|1002.83
1787677095|20260826005815|1002.76
1787677100|20260826005820|1002.78
1787677105|20260826005825|1002.78
1787677115|20260826005835|1002.70
1787677120|20260826005840|1002.79
1787677125|20260826005845|1002.81
1787677130|20260826005850|1002.89
1787677135|20260826005855|1002.94
1787677145|20260826005905|1002.93
1787677150|20260826005910|1002.94
1787677155|20260826005915|1003.01
1787677160|20260826005920|1003.00
1787677165|20260826005925|1003.02
1787677200|20260826010000|1003.44
1787677205|20260826010005|1003.27
1787677210|20260826010010|1003.16
1787677215|20260826010015|1003.14
1787677220|20260826010020|1002.89
1787677235|20260826010035|1002.84
1787677240|20260826010040|1002.86
1787677245|20260826010045|1002.80
1787677250|20260826010050|1002.83
1787677255|20260826010055|1002.91
1787677265|20260826010105|1002.92
1787677270|20260826010110|1002.85
1787677275|20260826010115|1002.91
1787677280|20260826010120|1002.93
1787677285|20260826010125|1002.92
1787677295|20260826010135|1002.87
1787677300|20260826010140|1002.81
1787677305|20260826010145|1002.87
1787677310|20260826010150|1002.88
1787677315|20260826010155|1002.80
1787677330|20260826010210|1002.84
1787677335|20260826010215|1002.60
1787677340|20260826010220|1002.73
1787677345|20260826010225|1002.82
1787677355|20260826010235|1002.62
1787677360|20260826010240|1002.63
1787677365|20260826010245|1002.55
1787677370|20260826010250|1002.55
1787677375|20260826010255|1002.57
1787677385|20260826010305|1002.47
1787677390|20260826010310|1002.32
1787677400|20260826010320|1002.40
1787677405|20260826010325|1002.39
1787677415|20260826010335|1002.42
1787677425|20260826010345|1002.41
1787677435|20260826010355|1002.48
1787677445|20260826010405|1002.44
1787677450|20260826010410|1002.47
1787677455|20260826010415|1002.37
1787677460|20260826010420|1002.44
1787677465|20260826010425|1002.41
1787677480|20260826010440|1002.75
1787677505|20260826010505|1002.65
1787677510|20260826010510|1002.47
1787677515|20260826010515|1002.50
1787677520|20260826010520|1002.44
1787677525|20260826010525|1002.44
1787677535|20260826010535|1002.51
1787677540|20260826010540|1002.35
1787677550|20260826010550|1002.34
1787677555|20260826010555|1002.42
1787677565|20260826010605|1002.36
1787677570|20260826010610|1002.40
1787677575|20260826010615|1002.41
1787677580|20260826010620|1002.46
1787677585|20260826010625|1002.38
1787677595|20260826010635|1002.41
1787677600|20260826010640|1002.43
1787677605|20260826010645|1002.47
1787677610|20260826010650|1002.46
1787677615|20260826010655|1002.44
1787677620|20260826010700|1002.34
1787677625|20260826010705|1002.34
1787677630|20260826010710|1002.38
1787677635|20260826010715|1002.37
1787677645|20260826010725|1002.23
1787677655|20260826010735|1002.08
1787677660|20260826010740|1002.14
1787677665|20260826010745|1002.21
1787677670|20260826010750|1002.25
1787677675|20260826010755|1002.28
1787677680|20260826010800|1002.18
1787677685|20260826010805|1002.20
1787677690|20260826010810|1002.27
1787677695|20260826010815|1002.27
1787677700|20260826010820|1002.11
1787677705|20260826010825|1002.16
1787677715|20260826010835|1002.11
1787677720|20260826010840|1002.03
1787677725|20260826010845|1001.57
1787677730|20260826010850|1001.62
1787677735|20260826010855|1001.61
1787677745|20260826010905|1001.71
1787677750|20260826010910|1001.69
1787677755|20260826010915|1001.66
1787677760|20260826010920|1001.57
1787677765|20260826010925|1001.58
1787677800|20260826011000|1001.64
1787677805|20260826011005|1001.74
1787677810|20260826011010|1001.73
1787677815|20260826011015|1001.70
1787677820|20260826011020|1001.68
1787677825|20260826011025|1001.78
1787677835|20260826011035|1001.77
1787677840|20260826011040|1001.80
1787677845|20260826011045|1001.87
1787677850|20260826011050|1001.87
1787677855|20260826011055|1001.88
1787677865|20260826011105|1001.77
1787677870|20260826011110|1001.71
1787677875|20260826011115|1001.72
1787677880|20260826011120|1001.57
1787677885|20260826011125|1001.50
1787677895|20260826011135|1001.43
1787677900|20260826011140|1001.46
1787677905|20260826011145|1001.54
1787677910|20260826011150|1001.74
1787677915|20260826011155|1001.76
1787677920|20260826011200|1001.70
1787677925|20260826011205|1001.66
1787677930|20260826011210|1001.71
1787677935|20260826011215|1001.69
1787677940|20260826011220|1001.68
1787677945|20260826011225|1001.68
1787677955|20260826011235|1001.97
1787677960|20260826011240|1002.05
1787677965|20260826011245|1002.08
1787677970|20260826011250|1001.99
1787677975|20260826011255|1002.11
1787677980|20260826011300|1002.09
1787677985|20260826011305|1002.16
1787677990|20260826011310|1002.10
1787677995|20260826011315|1002.08
1787678000|20260826011320|1002.08
1787678005|20260826011325|1002.14
1787678015|20260826011335|1002.18
1787678020|20260826011340|1002.18
1787678025|20260826011345|1002.18
1787678030|20260826011350|1002.17
1787678035|20260826011355|1002.14
1787678040|20260826011400|1002.10
1787678045|20260826011405|1002.13
1787678050|20260826011410|1002.29
1787678060|20260826011420|1002.34
1787678065|20260826011425|1002.34
1787678100|20260826011500|1002.09
1787678105|20260826011505|1002.11
1787678110|20260826011510|1002.10
1787678115|20260826011515|1002.08
1787678120|20260826011520|1002.01
1787678125|20260826011525|1001.72
1787678140|20260826011540|1001.59
1787678145|20260826011545|1001.69
1787678155|20260826011555|1001.75
1787678165|20260826011605|1001.77
1787678170|20260826011610|1001.89
1787678175|20260826011615|1001.87
1787678180|20260826011620|1001.98
1787678185|20260826011625|1002.15
1787678195|20260826011635|1001.96
1787678200|20260826011640|1002.00
1787678205|20260826011645|1002.05
1787678210|20260826011650|1002.12
1787678215|20260826011655|1002.17
1787678225|20260826011705|1002.28
1787678230|20260826011710|1002.27
1787678240|20260826011720|1002.29
1787678245|20260826011725|1002.29
1787678260|20260826011740|1002.62
1787678265|20260826011745|1002.62
1787678270|20260826011750|1002.61
1787678275|20260826011755|1002.60
1787678280|20260826011800|1002.66
1787678290|20260826011810|1002.65
1787678295|20260826011815|1002.68
1787678300|20260826011820|1002.68
1787678305|20260826011825|1002.80
1787678315|20260826011835|1002.87
1787678325|20260826011845|1002.86
1787678330|20260826011850|1002.74
1787678335|20260826011855|1002.73
1787678340|20260826011900|1002.75
1787678345|20260826011905|1002.76
1787678350|20260826011910|1002.84
1787678355|20260826011915|1002.80
1787678360|20260826011920|1002.96
1787678365|20260826011925|1002.89
1787678405|20260826012005|1003.17
1787678410|20260826012010|1003.16
1787678415|20260826012015|1003.21
1787678420|20260826012020|1003.45
1787678425|20260826012025|1003.47
1787678440|20260826012040|1003.60
1787678445|20260826012045|1003.56
1787678450|20260826012050|1003.54
1787678455|20260826012055|1003.55
1787678465|20260826012105|1003.45
1787678470|20260826012110|1003.47
1787678480|20260826012120|1003.39
1787678485|20260826012125|1003.34
1787678495|20260826012135|1003.14
1787678500|20260826012140|1003.17
1787678505|20260826012145|1003.07
1787678510|20260826012150|1003.10
1787678515|20260826012155|1003.09
1787678530|20260826012210|1002.98
1787678535|20260826012215|1002.94
1787678545|20260826012225|1002.89
1787678555|20260826012235|1002.91
1787678570|20260826012250|1002.88
1787678575|20260826012255|1002.90
1787678590|20260826012310|1002.93
1787678595|20260826012315|1002.94
1787678600|20260826012320|1002.75
1787678605|20260826012325|1002.75
1787678615|20260826012335|1002.67
1787678620|20260826012340|1002.62
1787678625|20260826012345|1002.62
1787678630|20260826012350|1002.64
1787678635|20260826012355|1002.59
1787678640|20260826012400|1002.60
1787678645|20260826012405|1002.13
1787678650|20260826012410|1002.26
1787678655|20260826012415|1002.27
1787678660|20260826012420|1002.36
1787678665|20260826012425|1002.46
1787678695|20260826012455|1002.47
1787678700|20260826012500|1002.39
1787678710|20260826012510|1002.37
1787678715|20260826012515|1002.23
1787678720|20260826012520|1002.26
1787678725|20260826012525|1002.24
1787678735|20260826012535|1002.49
1787678740|20260826012540|1002.51
1787678745|20260826012545|1002.47
1787678750|20260826012550|1002.45
1787678755|20260826012555|1002.42
1787678765|20260826012605|1002.27
1787678770|20260826012610|1002.22
1787678775|20260826012615|1002.23
1787678780|20260826012620|1002.24
1787678785|20260826012625|1002.29
1787678795|20260826012635|1002.43
1787678800|20260826012640|1002.44
1787678815|20260826012655|1002.55
1787678825|20260826012705|1002.64
1787678835|20260826012715|1002.74
1787678840|20260826012720|1002.71
1787678845|20260826012725|1002.58
1787678855|20260826012735|1002.56
1787678860|20260826012740|1002.23
1787678865|20260826012745|1002.36
1787678870|20260826012750|1002.28
1787678875|20260826012755|1002.31
1787678885|20260826012805|1002.34
1787678890|20260826012810|1002.04
1787678895|20260826012815|1001.94
1787678900|20260826012820|1001.90
1787678915|20260826012835|1001.80
1787678920|20260826012840|1001.75
1787678925|20260826012845|1001.84
1787678930|20260826012850|1001.91
1787678935|20260826012855|1001.89
1787678945|20260826012905|1001.80
1787678950|20260826012910|1002.01
1787678955|20260826012915|1002.06
1787678960|20260826012920|1001.89
1787678965|20260826012925|1001.97
1787679000|20260826013000|1001.88
1787679005|20260826013005|1001.97
1787679015|20260826013015|1001.94
1787679020|20260826013020|1001.96
1787679025|20260826013025|1001.98
1787679035|20260826013035|1001.94
1787679040|20260826013040|1001.89
1787679045|20260826013045|1001.87
1787679050|20260826013050|1001.87
1787679055|20260826013055|1001.99
1787679075|20260826013115|1002.30
1787679080|20260826013120|1002.30
1787679100|20260826013140|1002.34
1787679105|20260826013145|1002.30
1787679110|20260826013150|1002.28
1787679115|20260826013155|1002.29
1787679120|20260826013200|1002.42
1787679125|20260826013205|1002.42
1787679130|20260826013210|1002.40
1787679135|20260826013215|1002.22
1787679140|20260826013220|1002.17
1787679145|20260826013225|1002.26
1787679155|20260826013235|1002.29
1787679160|20260826013240|1002.28
1787679165|20260826013245|1002.40
1787679170|20260826013250|1002.35
1787679175|20260826013255|1002.28
1787679185|20260826013305|1002.31
1787679190|20260826013310|1002.36
1787679200|20260826013320|1002.26
1787679205|20260826013325|1002.22
1787679215|20260826013335|1002.29
1787679220|20260826013340|1002.18
1787679225|20260826013345|1002.29
1787679230|20260826013350|1002.42
1787679235|20260826013355|1002.42
1787679245|20260826013405|1002.24
1787679250|20260826013410|1002.14
1787679255|20260826013415|1002.16
1787679260|20260826013420|1002.10
1787679265|20260826013425|1002.06
1787679280|20260826013440|1002.08
1787679305|20260826013505|1002.18
1787679310|20260826013510|1002.26
1787679315|20260826013515|1002.42
1787679320|20260826013520|1002.68
1787679325|20260826013525|1002.71
1787679335|20260826013535|1002.66
1787679340|20260826013540|1002.73
1787679345|20260826013545|1002.93
1787679350|20260826013550|1002.98
1787679355|20260826013555|1002.94
1787679365|20260826013605|1002.97
1787679370|20260826013610|1002.90
1787679375|20260826013615|1002.93
1787679380|20260826013620|1002.90
1787679385|20260826013625|1002.92
1787679395|20260826013635|1003.16
1787679400|20260826013640|1003.14
1787679405|20260826013645|1003.15
1787679410|20260826013650|1003.05
1787679415|20260826013655|1003.11
1787679420|20260826013700|1003.13
1787679430|20260826013710|1003.04
1787679435|20260826013715|1003.03
1787679440|20260826013720|1003.05
1787679455|20260826013735|1002.99
1787679460|20260826013740|1002.99
1787679465|20260826013745|1003.01
1787679470|20260826013750|1002.98
1787679475|20260826013755|1003.00
1787679485|20260826013805|1002.92
1787679490|20260826013810|1003.09
1787679500|20260826013820|1003.21
1787679505|20260826013825|1003.05
1787679515|20260826013835|1003.12
1787679520|20260826013840|1003.06
1787679525|20260826013845|1003.07
1787679530|20260826013850|1003.08
1787679535|20260826013855|1003.05
1787679540|20260826013900|1003.12
1787679545|20260826013905|1003.12
1787679550|20260826013910|1003.14
1787679560|20260826013920|1003.18
1787679565|20260826013925|1003.08
1787679605|20260826014005|1003.17
1787679610|20260826014010|1003.22
1787679615|20260826014015|1003.21
1787679620|20260826014020|1003.05
1787679625|20260826014025|1002.94
1787679635|20260826014035|1002.93
1787679640|20260826014040|1002.87
1787679645|20260826014045|1002.89
1787679650|20260826014050|1002.90
1787679655|20260826014055|1002.98
1787679660|20260826014100|1002.92
1787679665|20260826014105|1002.94
1787679680|20260826014120|1003.01
1787679695|20260826014135|1002.95
1787679700|20260826014140|1003.29
1787679705|20260826014145|1003.28
1787679725|20260826014205|1003.35
1787679735|20260826014215|1003.51
1787679740|20260826014220|1003.43
1787679755|20260826014235|1003.31
1787679760|20260826014240|1003.20
1787679765|20260826014245|1003.13
1787679770|20260826014250|1003.13
1787679775|20260826014255|1003.13
1787679785|20260826014305|1003.05
1787679795|20260826014315|1003.16
1787679800|20260826014320|1003.14
1787679815|20260826014335|1003.35
1787679820|20260826014340|1003.29
1787679830|20260826014350|1003.38
1787679835|20260826014355|1003.37
1787679840|20260826014400|1003.29
1787679845|20260826014405|1003.27
1787679850|20260826014410|1003.27
1787679855|20260826014415|1003.27
1787679860|20260826014420|1003.29
1787679865|20260826014425|1003.28
1787679900|20260826014500|1003.19
1787679905|20260826014505|1003.21
1787679910|20260826014510|1003.26
1787679915|20260826014515|1003.24
1787679920|20260826014520|1003.29
1787679925|20260826014525|1003.30
1787679940|20260826014540|1003.17
1787679945|20260826014545|1003.29
1787679950|20260826014550|1003.30
1787679960|20260826014600|1003.37
1787679965|20260826014605|1003.33
1787679975|20260826014615|1003.36
1787679985|20260826014625|1003.27
1787679995|20260826014635|1003.33
1787680000|20260826014640|1003.36
1787680005|20260826014645|1003.42
1787680010|20260826014650|1003.49
1787680015|20260826014655|1003.55
1787680020|20260826014700|1003.50
1787680025|20260826014705|1003.56
1787680030|20260826014710|1003.54
1787680040|20260826014720|1003.59
1787680045|20260826014725|1003.52
1787680055|20260826014735|1003.61
1787680060|20260826014740|1003.63
1787680065|20260826014745|1003.75
1787680070|20260826014750|1003.74
1787680075|20260826014755|1003.80
1787680085|20260826014805|1003.77
1787680090|20260826014810|1003.77
1787680095|20260826014815|1003.76
1787680100|20260826014820|1003.79
1787680105|20260826014825|1003.76
1787680115|20260826014835|1003.76
1787680120|20260826014840|1003.70
1787680125|20260826014845|1003.69
1787680130|20260826014850|1003.71
1787680135|20260826014855|1003.69
1787680145|20260826014905|1003.63
1787680155|20260826014915|1003.65
1787680160|20260826014920|1003.57
1787680165|20260826014925|1003.59
1787680170|20260826014930|1003.63
1787680185|20260826014945|1003.79
1787680200|20260826015000|1003.83
1787680205|20260826015005|1003.84
1787680210|20260826015010|1003.78
1787680215|20260826015015|1003.71
1787680225|20260826015025|1003.42
1787680240|20260826015040|1003.23
1787680245|20260826015045|1003.17
1787680250|20260826015050|1003.20
1787680255|20260826015055|1003.13
1787680265|20260826015105|1003.13
1787680275|20260826015115|1003.25
1787680280|20260826015120|1003.18
1787680285|20260826015125|1003.18
1787680310|20260826015150|1003.24
1787680315|20260826015155|1003.19
1787680325|20260826015205|1003.22
1787680330|20260826015210|1003.23
1787680335|20260826015215|1003.21
1787680340|20260826015220|1003.24
1787680360|20260826015240|1003.32
1787680365|20260826015245|1003.29
1787680370|20260826015250|1003.28
1787680375|20260826015255|1003.28
1787680385|20260826015305|1003.26
1787680390|20260826015310|1003.20
1787680395|20260826015315|1003.21
1787680405|20260826015325|1003.18
1787680415|20260826015335|1003.22
1787680425|20260826015345|1003.25
1787680430|20260826015350|1003.34
1787680435|20260826015355|1003.29
1787680445|20260826015405|1003.33
1787680450|20260826015410|1003.38
1787680455|20260826015415|1003.43
1787680465|20260826015425|1003.66
1787680505|20260826015505|1003.61
1787680510|20260826015510|1003.67
1787680515|20260826015515|1003.60
1787680520|20260826015520|1003.64
1787680525|20260826015525|1003.60
1787680535|20260826015535|1003.61
1787680540|20260826015540|1003.70
1787680545|20260826015545|1003.69
1787680550|20260826015550|1003.76
1787680555|20260826015555|1003.83
1787680565|20260826015605|1003.89
1787680570|20260826015610|1003.88
1787680580|20260826015620|1003.86
1787680585|20260826015625|1003.82
1787680595|20260826015635|1003.86
1787680600|20260826015640|1003.85
1787680605|20260826015645|1003.82
1787680610|20260826015650|1003.92
1787680615|20260826015655|1003.95
1787680625|20260826015705|1003.97
1787680630|20260826015710|1003.97
1787680635|20260826015715|1003.90
1787680640|20260826015720|1003.96
1787680645|20260826015725|1003.93
1787680655|20260826015735|1003.84
1787680660|20260826015740|1003.84
1787680665|20260826015745|1003.82
1787680670|20260826015750|1003.88
1787680675|20260826015755|1003.94
1787680680|20260826015800|1003.99
1787680685|20260826015805|1004.07
1787680690|20260826015810|1004.08
1787680695|20260826015815|1004.12
1787680700|20260826015820|1004.11
1787680705|20260826015825|1004.13
1787680720|20260826015840|1004.11
1787680730|20260826015850|1004.07
1787680735|20260826015855|1004.12
1787680745|20260826015905|1004.26
1787680750|20260826015910|1004.18
1787680760|20260826015920|1004.20
1787680800|20260826020000|1004.34
1787680805|20260826020005|1004.37
1787680810|20260826020010|1004.30
1787680815|20260826020015|1004.19
1787680820|20260826020020|1004.37
1787680825|20260826020025|1004.09
1787680835|20260826020035|1004.07
1787680840|20260826020040|1004.01
1787680845|20260826020045|1004.01
1787680850|20260826020050|1004.06
1787680855|20260826020055|1004.09
1787680860|20260826020100|1003.99
1787680865|20260826020105|1003.99
1787680870|20260826020110|1004.03
1787680875|20260826020115|1003.96
1787680880|20260826020120|1003.98
1787680885|20260826020125|1003.91
1787680900|20260826020140|1003.92
1787680905|20260826020145|1003.85
1787680910|20260826020150|1003.83
1787680915|20260826020155|1003.76
1787680925|20260826020205|1003.75
1787680930|20260826020210|1003.75
1787680935|20260826020215|1003.77
1787680945|20260826020225|1003.83
1787680955|20260826020235|1003.80
1787680960|20260826020240|1003.77
1787680965|20260826020245|1003.74
1787680970|20260826020250|1003.74
1787680980|20260826020300|1003.78
1787680985|20260826020305|1003.78
1787680990|20260826020310|1003.78
1787680995|20260826020315|1003.69
1787681000|20260826020320|1003.72
1787681005|20260826020325|1003.76
1787681015|20260826020335|1003.76
1787681020|20260826020340|1003.72
1787681025|20260826020345|1003.73
1787681030|20260826020350|1003.71
1787681035|20260826020355|1003.64
1787681040|20260826020400|1003.67
1787681045|20260826020405|1003.72
1787681050|20260826020410|1003.65
1787681060|20260826020420|1003.69
1787681065|20260826020425|1003.65
1787681100|20260826020500|1003.60
1787681105|20260826020505|1003.57
1787681110|20260826020510|1003.67
1787681115|20260826020515|1003.65
1787681120|20260826020520|1003.58
1787681135|20260826020535|1003.67
1787681140|20260826020540|1003.58
1787681145|20260826020545|1003.58
1787681150|20260826020550|1003.72
1787681155|20260826020555|1003.75
1787681160|20260826020600|1003.65
1787681165|20260826020605|1003.65
1787681170|20260826020610|1003.64
1787681175|20260826020615|1003.87
1787681180|20260826020620|1003.79
1787681195|20260826020635|1003.99
1787681200|20260826020640|1004.04
1787681205|20260826020645|1003.99
1787681210|20260826020650|1003.95
1787681215|20260826020655|1003.87
1787681225|20260826020705|1003.92
1787681230|20260826020710|1004.00
1787681235|20260826020715|1004.00
1787681240|20260826020720|1003.97
1787681245|20260826020725|1004.02
1787681260|20260826020740|1004.05
1787681265|20260826020745|1004.06
1787681270|20260826020750|1004.05
1787681275|20260826020755|1004.10
1787681285|20260826020805|1004.10
1787681290|20260826020810|1004.09
1787681295|20260826020815|1004.10
1787681300|20260826020820|1004.09
1787681305|20260826020825|1004.07
1787681315|20260826020835|1004.21
1787681320|20260826020840|1004.21
1787681325|20260826020845|1004.10
1787681330|20260826020850|1004.07
1787681335|20260826020855|1004.01
1787681345|20260826020905|1004.04
1787681350|20260826020910|1004.04
1787681355|20260826020915|1004.04
1787681360|20260826020920|1004.07
1787681365|20260826020925|1004.08
1787681405|20260826021005|1003.99
1787681410|20260826021010|1004.00
1787681415|20260826021015|1004.00
1787681420|20260826021020|1003.98
1787681425|20260826021025|1003.99
1787681435|20260826021035|1003.94
1787681440|20260826021040|1003.91
1787681445|20260826021045|1003.87
1787681450|20260826021050|1003.87
1787681455|20260826021055|1003.93
1787681460|20260826021100|1004.00
1787681465|20260826021105|1004.01
1787681475|20260826021115|1004.00
1787681480|20260826021120|1003.98
1787681485|20260826021125|1004.04
1787681495|20260826021135|1004.33
1787681500|20260826021140|1004.41
1787681505|20260826021145|1004.39
1787681510|20260826021150|1004.49
1787681515|20260826021155|1004.52
1787681525|20260826021205|1004.48
1787681530|20260826021210|1004.50
1787681535|20260826021215|1004.50
1787681545|20260826021225|1004.72
1787681560|20260826021240|1004.72
1787681565|20260826021245|1004.55
1787681570|20260826021250|1004.53
1787681575|20260826021255|1004.44
1787681585|20260826021305|1004.37
1787681595|20260826021315|1004.19
1787681600|20260826021320|1004.16
1787681605|20260826021325|1004.14
1787681615|20260826021335|1004.09
1787681620|20260826021340|1004.07
1787681625|20260826021345|1004.05
1787681645|20260826021405|1004.21
1787681650|20260826021410|1004.23
1787681655|20260826021415|1004.23
1787681665|20260826021425|1004.26
1787681695|20260826021455|1004.11
1787681705|20260826021505|1004.09
1787681710|20260826021510|1004.06
1787681720|20260826021520|1004.08
1787681725|20260826021525|1004.09
1787681735|20260826021535|1004.12
1787681740|20260826021540|1004.11
1787681750|20260826021550|1004.12
1787681765|20260826021605|1004.15
1787681770|20260826021610|1004.14
1787681775|20260826021615|1004.14
1787681780|20260826021620|1004.17
1787681785|20260826021625|1004.17
1787681795|20260826021635|1004.14
1787681800|20260826021640|1004.17
1787681815|20260826021655|1004.19
1787681825|20260826021705|1004.18
1787681830|20260826021710|1004.14
1787681835|20260826021715|1004.05
1787681840|20260826021720|1004.26
1787681855|20260826021735|1004.29
1787681860|20260826021740|1004.32
1787681865|20260826021745|1004.29
1787681870|20260826021750|1004.30
1787681875|20260826021755|1004.21
1787681880|20260826021800|1004.17
1787681885|20260826021805|1004.22
1787681890|20260826021810|1004.10
1787681895|20260826021815|1004.10
1787681900|20260826021820|1004.07
1787681905|20260826021825|1004.04
1787681920|20260826021840|1003.97
1787681925|20260826021845|1003.97
1787681930|20260826021850|1003.97
1787681935|20260826021855|1003.94
1787681940|20260826021900|1003.95
1787681945|20260826021905|1003.96
1787681950|20260826021910|1003.95
1787681960|20260826021920|1004.41
1787681965|20260826021925|1004.44
1787682005|20260826022005|1004.49
1787682010|20260826022010|1004.50
1787682020|20260826022020|1004.42
1787682035|20260826022035|1004.45
1787682045|20260826022045|1004.45
1787682055|20260826022055|1004.44
1787682060|20260826022100|1004.53
1787682065|20260826022105|1004.45
1787682070|20260826022110|1004.48
1787682075|20260826022115|1004.54
1787682080|20260826022120|1004.49
1787682100|20260826022140|1004.50
1787682115|20260826022155|1004.42
1787682120|20260826022200|1004.41
1787682125|20260826022205|1004.50
1787682130|20260826022210|1004.50
1787682135|20260826022215|1004.53
1787682140|20260826022220|1004.57
1787682145|20260826022225|1004.56
1787682155|20260826022235|1004.58
1787682160|20260826022240|1004.57
1787682165|20260826022245|1004.58
1787682170|20260826022250|1004.61
1787682190|20260826022310|1004.57
1787682195|20260826022315|1004.50
1787682200|20260826022320|1004.50
1787682215|20260826022335|1004.50
1787682225|20260826022345|1004.44
1787682230|20260826022350|1004.43
1787682235|20260826022355|1004.44
1787682245|20260826022405|1004.38
1787682250|20260826022410|1004.34
1787682255|20260826022415|1004.33
1787682260|20260826022420|1004.42
1787682300|20260826022500|1004.49
1787682305|20260826022505|1004.52
1787682310|20260826022510|1004.77
1787682320|20260826022520|1004.66
1787682325|20260826022525|1004.60
1787682335|20260826022535|1004.63
1787682340|20260826022540|1004.60
1787682345|20260826022545|1004.65
1787682350|20260826022550|1004.65
1787682355|20260826022555|1004.65
1787682360|20260826022600|1004.64
1787682365|20260826022605|1004.72
1787682370|20260826022610|1004.70
1787682375|20260826022615|1004.69
1787682380|20260826022620|1004.69
1787682385|20260826022625|1004.68
1787682395|20260826022635|1004.62
1787682400|20260826022640|1004.66
1787682405|20260826022645|1004.68
1787682410|20260826022650|1004.71
1787682420|20260826022700|1004.68
1787682425|20260826022705|1004.51
1787682435|20260826022715|1004.63
1787682445|20260826022725|1004.64
1787682460|20260826022740|1004.54
1787682465|20260826022745|1004.54
1787682470|20260826022750|1004.54
1787682475|20260826022755|1004.47
1787682480|20260826022800|1004.48
1787682485|20260826022805|1004.52
1787682490|20260826022810|1004.56
1787682495|20260826022815|1004.59
1787682500|20260826022820|1004.53
1787682505|20260826022825|1004.54
1787682515|20260826022835|1004.63
1787682520|20260826022840|1004.62
1787682525|20260826022845|1004.63
1787682530|20260826022850|1004.64
1787682535|20260826022855|1004.64
1787682540|20260826022900|1004.62
1787682550|20260826022910|1004.68
1787682560|20260826022920|1004.69
1787682565|20260826022925|1004.67
1787682605|20260826023005|1004.69
1787682615|20260826023015|1004.66
1787682620|20260826023020|1004.61
1787682625|20260826023025|1004.60
1787682635|20260826023035|1004.65
1787682640|20260826023040|1004.61
1787682645|20260826023045|1004.61
1787682650|20260826023050|1004.59
1787682665|20260826023105|1004.55
1787682675|20260826023115|1004.42
1787682680|20260826023120|1004.36
1787682685|20260826023125|1004.38
1787682700|20260826023140|1004.19
1787682705|20260826023145|1004.18
1787682710|20260826023150|1004.15
1787682715|20260826023155|1004.17
1787682720|20260826023200|1004.17
1787682725|20260826023205|1004.21
1787682730|20260826023210|1004.20
1787682740|20260826023220|1004.11
1787682755|20260826023235|1004.11
1787682760|20260826023240|1004.12
1787682765|20260826023245|1004.15
1787682770|20260826023250|1004.16
1787682775|20260826023255|1004.15
1787682795|20260826023315|1004.06
1787682805|20260826023325|1004.04
1787682815|20260826023335|1004.00
1787682820|20260826023340|1003.95
1787682830|20260826023350|1003.94
1787682835|20260826023355|1003.98
1787682840|20260826023400|1003.98
1787682845|20260826023405|1003.97
1787682850|20260826023410|1003.98
1787682855|20260826023415|1004.04
1787682860|20260826023420|1004.00
1787682900|20260826023500|1004.19
1787682905|20260826023505|1004.18
1787682910|20260826023510|1004.19
1787682915|20260826023515|1004.18
1787682920|20260826023520|1004.17
1787682925|20260826023525|1004.17
1787682930|20260826023530|1004.20
1787682935|20260826023535|1004.18
1787682945|20260826023545|1004.10
1787682955|20260826023555|1004.19
1787682960|20260826023600|1004.24
1787682965|20260826023605|1004.17
1787682970|20260826023610|1004.15
1787682975|20260826023615|1004.19
1787682985|20260826023625|1004.23
1787682995|20260826023635|1004.18
1787683000|20260826023640|1004.07
1787683005|20260826023645|1004.03
1787683015|20260826023655|1004.04
1787683025|20260826023705|1004.01
1787683030|20260826023710|1004.00
1787683035|20260826023715|1004.00
1787683040|20260826023720|1004.01
1787683045|20260826023725|1003.92
1787683055|20260826023735|1004.10
1787683060|20260826023740|1004.02
1787683065|20260826023745|1004.05
1787683070|20260826023750|1004.03
1787683075|20260826023755|1004.16
1787683090|20260826023810|1004.21
1787683095|20260826023815|1004.21
1787683100|20260826023820|1004.21
1787683105|20260826023825|1004.21
1787683115|20260826023835|1004.39
1787683120|20260826023840|1004.38
1787683130|20260826023850|1004.26
1787683135|20260826023855|1004.32
1787683145|20260826023905|1004.29
1787683150|20260826023910|1004.09
1787683155|20260826023915|1004.04
1787683160|20260826023920|1004.03
1787683200|20260826024000|1004.30
1787683205|20260826024005|1004.40
1787683210|20260826024010|1004.37
1787683220|20260826024020|1004.24
1787683225|20260826024025|1004.32
1787683235|20260826024035|1004.43
1787683240|20260826024040|1004.41
1787683245|20260826024045|1004.39
1787683250|20260826024050|1004.37
1787683255|20260826024055|1004.37
1787683265|20260826024105|1004.35
1787683270|20260826024110|1004.41
1787683275|20260826024115|1004.41
1787683280|20260826024120|1004.41
1787683285|20260826024125|1004.43
1787683295|20260826024135|1004.45
1787683300|20260826024140|1004.46
1787683305|20260826024145|1004.48
1787683310|20260826024150|1004.49
1787683325|20260826024205|1004.49
1787683335|20260826024215|1004.51
1787683340|20260826024220|1004.51
1787683345|20260826024225|1004.52
1787683355|20260826024235|1004.51
1787683360|20260826024240|1004.55
1787683365|20260826024245|1004.65
1787683370|20260826024250|1004.52
1787683375|20260826024255|1004.60
1787683385|20260826024305|1004.58
1787683395|20260826024315|1004.60
1787683400|20260826024320|1004.65
1787683420|20260826024340|1004.80
1787683425|20260826024345|1004.77
1787683430|20260826024350|1004.80
1787683435|20260826024355|1004.78
1787683450|20260826024410|1004.69
1787683455|20260826024415|1004.70
1787683460|20260826024420|1004.71
1787683465|20260826024425|1004.75
1787683505|20260826024505|1004.56
1787683515|20260826024515|1004.59
1787683540|20260826024540|1004.61
1787683545|20260826024545|1004.59
1787683550|20260826024550|1004.59
1787683555|20260826024555|1004.63
1787683570|20260826024610|1004.87
1787683575|20260826024615|1004.94
1787683580|20260826024620|1004.89
1787683585|20260826024625|1004.90
1787683595|20260826024635|1005.11
1787683600|20260826024640|1005.04
1787683605|20260826024645|1005.04
1787683610|20260826024650|1005.05
1787683615|20260826024655|1005.08
1787683625|20260826024705|1004.99
1787683630|20260826024710|1005.01
1787683635|20260826024715|1005.01
1787683640|20260826024720|1005.06
1787683645|20260826024725|1005.07
1787683655|20260826024735|1005.05
1787683660|20260826024740|1005.05
1787683665|20260826024745|1005.11
1787683670|20260826024750|1005.07
1787683675|20260826024755|1005.07
1787683685|20260826024805|1005.05
1787683690|20260826024810|1005.04
1787683695|20260826024815|1005.05
1787683700|20260826024820|1005.05
1787683705|20260826024825|1005.06
1787683720|20260826024840|1005.04
1787683725|20260826024845|1004.98
1787683730|20260826024850|1005.02
1787683735|20260826024855|1004.99
1787683745|20260826024905|1004.94
1787683750|20260826024910|1004.92
1787683755|20260826024915|1004.90
1787683760|20260826024920|1004.93
1787683765|20260826024925|1004.88
1787683795|20260826024955|1004.93
1787683800|20260826025000|1004.98
1787683805|20260826025005|1004.97
1787683815|20260826025015|1004.98
1787683820|20260826025020|1004.94
1787683845|20260826025045|1004.89
1787683850|20260826025050|1004.88
1787683865|20260826025105|1004.83
1787683870|20260826025110|1004.83
1787683875|20260826025115|1004.71
1787683885|20260826025125|1004.75
1787683895|20260826025135|1004.82
1787683900|20260826025140|1004.82
1787683905|20260826025145|1004.81
1787683910|20260826025150|1004.84
1787683915|20260826025155|1004.83
1787683925|20260826025205|1004.86
1787683930|20260826025210|1004.84
1787683945|20260826025225|1004.84
1787683955|20260826025235|1004.85
1787683960|20260826025240|1004.88
1787683965|20260826025245|1004.88
1787683970|20260826025250|1004.88
1787683975|20260826025255|1004.91
1787683985|20260826025305|1004.88
1787683990|20260826025310|1004.89
1787683995|20260826025315|1004.87
1787684000|20260826025320|1004.87
1787684005|20260826025325|1004.83
1787684015|20260826025335|1004.82
1787684020|20260826025340|1004.80
1787684025|20260826025345|1004.78
1787684030|20260826025350|1004.77
1787684045|20260826025405|1004.74
1787684050|20260826025410|1004.80
1787684055|20260826025415|1004.79
1787684060|20260826025420|1004.88
1787684065|20260826025425|1004.87
1787684095|20260826025455|1004.92
1787684105|20260826025505|1004.93
1787684110|20260826025510|1004.91
1787684120|20260826025520|1004.93
1787684125|20260826025525|1004.94
1787684135|20260826025535|1004.93
1787684145|20260826025545|1004.93
1787684155|20260826025555|1004.92
1787684165|20260826025605|1004.99
1787684170|20260826025610|1004.98
1787684175|20260826025615|1005.03
1787684180|20260826025620|1005.00
1787684185|20260826025625|1005.01
1787684195|20260826025635|1004.99
1787684200|20260826025640|1004.94
1787684205|20260826025645|1004.94
1787684210|20260826025650|1004.96
1787684215|20260826025655|1005.01
1787684225|20260826025705|1005.07
1787684230|20260826025710|1005.13
1787684240|20260826025720|1005.16
1787684245|20260826025725|1005.16
1787684255|20260826025735|1005.17
1787684260|20260826025740|1005.14
1787684265|20260826025745|1005.17
1787684270|20260826025750|1005.53
1787684275|20260826025755|1005.55
1787684280|20260826025800|1005.54
1787684285|20260826025805|1005.39
1787684290|20260826025810|1005.36
1787684295|20260826025815|1005.37
1787684305|20260826025825|1005.33
1787684320|20260826025840|1005.54
1787684340|20260826025900|1005.68
1787684345|20260826025905|1005.72
1787684350|20260826025910|1005.76
1787684355|20260826025915|1005.74
1787684360|20260826025920|1005.76
1787684365|20260826025925|1005.76
1787684400|20260826030000|1005.68
1787684405|20260826030005|1005.76
1787684410|20260826030010|1005.78
1787684415|20260826030015|1005.68
1787684420|20260826030020|1005.96
1787684425|20260826030025|1005.99
1787684435|20260826030035|1006.33
1787684440|20260826030040|1006.35
1787684445|20260826030045|1006.30
1787684450|20260826030050|1006.34
1787684465|20260826030105|1006.27
1787684470|20260826030110|1006.24
1787684480|20260826030120|1006.16
1787684485|20260826030125|1006.04
1787684495|20260826030135|1006.08
1787684500|20260826030140|1006.17
1787684505|20260826030145|1006.09
1787684510|20260826030150|1006.03
1787684515|20260826030155|1006.11
1787684530|20260826030210|1005.97
1787684535|20260826030215|1006.09
1787684540|20260826030220|1006.22
1787684545|20260826030225|1006.17
1787684555|20260826030235|1006.13
1787684560|20260826030240|1006.03
1787684565|20260826030245|1006.06
1787684570|20260826030250|1006.01
1787684575|20260826030255|1005.99
1787684585|20260826030305|1005.90
1787684590|20260826030310|1005.81
1787684605|20260826030325|1005.73
1787684620|20260826030340|1005.82
1787684625|20260826030345|1005.81
1787684635|20260826030355|1005.77
1787684640|20260826030400|1005.78
1787684645|20260826030405|1005.79
1787684650|20260826030410|1005.47
1787684655|20260826030415|1005.49
1787684660|20260826030420|1005.49
1787684665|20260826030425|1005.51
1787684700|20260826030500|1005.66
1787684705|20260826030505|1005.59
1787684715|20260826030515|1005.53
1787684720|20260826030520|1005.97
1787684735|20260826030535|1006.18
1787684740|20260826030540|1006.18
1787684745|20260826030545|1006.15
1787684750|20260826030550|1006.32
1787684755|20260826030555|1006.31
1787684760|20260826030600|1006.28
1787684765|20260826030605|1006.38
1787684770|20260826030610|1006.35
1787684775|20260826030615|1006.35
1787684780|20260826030620|1006.35
1787684795|20260826030635|1006.24
1787684800|20260826030640|1006.00
1787684805|20260826030645|1006.00
1787684810|20260826030650|1006.02
1787684815|20260826030655|1006.08
1787684825|20260826030705|1006.15
1787684830|20260826030710|1006.14
1787684835|20260826030715|1006.20
1787684840|20260826030720|1006.21
1787684855|20260826030735|1006.44
1787684860|20260826030740|1006.48
1787684865|20260826030745|1006.57
1787684870|20260826030750|1006.58
1787684875|20260826030755|1006.62
1787684885|20260826030805|1006.78
1787684895|20260826030815|1006.80
1787684900|20260826030820|1006.80
1787684905|20260826030825|1006.77
1787684915|20260826030835|1006.80
1787684920|20260826030840|1006.80
1787684925|20260826030845|1006.79
1787684930|20260826030850|1006.74
1787684935|20260826030855|1006.78
1787684940|20260826030900|1006.79
1787684945|20260826030905|1006.92
1787684950|20260826030910|1006.93
1787684955|20260826030915|1006.82
1787684960|20260826030920|1006.87
1787684965|20260826030925|1006.87
1787685000|20260826031000|1006.81
1787685005|20260826031005|1006.74
1787685010|20260826031010|1006.73
1787685015|20260826031015|1006.88
1787685020|20260826031020|1007.06
1787685025|20260826031025|1007.29
1787685035|20260826031035|1007.27
1787685040|20260826031040|1007.28
1787685045|20260826031045|1007.25
1787685055|20260826031055|1007.28
1787685070|20260826031110|1007.33
1787685075|20260826031115|1007.42
1787685080|20260826031120|1007.42
1787685095|20260826031135|1007.46
1787685100|20260826031140|1007.32
1787685105|20260826031145|1007.31
1787685110|20260826031150|1007.30
1787685125|20260826031205|1007.33
1787685135|20260826031215|1007.31
1787685140|20260826031220|1007.33
1787685145|20260826031225|1007.41
1787685155|20260826031235|1007.41
1787685160|20260826031240|1006.94
1787685165|20260826031245|1006.91
1787685175|20260826031255|1006.99
1787685185|20260826031305|1006.84
1787685190|20260826031310|1006.87
1787685195|20260826031315|1006.92
1787685200|20260826031320|1007.00
1787685205|20260826031325|1007.07
1787685215|20260826031335|1007.20
1787685220|20260826031340|1007.19
1787685225|20260826031345|1007.17
1787685235|20260826031355|1007.02
1787685240|20260826031400|1006.98
1787685245|20260826031405|1006.97
1787685250|20260826031410|1007.02
1787685255|20260826031415|1007.03
1787685260|20260826031420|1007.14
1787685265|20260826031425|1007.15
1787685310|20260826031510|1007.36
1787685315|20260826031515|1007.68
1787685320|20260826031520|1007.59
1787685325|20260826031525|1007.62
1787685335|20260826031535|1007.64
1787685340|20260826031540|1007.53
1787685345|20260826031545|1007.52
1787685350|20260826031550|1007.61
1787685355|20260826031555|1007.59
1787685365|20260826031605|1007.55
1787685370|20260826031610|1007.66
1787685375|20260826031615|1007.68
1787685380|20260826031620|1007.69
1787685385|20260826031625|1007.75
1787685395|20260826031635|1007.93
1787685405|20260826031645|1007.99
1787685410|20260826031650|1007.92
1787685415|20260826031655|1008.00
1787685425|20260826031705|1007.96
1787685435|20260826031715|1008.12
1787685440|20260826031720|1008.19
1787685445|20260826031725|1008.31
1787685455|20260826031735|1008.36
1787685460|20260826031740|1008.40
1787685465|20260826031745|1008.40
1787685470|20260826031750|1008.28
1787685475|20260826031755|1008.28
1787685485|20260826031805|1008.21
1787685500|20260826031820|1008.21
1787685505|20260826031825|1008.21
1787685535|20260826031855|1008.04
1787685540|20260826031900|1008.08
1787685545|20260826031905|1008.03
1787685555|20260826031915|1008.00
1787685560|20260826031920|1008.05
1787685605|20260826032005|1008.26
1787685610|20260826032010|1008.28
1787685615|20260826032015|1008.26
1787685620|20260826032020|1008.29
1787685625|20260826032025|1008.29
1787685635|20260826032035|1008.21
1787685640|20260826032040|1008.21
1787685645|20260826032045|1008.37
1787685650|20260826032050|1008.28
1787685655|20260826032055|1008.28
1787685665|20260826032105|1008.02
1787685670|20260826032110|1008.02
1787685675|20260826032115|1007.97
1787685680|20260826032120|1008.13
1787685685|20260826032125|1008.18
1787685695|20260826032135|1008.23
1787685700|20260826032140|1008.25
1787685705|20260826032145|1008.19
1787685710|20260826032150|1008.09
1787685715|20260826032155|1008.16
1787685720|20260826032200|1008.11
1787685725|20260826032205|1008.11
1787685730|20260826032210|1008.03
1787685740|20260826032220|1007.97
1787685755|20260826032235|1007.97
1787685760|20260826032240|1008.05
1787685765|20260826032245|1008.04
1787685770|20260826032250|1008.01
1787685775|20260826032255|1007.98
1787685780|20260826032300|1007.97
1787685785|20260826032305|1007.91
1787685790|20260826032310|1007.99
1787685795|20260826032315|1007.98
1787685800|20260826032320|1008.02
1787685805|20260826032325|1007.68
1787685815|20260826032335|1007.67
1787685820|20260826032340|1007.68
1787685825|20260826032345|1007.67
1787685830|20260826032350|1007.65
1787685835|20260826032355|1007.65
1787685850|20260826032410|1007.56
1787685855|20260826032415|1007.63
1787685860|20260826032420|1007.63
1787685865|20260826032425|1007.65
1787685875|20260826032435|1007.67
1787685900|20260826032500|1007.82
1787685905|20260826032505|1007.75
1787685915|20260826032515|1007.73
1787685920|20260826032520|1007.69
1787685925|20260826032525|1007.64
1787685935|20260826032535|1007.65
1787685945|20260826032545|1007.65
1787685950|20260826032550|1007.42
1787685955|20260826032555|1007.45
1787685960|20260826032600|1007.40
1787685965|20260826032605|1007.26
1787685970|20260826032610|1007.14
1787685975|20260826032615|1006.98
1787685980|20260826032620|1006.91
1787685985|20260826032625|1006.95
1787685995|20260826032635|1006.96
1787686005|20260826032645|1006.98
1787686010|20260826032650|1007.12
1787686015|20260826032655|1007.11
1787686020|20260826032700|1007.07
1787686030|20260826032710|1006.87
1787686040|20260826032720|1007.01
1787686045|20260826032725|1007.03
1787686055|20260826032735|1007.00
1787686060|20260826032740|1006.99
1787686065|20260826032745|1006.99
1787686070|20260826032750|1007.07
1787686075|20260826032755|1007.02
1787686085|20260826032805|1007.06
1787686095|20260826032815|1007.10
1787686100|20260826032820|1007.04
1787686115|20260826032835|1007.03
1787686125|20260826032845|1007.03
1787686130|20260826032850|1007.06
1787686135|20260826032855|1007.08
1787686140|20260826032900|1007.08
1787686145|20260826032905|1007.00
1787686150|20260826032910|1007.01
1787686155|20260826032915|1007.11
1787686205|20260826033005|1007.09
1787686220|20260826033020|1006.97
1787686225|20260826033025|1006.98
1787686235|20260826033035|1007.06
1787686240|20260826033040|1007.06
1787686245|20260826033045|1007.00
1787686250|20260826033050|1007.01
1787686255|20260826033055|1007.00
1787686265|20260826033105|1006.95
1787686270|20260826033110|1006.88
1787686275|20260826033115|1006.90
1787686280|20260826033120|1006.92
1787686285|20260826033125|1006.95
1787686295|20260826033135|1006.96
1787686300|20260826033140|1006.99
1787686305|20260826033145|1007.04
1787686310|20260826033150|1007.11
1787686315|20260826033155|1007.10
1787686330|20260826033210|1007.00
1787686335|20260826033215|1007.02
1787686340|20260826033220|1007.05
1787686345|20260826033225|1007.13
1787686355|20260826033235|1007.10
1787686360|20260826033240|1007.13
1787686365|20260826033245|1007.13
1787686370|20260826033250|1007.14
1787686380|20260826033300|1007.22
1787686390|20260826033310|1007.15
1787686400|20260826033320|1007.16
1787686405|20260826033325|1007.21
1787686415|20260826033335|1006.99
1787686420|20260826033340|1006.99
1787686425|20260826033345|1006.98
1787686430|20260826033350|1006.92
1787686435|20260826033355|1006.89
1787686440|20260826033400|1006.66
1787686445|20260826033405|1006.63
1787686450|20260826033410|1006.70
1787686455|20260826033415|1006.66
1787686460|20260826033420|1006.65
1787686465|20260826033425|1006.65
1787686500|20260826033500|1006.68
1787686505|20260826033505|1006.62
1787686515|20260826033515|1006.72
1787686520|20260826033520|1006.75
1787686525|20260826033525|1006.70
1787686540|20260826033540|1006.87
1787686545|20260826033545|1006.90
1787686550|20260826033550|1006.90
1787686560|20260826033600|1006.69
1787686570|20260826033610|1006.70
1787686575|20260826033615|1006.69
1787686580|20260826033620|1006.76
1787686585|20260826033625|1006.72
1787686595|20260826033635|1006.70
1787686600|20260826033640|1006.68
1787686605|20260826033645|1006.57
1787686610|20260826033650|1006.55
1787686615|20260826033655|1006.72
1787686625|20260826033705|1006.62
1787686630|20260826033710|1006.63
1787686635|20260826033715|1006.57
1787686640|20260826033720|1006.58
1787686655|20260826033735|1006.63
1787686660|20260826033740|1006.68
1787686665|20260826033745|1006.68
1787686670|20260826033750|1006.54
1787686675|20260826033755|1006.54
1787686680|20260826033800|1006.60
1787686685|20260826033805|1006.60
1787686690|20260826033810|1006.58
1787686700|20260826033820|1006.58
1787686705|20260826033825|1006.73
1787686710|20260826033830|1006.70
1787686725|20260826033845|1006.69
1787686730|20260826033850|1006.59
1787686735|20260826033855|1006.56
1787686740|20260826033900|1006.64
1787686745|20260826033905|1006.65
1787686755|20260826033915|1006.67
1787686760|20260826033920|1006.72
1787686765|20260826033925|1006.70
1787686805|20260826034005|1006.78
1787686810|20260826034010|1006.88
1787686815|20260826034015|1006.84
1787686820|20260826034020|1006.99
1787686835|20260826034035|1006.80
1787686840|20260826034040|1006.77
1787686845|20260826034045|1006.78
1787686850|20260826034050|1006.80
1787686855|20260826034055|1006.80
1787686865|20260826034105|1006.82
1787686870|20260826034110|1006.80
1787686875|20260826034115|1006.79
1787686880|20260826034120|1006.76
1787686885|20260826034125|1006.83
1787686900|20260826034140|1006.92
1787686905|20260826034145|1006.92
1787686915|20260826034155|1006.92
1787686920|20260826034200|1006.94
1787686925|20260826034205|1006.98
1787686930|20260826034210|1007.01
1787686945|20260826034225|1006.99
1787686955|20260826034235|1006.88
1787686960|20260826034240|1006.98
1787686965|20260826034245|1007.03
1787686970|20260826034250|1007.06
1787686975|20260826034255|1007.03
1787686980|20260826034300|1007.10
1787686995|20260826034315|1007.11
1787687000|20260826034320|1007.25
1787687005|20260826034325|1007.17
1787687025|20260826034345|1007.12
1787687030|20260826034350|1007.20
1787687035|20260826034355|1007.78
1787687040|20260826034400|1007.85
1787687045|20260826034405|1007.73
1787687055|20260826034415|1007.68
1787687060|20260826034420|1007.69
1787687065|20260826034425|1007.68
1787687075|20260826034435|1007.53
1787687100|20260826034500|1007.36
1787687105|20260826034505|1007.36
1787687110|20260826034510|1007.29
1787687115|20260826034515|1007.31
1787687120|20260826034520|1007.36
1787687125|20260826034525|1007.25
1787687135|20260826034535|1007.19
1787687140|20260826034540|1007.22
1787687145|20260826034545|1007.22
1787687150|20260826034550|1007.24
1787687155|20260826034555|1007.27
1787687165|20260826034605|1007.14
1787687170|20260826034610|1007.16
1787687175|20260826034615|1007.01
1787687180|20260826034620|1007.02
1787687185|20260826034625|1007.03
1787687195|20260826034635|1007.04
1787687200|20260826034640|1007.10
1787687205|20260826034645|1007.07
1787687210|20260826034650|1007.08
1787687215|20260826034655|1007.07
1787687220|20260826034700|1007.01
1787687225|20260826034705|1007.06
1787687230|20260826034710|1007.08
1787687235|20260826034715|1007.10
1787687240|20260826034720|1007.10
1787687245|20260826034725|1007.24
1787687255|20260826034735|1007.23
1787687260|20260826034740|1007.27
1787687265|20260826034745|1007.15
1787687275|20260826034755|1007.18
1787687280|20260826034800|1007.15
1787687285|20260826034805|1007.16
1787687290|20260826034810|1007.14
1787687295|20260826034815|1007.25
1787687300|20260826034820|1007.30
1787687305|20260826034825|1007.38
1787687315|20260826034835|1007.43
1787687330|20260826034850|1007.40
1787687335|20260826034855|1007.38
1787687345|20260826034905|1007.34
1787687350|20260826034910|1007.50
1787687355|20260826034915|1007.54
1787687415|20260826035015|1007.92
