1791388800|20261008000000|885.71
1791388805|20261008000005|885.72
1791388810|20261008000010|885.71
1791388815|20261008000015|885.80
1791388820|20261008000020|885.85
1791388825|20261008000025|885.80
1791388840|20261008000040|885.94
1791388845|20261008000045|885.99
1791388850|20261008000050|885.93
1791388865|20261008000105|886.00
1791388875|20261008000115|886.22
1791388880|20261008000120|886.18
1791388885|20261008000125|886.14
1791388895|20261008000135|886.17
1791388900|20261008000140|886.17
1791388905|20261008000145|885.53
1791388910|20261008000150|885.37
1791388915|20261008000155|885.47
1791388930|20261008000210|884.96
1791388935|20261008000215|885.19
1791388940|20261008000220|885.10
1791388955|20261008000235|885.28
1791388960|20261008000240|885.48
1791388975|20261008000255|885.79
1791388985|20261008000305|885.93
1791388995|20261008000315|886.13
1791389000|20261008000320|886.10
1791389005|20261008000325|886.13
1791389025|20261008000345|886.14
1791389035|20261008000355|886.16
1791389045|20261008000405|886.14
1791389050|20261008000410|886.01
1791389055|20261008000415|886.04
1791389060|20261008000420|886.11
1791389065|20261008000425|886.10
1791389075|20261008000435|886.19
1791389105|20261008000505|886.56
1791389110|20261008000510|886.60
1791389115|20261008000515|886.58
1791389120|20261008000520|886.60
1791389125|20261008000525|886.57
1791389140|20261008000540|886.64
1791389145|20261008000545|886.67
1791389150|20261008000550|886.67
1791389155|20261008000555|886.63
1791389165|20261008000605|886.52
1791389170|20261008000610|886.85
1791389175|20261008000615|886.98
1791389180|20261008000620|887.18
1791389185|20261008000625|887.26
1791389195|20261008000635|887.61
1791389200|20261008000640|887.60
1791389205|20261008000645|887.41
1791389210|20261008000650|887.37
1791389235|20261008000715|887.62
1791389240|20261008000720|887.54
1791389245|20261008000725|887.41
1791389265|20261008000745|887.15
1791389295|20261008000815|887.00
1791389300|20261008000820|887.00
1791389315|20261008000835|886.96
1791389330|20261008000850|887.02
1791389345|20261008000905|887.08
1791389350|20261008000910|886.94
1791389355|20261008000915|886.99
1791389360|20261008000920|887.05
1791389400|20261008001000|887.04
1791389405|20261008001005|886.89
1791389410|20261008001010|886.86
1791389415|20261008001015|886.97
1791389420|20261008001020|886.95
1791389425|20261008001025|886.94
1791389430|20261008001030|886.94
1791389435|20261008001035|886.98
1791389440|20261008001040|886.86
1791389445|20261008001045|886.86
1791389450|20261008001050|886.87
1791389470|20261008001110|886.81
1791389475|20261008001115|886.76
1791389480|20261008001120|886.73
1791389485|20261008001125|886.77
1791389495|20261008001135|886.89
1791389500|20261008001140|886.88
1791389505|20261008001145|886.91
1791389510|20261008001150|886.85
1791389515|20261008001155|886.89
1791389525|20261008001205|887.00
1791389530|20261008001210|887.08
1791389535|20261008001215|887.06
1791389545|20261008001225|887.03
1791389555|20261008001235|887.03
1791389570|20261008001250|886.82
1791389575|20261008001255|886.82
1791389590|20261008001310|887.09
1791389600|20261008001320|887.11
1791389605|20261008001325|887.07
1791389615|20261008001335|887.10
1791389620|20261008001340|887.03
1791389625|20261008001345|887.04
1791389630|20261008001350|887.02
1791389635|20261008001355|886.99
1791389645|20261008001405|886.89
1791389650|20261008001410|886.73
1791389655|20261008001415|886.67
1791389660|20261008001420|886.72
1791389665|20261008001425|886.71
1791389705|20261008001505|886.72
1791389710|20261008001510|886.76
1791389715|20261008001515|886.76
1791389720|20261008001520|886.76
1791389740|20261008001540|886.83
1791389745|20261008001545|886.86
1791389750|20261008001550|886.86
1791389755|20261008001555|886.91
1791389765|20261008001605|886.85
1791389775|20261008001615|886.84
1791389785|20261008001625|886.78
1791389795|20261008001635|886.98
1791389805|20261008001645|886.91
1791389810|20261008001650|886.83
1791389815|20261008001655|886.87
1791389830|20261008001710|886.70
1791389835|20261008001715|886.75
1791389840|20261008001720|886.76
1791389845|20261008001725|886.73
1791389855|20261008001735|886.82
1791389860|20261008001740|886.81
1791389870|20261008001750|886.86
1791389875|20261008001755|886.96
1791389885|20261008001805|886.96
1791389890|20261008001810|886.94
1791389895|20261008001815|886.89
1791389900|20261008001820|886.90
1791389905|20261008001825|886.92
1791389915|20261008001835|886.94
1791389920|20261008001840|886.99
1791389925|20261008001845|887.05
1791389930|20261008001850|887.04
1791389945|20261008001905|887.11
1791389950|20261008001910|887.13
1791389955|20261008001915|887.07
1791389960|20261008001920|887.08
1791389965|20261008001925|887.16
1791390000|20261008002000|887.24
1791390015|20261008002015|887.18
1791390020|20261008002020|887.27
1791390025|20261008002025|887.29
1791390045|20261008002045|887.33
1791390050|20261008002050|887.32
1791390065|20261008002105|887.25
1791390070|20261008002110|887.10
1791390075|20261008002115|887.19
1791390080|20261008002120|887.17
1791390085|20261008002125|887.20
1791390095|20261008002135|887.28
1791390110|20261008002150|887.33
1791390115|20261008002155|887.32
1791390120|20261008002200|887.28
1791390125|20261008002205|887.39
1791390130|20261008002210|887.46
1791390135|20261008002215|887.48
1791390140|20261008002220|887.48
1791390145|20261008002225|887.54
1791390155|20261008002235|887.53
1791390160|20261008002240|887.44
1791390165|20261008002245|887.34
1791390170|20261008002250|887.40
1791390175|20261008002255|887.46
1791390185|20261008002305|887.48
1791390190|20261008002310|887.62
1791390200|20261008002320|887.57
1791390205|20261008002325|887.46
1791390220|20261008002340|887.44
1791390225|20261008002345|887.46
1791390230|20261008002350|887.46
1791390235|20261008002355|887.61
1791390250|20261008002410|887.54
1791390255|20261008002415|887.47
1791390260|20261008002420|887.36
1791390265|20261008002425|887.36
1791390305|20261008002505|887.39
1791390310|20261008002510|887.42
1791390315|20261008002515|887.43
1791390325|20261008002525|887.43
1791390340|20261008002540|887.49
1791390345|20261008002545|887.51
1791390350|20261008002550|887.52
1791390370|20261008002610|887.53
1791390380|20261008002620|887.51
1791390385|20261008002625|887.49
1791390395|20261008002635|887.39
1791390400|20261008002640|887.29
1791390405|20261008002645|887.26
1791390410|20261008002650|887.20
1791390415|20261008002655|887.19
1791390430|20261008002710|887.51
1791390435|20261008002715|887.35
1791390455|20261008002735|887.41
1791390460|20261008002740|887.40
1791390465|20261008002745|887.38
1791390470|20261008002750|887.41
1791390475|20261008002755|887.50
1791390485|20261008002805|887.47
1791390490|20261008002810|887.59
1791390495|20261008002815|887.57
1791390500|20261008002820|887.65
1791390505|20261008002825|887.65
1791390515|20261008002835|887.62
1791390525|20261008002845|887.53
1791390530|20261008002850|887.52
1791390535|20261008002855|887.57
1791390545|20261008002905|887.45
1791390555|20261008002915|887.39
1791390560|20261008002920|887.49
1791390565|20261008002925|887.54
1791390575|20261008002935|887.58
1791390580|20261008002940|887.58
1791390595|20261008002955|887.62
1791390600|20261008003000|887.59
1791390605|20261008003005|887.61
1791390610|20261008003010|887.49
1791390615|20261008003015|887.46
1791390620|20261008003020|887.55
1791390640|20261008003040|887.55
1791390645|20261008003045|887.55
1791390650|20261008003050|887.61
1791390655|20261008003055|887.58
1791390665|20261008003105|887.53
1791390670|20261008003110|887.53
1791390675|20261008003115|887.51
1791390680|20261008003120|887.53
1791390685|20261008003125|887.43
1791390700|20261008003140|887.45
1791390705|20261008003145|887.49
1791390710|20261008003150|887.49
1791390715|20261008003155|887.48
1791390725|20261008003205|887.37
1791390735|20261008003215|887.34
1791390740|20261008003220|887.36
1791390745|20261008003225|887.34
1791390760|20261008003240|887.28
1791390770|20261008003250|887.31
1791390790|20261008003310|887.40
1791390795|20261008003315|887.43
1791390800|20261008003320|887.45
1791390805|20261008003325|887.45
1791390820|20261008003340|887.43
1791390825|20261008003345|887.37
1791390835|20261008003355|887.26
1791390845|20261008003405|887.27
1791390850|20261008003410|887.21
1791390855|20261008003415|887.15
1791390860|20261008003420|887.16
1791390865|20261008003425|887.21
1791390900|20261008003500|886.93
1791390905|20261008003505|886.93
1791390910|20261008003510|886.83
1791390920|20261008003520|886.85
1791390945|20261008003545|886.77
1791390950|20261008003550|886.76
1791390955|20261008003555|886.77
1791390970|20261008003610|886.75
1791390975|20261008003615|886.69
1791390985|20261008003625|886.72
1791390995|20261008003635|886.75
1791391005|20261008003645|886.66
1791391010|20261008003650|886.68
1791391025|20261008003705|886.92
1791391030|20261008003710|886.94
1791391035|20261008003715|886.95
1791391040|20261008003720|887.06
1791391045|20261008003725|887.05
1791391055|20261008003735|886.99
1791391065|20261008003745|886.92
1791391070|20261008003750|886.83
1791391075|20261008003755|886.85
1791391095|20261008003815|886.87
1791391100|20261008003820|886.75
1791391105|20261008003825|886.76
1791391125|20261008003845|886.91
1791391135|20261008003855|886.90
1791391145|20261008003905|887.00
1791391150|20261008003910|886.98
1791391160|20261008003920|887.00
1791391220|20261008004020|886.44
