1791302420|20261007000020|898.71
1791302661|20261007000421|897.95
1791302905|20261007000825|898.57
1791302969|20261007000929|897.95
1791303010|20261007001010|898.23
1791303115|20261007001155|897.65
1791303345|20261007001545|897.90
1791303549|20261007001909|898.47
1791303654|20261007002054|897.89
1791303809|20261007002329|898.51
1791303904|20261007002504|898.32
1791304171|20261007002931|897.55
1791304399|20261007003319|897.45
1791304473|20261007003433|897.78
1791304623|20261007003703|897.87
1791304697|20261007003817|897.30
1791304910|20261007004150|897.26
1791305076|20261007004436|897.74
1791305121|20261007004521|897.82
1791305331|20261007004851|896.63
1791305427|20261007005027|896.90
1791305669|20261007005429|896.42
1791305761|20261007005601|896.23
1791305989|20261007005949|896.84
1791306023|20261007010023|896.75
1791306297|20261007010457|897.36
1791306301|20261007010501|897.32
1791306598|20261007010958|898.26
1791306699|20261007011139|898.47
1791306862|20261007011422|897.89
1791307010|20261007011650|898.38
1791307187|20261007011947|897.71
1791307270|20261007012110|897.95
1791307418|20261007012338|897.01
1791307610|20261007012650|897.73
1791307743|20261007012903|897.05
1791307862|20261007013102|897.53
1791308090|20261007013450|898.22
1791308159|20261007013559|898.28
1791308392|20261007013952|897.95
1791308409|20261007014009|897.94
1791308636|20261007014356|898.66
1791308707|20261007014507|898.58
1791308780|20261007014620|898.27
1791309155|20261007015235|898.81
1791309278|20261007015438|898.42
1791309420|20261007015700|898.38
1791309490|20261007015810|898.65
1791309684|20261007020124|898.38
1791309845|20261007020405|899.01
1791309947|20261007020547|898.81
1791310069|20261007020749|899.24
1791310202|20261007021002|899.06
1791310494|20261007021454|899.62
1791310502|20261007021502|899.55
1791310779|20261007021939|900.26
1791310820|20261007022020|900.08
1791311044|20261007022404|899.17
1791311231|20261007022711|899.73
1791311349|20261007022909|899.27
1791311408|20261007023008|899.53
1791311699|20261007023459|899.09
1791311793|20261007023633|898.92
1791311890|20261007023810|899.35
1791312009|20261007024009|899.02
1791312283|20261007024443|899.70
1791312408|20261007024648|899.45
1791312599|20261007024959|900.24
1791312628|20261007025028|900.31
1791312755|20261007025235|900.02
1791312906|20261007025506|900.08
1791313025|20261007025705|901.08
1791313201|20261007030001|900.87
1791313353|20261007030233|902.68
1791313503|20261007030503|901.44
1791313797|20261007030957|901.02
1791313821|20261007031021|901.14
1791313958|20261007031238|900.73
1791314212|20261007031652|901.19
1791314336|20261007031856|900.43
1791314457|20261007032057|900.78
1791314590|20261007032310|900.37
1791314739|20261007032539|900.59
1791314967|20261007032927|900.01
1791315000|20261007033000|900.07
1791315297|20261007033457|899.53
1791315341|20261007033541|899.55
1791315478|20261007033758|899.23
1791315602|20261007034002|899.33
1791315799|20261007034319|899.54
1791315955|20261007034555|899.63
1791316198|20261007034958|899.01
1791316218|20261007035018|899.24
1791316264|20261007035104|898.91
1791316505|20261007035505|899.02
1791316777|20261007035937|899.59
1791316816|20261007040016|899.64
1791316958|20261007040238|899.19
1791317219|20261007040659|899.26
1791317297|20261007040817|899.50
1791317415|20261007041015|899.60
1791317676|20261007041436|899.16
1791317700|20261007041500|899.20
1791317999|20261007041959|898.52
1791318005|20261007042005|898.65
1791318232|20261007042352|898.19
1791318429|20261007042709|897.98
1791318565|20261007042925|898.44
1791318605|20261007043005|898.41
1791318806|20261007043326|898.00
1791318952|20261007043552|898.01
1791319157|20261007043917|898.39
1791319201|20261007044001|898.32
1791319354|20261007044234|898.06
1791319504|20261007044504|898.21
1791319564|20261007044604|897.93
1791319802|20261007045002|898.07
1791319934|20261007045214|898.52
1791320143|20261007045543|898.35
1791320249|20261007045729|898.13
1791324121|20261007060201|899.13
1791324180|20261007060300|898.65
1791324377|20261007060617|898.61
1791324505|20261007060825|898.96
1791324617|20261007061017|898.78
1791324799|20261007061319|899.02
1791324960|20261007061600|898.76
1791325050|20261007061730|898.94
1791325251|20261007062051|898.80
1791325496|20261007062456|898.95
1791325678|20261007062758|899.06
1791325793|20261007062953|898.73
1791325800|20261007063000|898.73
1791326097|20261007063457|898.33
1791326137|20261007063537|898.43
1791326393|20261007063953|898.16
1791326596|20261007064316|897.98
1791326689|20261007064449|898.20
1791326752|20261007064552|898.36
1791326814|20261007064654|898.06
1791327005|20261007065005|898.16
1791327192|20261007065312|897.78
1791327309|20261007065509|897.99
1791327329|20261007065529|898.22
1791327641|20261007070041|897.98
1791327791|20261007070311|898.56
1791327903|20261007070503|898.22
1791327929|20261007070529|898.61
1791328203|20261007071003|898.40
1791328250|20261007071050|898.72
1791328502|20261007071502|898.57
1791328709|20261007071829|898.88
1791328881|20261007072121|898.58
1791329097|20261007072457|898.88
1791329100|20261007072500|898.84
1791329386|20261007072946|899.57
1791329475|20261007073115|899.61
1791329633|20261007073353|899.11
1791329717|20261007073517|899.28
1791329999|20261007073959|898.87
1791330072|20261007074112|898.62
1791330189|20261007074309|898.99
1791330305|20261007074505|898.92
1791330515|20261007074835|898.64
1791330602|20261007075002|898.75
1791330771|20261007075251|899.19
1791330901|20261007075501|899.08
1791331180|20261007075940|898.71
1791331341|20261007080221|898.89
1791331488|20261007080448|898.29
1791331515|20261007080515|898.58
1791331754|20261007080914|897.92
1791331804|20261007081004|898.15
1791331971|20261007081251|899.53
1791332218|20261007081658|899.48
1791332371|20261007081931|898.56
1791332403|20261007082003|898.75
1791332583|20261007082303|897.96
1791332719|20261007082519|898.17
1791332996|20261007082956|897.55
1791333005|20261007083005|897.55
1791333251|20261007083411|896.51
1791333316|20261007083516|896.54
1791333568|20261007083928|897.69
1791333794|20261007084314|897.52
1791333822|20261007084342|898.01
1791333905|20261007084505|898.02
1791334177|20261007084937|896.89
1791334203|20261007085003|897.11
1791334347|20261007085227|896.80
1791334502|20261007085502|897.00
1791334641|20261007085721|896.50
1791334804|20261007090004|896.65
1791335096|20261007090456|895.80
1791335182|20261007090622|895.66
1791335202|20261007090642|896.18
1791335569|20261007091249|896.17
1791335674|20261007091434|895.75
1791335779|20261007091619|895.93
1791335974|20261007091934|895.57
1791336020|20261007092020|895.78
1791336243|20261007092403|895.24
1791336307|20261007092507|895.36
1791336579|20261007092939|895.93
1791336730|20261007093210|896.35
1791336893|20261007093453|895.73
1791336909|20261007093509|895.67
1791337171|20261007093931|896.25
1791337263|20261007094103|896.20
1791337441|20261007094401|895.16
1791337540|20261007094540|895.66
1791337619|20261007094659|894.92
1791337808|20261007095008|895.27
1791338074|20261007095434|894.58
1791338107|20261007095507|894.61
1791338197|20261007095637|895.00
1791338425|20261007100025|894.81
1791338673|20261007100433|894.02
1791338702|20261007100502|894.19
1791338856|20261007100736|893.18
1791339250|20261007101410|894.04
1791339274|20261007101434|893.57
1791339307|20261007101507|893.61
1791339496|20261007101816|894.18
1791339766|20261007102246|893.73
1791339828|20261007102348|894.08
1791339903|20261007102503|893.88
1791340194|20261007102954|894.69
1791340309|20261007103149|894.46
1791340445|20261007103405|894.92
1791340508|20261007103508|894.90
1791340762|20261007103922|894.19
1791340818|20261007104018|894.25
1791341027|20261007104347|894.90
1791341151|20261007104551|895.11
1791341346|20261007104906|894.50
1791341428|20261007105028|894.68
1791341498|20261007105138|894.29
1791341701|20261007105501|894.37
1791341921|20261007105841|893.59
1791342088|20261007110128|893.36
1791342275|20261007110435|893.72
1791342389|20261007110629|893.17
1791342554|20261007110914|893.84
1791342606|20261007111006|893.56
1791342849|20261007111409|892.89
1791342939|20261007111539|893.23
1791343021|20261007111701|892.78
1791343225|20261007112025|893.22
1791343362|20261007112242|892.90
1791343500|20261007112500|893.01
1791343666|20261007112746|894.00
1791343806|20261007113006|893.66
1791344014|20261007113334|894.03
1791344120|20261007113520|893.65
1791344397|20261007113957|894.16
1791344438|20261007114038|893.90
1791344643|20261007114403|894.58
1791344830|20261007114710|894.14
1791344994|20261007114954|894.87
1791345000|20261007115000|894.91
1791345259|20261007115419|894.00
1791345420|20261007115700|894.39
1791345581|20261007115941|893.86
1791345736|20261007120216|894.16
1791345892|20261007120452|893.78
1791345946|20261007120546|893.84
1791346053|20261007120733|893.44
1791346249|20261007121049|893.63
1791346432|20261007121352|893.98
1791346549|20261007121549|893.78
1791346675|20261007121755|893.39
1791346849|20261007122049|893.28
1791346937|20261007122217|893.74
1791347217|20261007122657|893.81
1791347362|20261007122922|893.53
1791347422|20261007123022|893.67
1791347644|20261007123404|893.04
1791347744|20261007123544|893.09
1791347779|20261007123619|892.83
1791348001|20261007124001|892.98
1791348297|20261007124457|892.49
1791348304|20261007124504|892.47
1791348426|20261007124706|892.91
1791348650|20261007125050|892.98
1791348844|20261007125404|892.43
1791348978|20261007125618|892.67
1791349180|20261007125940|892.05
1791349204|20261007130004|892.16
1791349447|20261007130407|891.72
1791349547|20261007130547|892.48
1791349799|20261007130959|891.89
1791349831|20261007131031|891.71
1791349869|20261007131109|892.12
1791350100|20261007131500|891.92
1791350253|20261007131733|891.54
1791350406|20261007132006|891.69
1791350538|20261007132218|891.28
1791350703|20261007132503|891.54
1791350766|20261007132606|891.92
1791351192|20261007133312|891.53
1791351268|20261007133428|891.89
1791351371|20261007133611|891.70
1791351545|20261007133905|892.51
1791351601|20261007134001|892.13
1791351636|20261007134036|892.53
1791351981|20261007134621|892.12
1791352118|20261007134838|892.60
1791352211|20261007135011|892.61
1791352496|20261007135456|891.77
1791352516|20261007135516|891.92
1791352798|20261007135958|890.76
1791352925|20261007140205|890.35
1791353099|20261007140459|890.99
1791353102|20261007140502|890.94
1791353385|20261007140945|891.57
1791353405|20261007141005|891.48
1791353550|20261007141230|892.17
1791353776|20261007141616|892.12
1791353795|20261007141635|891.66
1791354053|20261007142053|891.82
1791354283|20261007142443|890.93
1791354327|20261007142527|890.99
1791354588|20261007142948|891.30
1791354746|20261007143226|890.96
1791354875|20261007143435|891.84
1791354951|20261007143551|892.00
1791355083|20261007143803|891.30
1791355205|20261007144005|891.51
1791355274|20261007144114|892.06
1791355680|20261007144800|891.68
1791355768|20261007144928|892.02
1791355809|20261007145009|891.98
1791356060|20261007145420|891.43
1791356298|20261007145818|891.79
1791356384|20261007145944|891.10
1791356410|20261007150010|891.05
1791356691|20261007150451|891.77
1791356785|20261007150625|891.46
1791356931|20261007150851|891.99
1791357051|20261007151051|892.08
1791357293|20261007151453|891.38
1791357304|20261007151504|891.38
1791357433|20261007151713|890.54
1791357601|20261007152001|890.79
1791357767|20261007152247|891.83
1791357957|20261007152557|891.42
1791358112|20261007152832|892.20
1791358224|20261007153024|891.54
1791358393|20261007153313|893.01
1791358543|20261007153543|892.65
1791358746|20261007153906|892.01
1791358800|20261007154000|892.06
1791358972|20261007154252|892.79
1791359102|20261007154502|892.67
1791359363|20261007154923|891.72
1791359491|20261007155131|891.36
1791359512|20261007155152|892.03
1791359701|20261007155501|891.77
1791359879|20261007155759|890.71
1791360141|20261007160221|890.73
1791360299|20261007160459|892.15
1791360320|20261007160520|892.47
1791360577|20261007160937|891.44
1791360621|20261007161021|891.68
1791360762|20261007161242|891.10
1791360902|20261007161502|891.49
1791361038|20261007161718|890.65
1791361313|20261007162153|891.20
1791361498|20261007162458|890.28
1791361536|20261007162536|889.89
1791361576|20261007162616|890.80
1791361832|20261007163032|889.89
1791361961|20261007163241|890.75
1791362106|20261007163506|890.68
1791362269|20261007163749|890.25
1791362551|20261007164231|889.87
1791362661|20261007164421|890.48
1791362835|20261007164715|890.45
1791362999|20261007164959|890.05
