1791475210|20261009000010|886.41
1791475309|20261009000149|885.43
1791475610|20261009000650|884.90
1791475799|20261009000959|885.84
1791475801|20261009001001|885.80
1791475976|20261009001256|886.53
1791476230|20261009001710|885.73
1791476263|20261009001743|890.74
1791476483|20261009002123|887.40
1791476613|20261009002333|888.54
1791476703|20261009002503|888.64
1791476994|20261009002954|887.36
1791477099|20261009003139|887.38
1791477177|20261009003257|888.11
1791477341|20261009003541|888.00
1791477432|20261009003712|887.06
1791477600|20261009004000|887.72
1791477635|20261009004035|888.55
1791477998|20261009004638|888.49
1791478094|20261009004814|887.32
1791478204|20261009005004|888.15
1791478322|20261009005202|888.74
1791478545|20261009005545|888.37
1791478660|20261009005740|889.43
1791478818|20261009010018|888.70
1791478985|20261009010305|890.09
1791479102|20261009010502|889.59
1791479174|20261009010614|891.19
1791479423|20261009011023|890.31
1791479543|20261009011223|891.44
1791479710|20261009011510|890.55
1791479972|20261009011932|893.62
1791480003|20261009012003|893.04
1791480292|20261009012452|891.53
1791480308|20261009012508|891.69
1791480592|20261009012952|890.30
1791480649|20261009013049|890.00
1791480739|20261009013219|890.79
1791480906|20261009013506|890.20
1791481071|20261009013751|890.75
1791481204|20261009014004|890.65
1791481331|20261009014211|890.08
1791481589|20261009014629|890.89
1791481798|20261009014958|889.71
1791481880|20261009015120|889.60
1791482048|20261009015408|890.57
1791482107|20261009015507|890.39
1791482367|20261009015927|891.03
1791482408|20261009020008|891.12
1791482699|20261009020459|890.15
1791482726|20261009020526|889.92
1791482933|20261009020853|890.45
1791483003|20261009021003|889.97
1791483121|20261009021201|889.49
1791483367|20261009021607|890.07
1791483573|20261009021933|889.37
1791483748|20261009022228|888.92
1791483895|20261009022455|889.51
1791483919|20261009022519|889.66
1791484055|20261009022735|889.18
1791484204|20261009023004|889.30
1791484458|20261009023418|888.26
1791484501|20261009023501|888.32
1791484790|20261009023950|888.82
1791484954|20261009024234|888.64
1791485097|20261009024457|889.11
1791485174|20261009024614|888.87
1791485240|20261009024720|889.40
1791485409|20261009025009|889.12
1791485694|20261009025454|889.56
1791485735|20261009025535|889.69
1791485840|20261009025720|889.40
1791486105|20261009030145|890.05
1791486213|20261009030333|889.46
1791486380|20261009030620|890.08
1791486456|20261009030736|889.68
1791486604|20261009031004|889.86
1791486841|20261009031401|890.25
1791486900|20261009031500|890.18
1791486954|20261009031554|889.64
1791487242|20261009032042|889.66
1791487473|20261009032433|890.43
1791487536|20261009032536|890.10
1791487661|20261009032741|890.65
1791487865|20261009033105|889.97
1791487903|20261009033143|890.38
1791488217|20261009033657|889.97
1791488396|20261009033956|890.92
1791488516|20261009034156|891.04
1791488698|20261009034458|890.24
1791488702|20261009034502|890.34
1791488823|20261009034703|889.73
1791489000|20261009035000|889.87
1791489299|20261009035459|890.26
1791489362|20261009035602|890.25
1791489597|20261009035957|890.80
1791489741|20261009040221|890.57
1791489890|20261009040450|891.01
1791489903|20261009040503|890.93
1791490123|20261009040843|891.35
1791490292|20261009041132|891.32
1791490492|20261009041452|891.05
1791490501|20261009041501|891.07
1791490731|20261009041851|891.49
1791490939|20261009042219|891.51
1791491077|20261009042437|891.23
1791491325|20261009042845|891.38
1791491399|20261009042959|891.03
1791491415|20261009043015|890.93
1791491478|20261009043118|891.17
1791491770|20261009043610|890.78
1791491945|20261009043905|891.11
1791492051|20261009044051|891.02
1791492256|20261009044416|890.74
1791492312|20261009044512|890.98
1791492595|20261009044955|890.67
1791492629|20261009045029|890.58
1791492763|20261009045243|891.03
1791492940|20261009045540|890.62
1791493031|20261009045711|891.03
1791496888|20261009060128|892.25
1791496998|20261009060318|890.33
1791497106|20261009060506|890.54
1791497350|20261009060910|891.20
