1790697600|20260930000000|896.48
1790697605|20260930000005|896.56
1790697610|20260930000010|896.43
1790697615|20260930000015|896.42
1790697620|20260930000020|896.30
1790697635|20260930000035|896.02
1790697640|20260930000040|896.09
1790697645|20260930000045|896.18
1790697650|20260930000050|896.14
1790697655|20260930000055|896.13
1790697665|20260930000105|896.09
1790697675|20260930000115|896.06
1790697680|20260930000120|896.08
1790697695|20260930000135|896.24
1790697700|20260930000140|896.17
1790697705|20260930000145|896.11
1790697710|20260930000150|896.07
1790697715|20260930000155|896.08
1790697725|20260930000205|895.96
1790697730|20260930000210|895.99
1790697740|20260930000220|895.92
1790697745|20260930000225|895.97
1790697760|20260930000240|895.97
1790697765|20260930000245|895.90
1790697770|20260930000250|895.91
1790697795|20260930000315|895.93
1790697805|20260930000325|895.87
1790697815|20260930000335|895.93
1790697835|20260930000355|895.74
1790697845|20260930000405|895.79
1790697850|20260930000410|895.79
1790697855|20260930000415|895.76
1790697860|20260930000420|895.64
1790697865|20260930000425|895.58
1790697890|20260930000450|895.39
1790697915|20260930000515|895.42
1790697925|20260930000525|895.37
1790697935|20260930000535|895.39
1790697945|20260930000545|895.21
1790697965|20260930000605|895.02
1790697970|20260930000610|895.04
1790697975|20260930000615|895.02
1790697980|20260930000620|895.16
1790697985|20260930000625|895.05
1790697995|20260930000635|895.01
1790698000|20260930000640|895.02
1790698005|20260930000645|895.16
1790698010|20260930000650|895.16
1790698015|20260930000655|895.21
1790698025|20260930000705|895.05
1790698030|20260930000710|895.03
1790698035|20260930000715|895.08
1790698040|20260930000720|895.14
1790698045|20260930000725|895.17
1790698060|20260930000740|895.05
1790698070|20260930000750|895.06
1790698075|20260930000755|895.13
1790698085|20260930000805|894.99
1790698090|20260930000810|895.02
1790698095|20260930000815|894.98
1790698100|20260930000820|894.95
1790698120|20260930000840|895.13
1790698130|20260930000850|895.12
1790698135|20260930000855|895.09
1790698150|20260930000910|895.01
1790698155|20260930000915|895.16
1790698160|20260930000920|895.06
1790698165|20260930000925|895.11
1790698180|20260930000940|895.12
1790698200|20260930001000|895.21
1790698210|20260930001010|895.25
1790698215|20260930001015|895.28
1790698225|20260930001025|895.14
1790698235|20260930001035|895.08
1790698245|20260930001045|895.18
1790698250|20260930001050|895.10
1790698255|20260930001055|895.09
1790698270|20260930001110|895.21
1790698275|20260930001115|895.21
1790698280|20260930001120|895.22
1790698285|20260930001125|895.35
1790698295|20260930001135|895.37
1790698300|20260930001140|895.43
1790698325|20260930001205|895.52
1790698330|20260930001210|895.53
1790698340|20260930001220|895.51
1790698345|20260930001225|895.53
1790698355|20260930001235|895.47
1790698360|20260930001240|895.43
1790698365|20260930001245|895.54
1790698375|20260930001255|895.44
1790698385|20260930001305|895.40
1790698390|20260930001310|895.38
1790698400|20260930001320|895.37
1790698405|20260930001325|895.37
1790698425|20260930001345|895.32
1790698430|20260930001350|895.27
1790698455|20260930001415|895.14
1790698505|20260930001505|894.87
1790698515|20260930001515|894.94
1790698520|20260930001520|894.98
1790698535|20260930001535|894.88
1790698540|20260930001540|895.01
1790698545|20260930001545|894.97
1790698570|20260930001610|895.17
1790698575|20260930001615|895.15
1790698580|20260930001620|895.12
1790698595|20260930001635|895.12
1790698600|20260930001640|895.19
1790698610|20260930001650|895.08
1790698615|20260930001655|895.07
1790698625|20260930001705|895.06
1790698635|20260930001715|895.01
1790698640|20260930001720|895.04
1790698645|20260930001725|895.11
1790698655|20260930001735|895.04
1790698660|20260930001740|895.04
1790698665|20260930001745|895.05
1790698675|20260930001755|895.10
1790698685|20260930001805|895.03
1790698690|20260930001810|895.03
1790698695|20260930001815|895.03
1790698700|20260930001820|895.03
1790698705|20260930001825|894.97
1790698715|20260930001835|894.86
1790698720|20260930001840|894.84
1790698725|20260930001845|894.84
1790698735|20260930001855|894.69
1790698755|20260930001915|894.78
1790698800|20260930002000|894.94
1790698810|20260930002010|895.10
1790698820|20260930002020|895.11
1790698825|20260930002025|895.07
1790698845|20260930002045|895.08
1790698850|20260930002050|895.09
1790698855|20260930002055|895.08
1790698880|20260930002120|895.05
1790698885|20260930002125|895.08
1790698905|20260930002145|895.02
1790698910|20260930002150|894.87
1790698915|20260930002155|894.80
1790698925|20260930002205|894.70
1790698930|20260930002210|894.65
1790698945|20260930002225|895.01
1790698960|20260930002240|894.89
1790698970|20260930002250|894.96
1790698985|20260930002305|894.90
1790698990|20260930002310|894.96
1790698995|20260930002315|894.92
1790699000|20260930002320|895.03
1790699005|20260930002325|895.00
1790699015|20260930002335|894.92
1790699025|20260930002345|894.88
1790699030|20260930002350|894.88
1790699035|20260930002355|894.88
1790699050|20260930002410|895.18
1790699055|20260930002415|895.26
1790699060|20260930002420|895.23
1790699065|20260930002425|895.22
1790699080|20260930002440|895.19
1790699095|20260930002455|895.18
1790699105|20260930002505|895.17
1790699110|20260930002510|895.17
1790699115|20260930002515|895.17
1790699125|20260930002525|895.25
1790699140|20260930002540|895.23
1790699150|20260930002550|895.34
1790699165|20260930002605|895.31
1790699170|20260930002610|895.29
1790699175|20260930002615|895.25
1790699185|20260930002625|895.26
1790699195|20260930002635|895.47
1790699200|20260930002640|895.48
1790699205|20260930002645|895.56
1790699210|20260930002650|895.53
1790699215|20260930002655|895.47
1790699230|20260930002710|895.52
1790699235|20260930002715|895.52
1790699240|20260930002720|895.56
1790699255|20260930002735|895.40
1790699260|20260930002740|895.40
1790699270|20260930002750|895.43
1790699275|20260930002755|895.47
1790699285|20260930002805|895.46
1790699290|20260930002810|895.48
1790699295|20260930002815|895.52
1790699300|20260930002820|895.54
1790699315|20260930002835|895.52
1790699320|20260930002840|895.54
1790699330|20260930002850|895.56
1790699335|20260930002855|895.70
1790699345|20260930002905|895.62
1790699355|20260930002915|895.64
1790699395|20260930002955|895.52
1790699400|20260930003000|895.51
1790699405|20260930003005|895.51
1790699410|20260930003010|895.53
1790699415|20260930003015|895.53
1790699420|20260930003020|895.53
1790699425|20260930003025|895.56
1790699435|20260930003035|895.31
1790699440|20260930003040|895.34
1790699445|20260930003045|895.31
1790699450|20260930003050|895.44
1790699455|20260930003055|895.50
1790699465|20260930003105|895.34
1790699470|20260930003110|895.35
1790699475|20260930003115|895.34
1790699480|20260930003120|895.35
1790699485|20260930003125|895.40
1790699495|20260930003135|895.54
1790699500|20260930003140|895.53
1790699510|20260930003150|895.41
1790699515|20260930003155|895.42
1790699525|20260930003205|895.47
1790699530|20260930003210|895.46
1790699535|20260930003215|895.45
1790699545|20260930003225|895.45
1790699560|20260930003240|895.52
1790699565|20260930003245|895.58
1790699570|20260930003250|895.47
1790699575|20260930003255|895.42
1790699585|20260930003305|895.48
1790699595|20260930003315|895.58
1790699600|20260930003320|895.56
1790699615|20260930003335|895.37
1790699620|20260930003340|895.47
1790699625|20260930003345|895.48
1790699630|20260930003350|895.50
1790699635|20260930003355|895.53
1790699645|20260930003405|895.51
1790699650|20260930003410|895.42
1790699655|20260930003415|895.43
1790699660|20260930003420|895.44
1790699665|20260930003425|895.41
1790699690|20260930003450|895.51
1790699705|20260930003505|895.51
1790699710|20260930003510|895.52
1790699715|20260930003515|895.69
1790699720|20260930003520|895.67
1790699725|20260930003525|895.68
1790699735|20260930003535|895.69
1790699740|20260930003540|895.71
1790699745|20260930003545|895.78
1790699750|20260930003550|895.79
1790699755|20260930003555|895.69
1790699765|20260930003605|895.54
1790699770|20260930003610|895.57
1790699780|20260930003620|895.67
1790699785|20260930003625|895.70
1790699795|20260930003635|895.65
1790699800|20260930003640|895.66
1790699805|20260930003645|895.74
1790699810|20260930003650|895.82
1790699815|20260930003655|895.79
1790699830|20260930003710|895.68
1790699835|20260930003715|895.71
1790699845|20260930003725|895.71
1790699855|20260930003735|895.67
1790699865|20260930003745|895.60
1790699870|20260930003750|895.61
1790699895|20260930003815|895.51
1790699900|20260930003820|895.50
1790699905|20260930003825|895.49
1790699925|20260930003845|895.49
1790699930|20260930003850|895.54
1790699935|20260930003855|895.57
1790699945|20260930003905|895.53
1790699950|20260930003910|895.46
1790699955|20260930003915|895.13
1790700000|20260930004000|895.34
1790700005|20260930004005|895.27
1790700015|20260930004015|895.24
1790700020|20260930004020|895.24
1790700025|20260930004025|895.24
1790700035|20260930004035|895.24
1790700045|20260930004045|895.20
1790700050|20260930004050|895.20
1790700055|20260930004055|895.17
1790700065|20260930004105|895.20
1790700070|20260930004110|895.25
1790700075|20260930004115|895.23
1790700085|20260930004125|895.26
1790700105|20260930004145|895.22
1790700110|20260930004150|895.19
1790700115|20260930004155|895.20
1790700130|20260930004210|895.12
1790700155|20260930004235|895.03
1790700175|20260930004255|895.07
1790700185|20260930004305|895.08
1790700200|20260930004320|895.02
1790700205|20260930004325|895.01
1790700215|20260930004335|895.09
1790700220|20260930004340|895.05
1790700225|20260930004345|895.09
1790700230|20260930004350|894.78
1790700235|20260930004355|894.75
1790700255|20260930004415|894.55
1790700265|20260930004425|894.64
1790700275|20260930004435|894.56
1790700310|20260930004510|894.23
1790700315|20260930004515|894.16
1790700325|20260930004525|894.20
1790700340|20260930004540|893.79
1790700345|20260930004545|893.75
1790700365|20260930004605|893.95
1790700395|20260930004635|894.05
1790700400|20260930004640|894.18
1790700405|20260930004645|894.06
1790700410|20260930004650|894.01
1790700425|20260930004705|894.08
1790700440|20260930004720|894.15
1790700445|20260930004725|894.15
1790700460|20260930004740|894.18
1790700465|20260930004745|894.12
1790700470|20260930004750|894.14
1790700490|20260930004810|894.18
1790700515|20260930004835|894.49
1790700520|20260930004840|894.43
1790700525|20260930004845|894.42
1790700530|20260930004850|894.55
1790700535|20260930004855|894.51
1790700550|20260930004910|894.51
1790700555|20260930004915|894.48
1790700560|20260930004920|894.48
1790700565|20260930004925|894.47
1790700610|20260930005010|894.60
1790700655|20260930005055|894.51
1790700665|20260930005105|894.81
1790700705|20260930005145|894.92
1790700735|20260930005215|894.72
1790700740|20260930005220|894.86
1790700745|20260930005225|894.80
1790700755|20260930005235|894.70
1790700760|20260930005240|894.66
1790700785|20260930005305|894.43
1790700800|20260930005320|894.43
1790700825|20260930005345|894.43
1790700835|20260930005355|894.34
1790700845|20260930005405|894.41
1790700850|20260930005410|894.41
1790700855|20260930005415|894.45
1790700860|20260930005420|894.43
1790700880|20260930005440|894.33
1790700905|20260930005505|894.26
1790700925|20260930005525|894.13
1790700935|20260930005535|894.11
1790700945|20260930005545|894.14
1790700950|20260930005550|894.02
1790700955|20260930005555|893.95
1790700965|20260930005605|893.84
1790700975|20260930005615|893.86
1790700980|20260930005620|893.79
1790700995|20260930005635|893.78
1790701000|20260930005640|893.78
1790701010|20260930005650|893.77
1790701015|20260930005655|893.72
1790701030|20260930005710|893.84
1790701040|20260930005720|893.83
1790701045|20260930005725|893.79
1790701055|20260930005735|893.72
1790701065|20260930005745|893.77
1790701075|20260930005755|893.83
1790701080|20260930005800|893.78
1790701085|20260930005805|893.79
1790701090|20260930005810|893.73
1790701095|20260930005815|893.79
1790701100|20260930005820|893.78
1790701105|20260930005825|893.84
1790701120|20260930005840|893.79
1790701130|20260930005850|893.73
1790701155|20260930005915|893.84
1790701160|20260930005920|893.90
1790701165|20260930005925|893.93
1790701200|20260930010000|893.95
1790701205|20260930010005|893.90
1790701215|20260930010015|893.95
1790701275|20260930010115|894.04
1790701280|20260930010120|894.02
1790701295|20260930010135|894.15
1790701300|20260930010140|894.16
1790701305|20260930010145|894.07
1790701325|20260930010205|893.88
1790701330|20260930010210|894.02
1790701340|20260930010220|893.91
1790701345|20260930010225|893.96
1790701355|20260930010235|893.95
1790701360|20260930010240|893.94
1790701365|20260930010245|893.86
1790701370|20260930010250|893.84
1790701375|20260930010255|893.81
1790701405|20260930010325|893.86
1790701420|20260930010340|893.96
1790701435|20260930010355|894.07
1790701445|20260930010405|894.12
1790701450|20260930010410|894.12
1790701455|20260930010415|894.10
1790701460|20260930010420|894.16
1790701465|20260930010425|894.17
1790701515|20260930010515|894.31
1790701520|20260930010520|894.36
1790701525|20260930010525|894.36
1790701540|20260930010540|894.20
1790701550|20260930010550|894.17
1790701565|20260930010605|894.35
1790701575|20260930010615|894.38
1790701580|20260930010620|894.39
1790701595|20260930010635|894.38
1790701600|20260930010640|894.37
1790701640|20260930010720|893.90
1790701655|20260930010735|893.81
1790701665|20260930010745|893.83
1790701670|20260930010750|893.85
1790701675|20260930010755|893.86
1790701690|20260930010810|893.81
1790701700|20260930010820|893.81
1790701705|20260930010825|893.80
1790701715|20260930010835|893.81
1790701720|20260930010840|893.73
1790701725|20260930010845|893.72
1790701735|20260930010855|893.67
1790701745|20260930010905|893.70
1790701755|20260930010915|893.83
1790701765|20260930010925|893.87
1790701800|20260930011000|893.86
1790701805|20260930011005|893.89
1790701810|20260930011010|893.95
1790701820|20260930011020|893.92
1790701825|20260930011025|893.97
1790701840|20260930011040|894.12
1790701850|20260930011050|894.05
1790701870|20260930011110|894.16
1790701885|20260930011125|894.31
1790701900|20260930011140|894.33
1790701915|20260930011155|894.29
1790701935|20260930011215|894.32
1790701940|20260930011220|894.37
1790701945|20260930011225|894.42
1790701955|20260930011235|894.43
1790701960|20260930011240|894.42
1790701965|20260930011245|894.43
1790701975|20260930011255|894.35
1790701985|20260930011305|894.35
1790701995|20260930011315|894.34
1790702000|20260930011320|894.27
1790702005|20260930011325|894.29
1790702020|20260930011340|894.28
1790702025|20260930011345|894.21
1790702030|20260930011350|894.20
1790702045|20260930011405|894.26
1790702060|20260930011420|894.31
1790702105|20260930011505|894.27
1790702110|20260930011510|894.32
1790702115|20260930011515|894.31
1790702120|20260930011520|894.30
1790702125|20260930011525|894.34
1790702140|20260930011540|894.30
1790702145|20260930011545|894.29
1790702155|20260930011555|894.15
1790702165|20260930011605|894.07
1790702170|20260930011610|894.28
1790702180|20260930011620|894.20
1790702185|20260930011625|894.24
1790702205|20260930011645|894.06
1790702210|20260930011650|894.08
1790702215|20260930011655|894.17
1790702225|20260930011705|894.19
1790702235|20260930011715|894.18
1790702260|20260930011740|894.07
1790702265|20260930011745|894.15
1790702270|20260930011750|894.16
1790702275|20260930011755|894.12
1790702290|20260930011810|894.11
1790702300|20260930011820|894.13
1790702325|20260930011845|894.13
1790702335|20260930011855|894.25
1790702345|20260930011905|894.27
1790702350|20260930011910|894.15
1790702355|20260930011915|894.21
1790702360|20260930011920|894.47
1790702365|20260930011925|894.51
1790702400|20260930012000|894.36
1790702405|20260930012005|894.36
1790702415|20260930012015|894.44
1790702420|20260930012020|894.34
1790702425|20260930012025|894.31
1790702445|20260930012045|894.28
1790702465|20260930012105|894.14
1790702470|20260930012110|894.13
1790702480|20260930012120|894.09
1790702485|20260930012125|894.08
1790702495|20260930012135|894.05
1790702500|20260930012140|894.05
1790702505|20260930012145|894.10
1790702525|20260930012205|894.04
1790702530|20260930012210|894.16
1790702540|20260930012220|894.19
1790702545|20260930012225|894.20
1790702565|20260930012245|894.28
1790702570|20260930012250|894.26
1790702590|20260930012310|894.41
1790702595|20260930012315|894.36
1790702600|20260930012320|894.39
1790702615|20260930012335|894.40
1790702625|20260930012345|894.30
1790702645|20260930012405|894.26
1790702650|20260930012410|894.27
1790702660|20260930012420|894.36
1790702665|20260930012425|894.38
1790702700|20260930012500|894.39
1790702705|20260930012505|894.35
1790702720|20260930012520|894.34
1790702735|20260930012535|894.12
1790702745|20260930012545|894.16
1790702765|20260930012605|894.20
1790702775|20260930012615|894.19
1790702780|20260930012620|894.22
1790702785|20260930012625|894.25
1790702795|20260930012635|894.26
1790702800|20260930012640|894.31
1790702810|20260930012650|894.27
1790702815|20260930012655|894.28
1790702825|20260930012705|894.31
1790702830|20260930012710|894.27
1790702840|20260930012720|894.23
1790702870|20260930012750|894.41
1790702875|20260930012755|894.40
1790702885|20260930012805|894.19
1790702890|20260930012810|894.12
1790702900|20260930012820|894.27
1790702905|20260930012825|894.22
1790702925|20260930012845|894.28
1790702945|20260930012905|894.20
1790702980|20260930012940|894.40
1790703000|20260930013000|894.51
1790703005|20260930013005|894.48
1790703010|20260930013010|894.52
1790703020|20260930013020|894.55
1790703025|20260930013025|894.46
1790703045|20260930013045|894.43
1790703055|20260930013055|894.52
1790703065|20260930013105|894.52
1790703070|20260930013110|894.61
1790703075|20260930013115|894.55
1790703080|20260930013120|894.43
1790703085|20260930013125|894.36
1790703095|20260930013135|894.40
1790703100|20260930013140|894.36
1790703105|20260930013145|894.44
1790703110|20260930013150|894.42
1790703130|20260930013210|894.43
1790703140|20260930013220|894.33
1790703145|20260930013225|894.31
1790703165|20260930013245|894.39
1790703170|20260930013250|894.31
1790703175|20260930013255|894.44
1790703185|20260930013305|894.48
1790703190|20260930013310|894.50
1790703195|20260930013315|894.52
1790703200|20260930013320|894.47
1790703205|20260930013325|894.48
1790703220|20260930013340|894.59
1790703245|20260930013405|894.19
1790703250|20260930013410|894.20
1790703255|20260930013415|894.15
1790703260|20260930013420|894.16
1790703265|20260930013425|894.17
1790703290|20260930013450|894.39
1790703305|20260930013505|894.38
1790703310|20260930013510|894.36
1790703315|20260930013515|894.35
1790703325|20260930013525|894.37
1790703345|20260930013545|894.22
1790703350|20260930013550|894.22
1790703355|20260930013555|894.22
1790703365|20260930013605|894.23
1790703370|20260930013610|894.26
1790703395|20260930013635|894.36
1790703400|20260930013640|894.34
1790703405|20260930013645|894.35
1790703410|20260930013650|894.36
1790703415|20260930013655|894.32
1790703425|20260930013705|894.35
1790703430|20260930013710|894.36
1790703435|20260930013715|894.41
1790703440|20260930013720|894.37
1790703445|20260930013725|894.33
1790703455|20260930013735|894.41
1790703460|20260930013740|894.34
1790703465|20260930013745|894.35
1790703495|20260930013815|894.18
1790703500|20260930013820|894.18
1790703505|20260930013825|894.23
1790703515|20260930013835|893.98
1790703520|20260930013840|893.95
1790703525|20260930013845|893.94
1790703530|20260930013850|893.92
1790703535|20260930013855|893.85
1790703550|20260930013910|893.81
1790703555|20260930013915|893.83
1790703560|20260930013920|893.83
1790703565|20260930013925|893.82
1790703610|20260930014010|893.75
1790703620|20260930014020|893.73
1790703635|20260930014035|893.74
1790703640|20260930014040|893.75
1790703645|20260930014045|893.75
1790703650|20260930014050|893.73
1790703665|20260930014105|893.72
1790703670|20260930014110|893.63
1790703675|20260930014115|893.69
1790703685|20260930014125|893.68
1790703695|20260930014135|893.68
1790703700|20260930014140|893.74
1790703705|20260930014145|893.61
1790703710|20260930014150|893.54
1790703725|20260930014205|893.56
1790703730|20260930014210|893.63
1790703735|20260930014215|893.67
1790703740|20260930014220|893.78
1790703745|20260930014225|893.71
1790703760|20260930014240|893.68
1790703765|20260930014245|893.70
1790703770|20260930014250|893.69
1790703775|20260930014255|893.73
1790703785|20260930014305|893.78
1790703790|20260930014310|893.79
1790703800|20260930014320|893.84
1790703805|20260930014325|893.92
1790703815|20260930014335|893.71
1790703820|20260930014340|893.68
1790703830|20260930014350|893.62
1790703845|20260930014405|893.75
1790703855|20260930014415|893.75
1790703860|20260930014420|893.74
1790703865|20260930014425|893.73
1790703880|20260930014440|893.92
1790703895|20260930014455|893.75
1790703905|20260930014505|893.84
1790703910|20260930014510|893.83
1790703915|20260930014515|894.00
1790703920|20260930014520|893.92
1790703925|20260930014525|894.00
1790703940|20260930014540|893.94
1790703945|20260930014545|893.95
1790703950|20260930014550|894.02
1790703955|20260930014555|894.01
1790703970|20260930014610|893.97
1790703975|20260930014615|894.06
1790703980|20260930014620|894.22
1790703985|20260930014625|894.19
1790703995|20260930014635|894.02
1790704000|20260930014640|893.78
1790704005|20260930014645|893.78
1790704015|20260930014655|893.61
1790704025|20260930014705|893.49
1790704030|20260930014710|893.45
1790704035|20260930014715|893.51
1790704040|20260930014720|893.57
1790704045|20260930014725|893.56
1790704055|20260930014735|893.63
1790704060|20260930014740|893.51
1790704065|20260930014745|893.49
1790704075|20260930014755|893.49
1790704090|20260930014810|893.63
1790704095|20260930014815|893.63
1790704105|20260930014825|893.74
1790704115|20260930014835|893.84
1790704120|20260930014840|893.79
1790704125|20260930014845|893.74
1790704135|20260930014855|893.78
1790704145|20260930014905|893.71
1790704155|20260930014915|893.81
1790704160|20260930014920|893.85
1790704165|20260930014925|893.88
1790704180|20260930014940|893.81
1790704200|20260930015000|893.78
1790704215|20260930015015|893.89
1790704220|20260930015020|893.85
1790704235|20260930015035|893.98
1790704240|20260930015040|894.04
1790704245|20260930015045|894.02
1790704250|20260930015050|894.03
1790704265|20260930015105|894.07
1790704270|20260930015110|894.00
1790704275|20260930015115|894.03
1790704285|20260930015125|894.08
1790704295|20260930015135|894.04
1790704300|20260930015140|894.02
1790704315|20260930015155|893.98
1790704325|20260930015205|893.97
1790704330|20260930015210|893.95
1790704335|20260930015215|893.97
1790704340|20260930015220|893.98
1790704345|20260930015225|893.97
1790704360|20260930015240|893.99
1790704395|20260930015315|893.75
1790704400|20260930015320|893.69
1790704405|20260930015325|893.73
1790704420|20260930015340|893.60
1790704425|20260930015345|893.53
1790704430|20260930015350|893.54
1790704435|20260930015355|893.55
1790704450|20260930015410|893.51
1790704455|20260930015415|893.48
1790704465|20260930015425|893.42
1790704515|20260930015515|893.43
1790704520|20260930015520|893.37
1790704525|20260930015525|893.36
1790704535|20260930015535|893.28
1790704540|20260930015540|893.31
1790704545|20260930015545|893.33
1790704550|20260930015550|893.36
1790704555|20260930015555|893.31
1790704565|20260930015605|893.38
1790704570|20260930015610|893.39
1790704580|20260930015620|893.42
1790704585|20260930015625|893.42
1790704595|20260930015635|893.43
1790704600|20260930015640|893.36
1790704605|20260930015645|893.37
1790704615|20260930015655|893.38
1790704625|20260930015705|893.41
1790704635|20260930015715|893.35
1790704665|20260930015745|893.38
1790704670|20260930015750|893.39
1790704675|20260930015755|893.34
1790704685|20260930015805|893.30
1790704690|20260930015810|893.32
1790704695|20260930015815|893.35
1790704700|20260930015820|893.35
1790704705|20260930015825|893.33
1790704715|20260930015835|893.37
1790704725|20260930015845|893.38
1790704730|20260930015850|893.36
1790704735|20260930015855|893.35
1790704745|20260930015905|893.39
1790704755|20260930015915|893.37
1790704760|20260930015920|893.37
1790704765|20260930015925|893.41
1790704800|20260930020000|893.57
1790704805|20260930020005|894.39
1790704815|20260930020015|894.72
1790704820|20260930020020|895.00
1790704825|20260930020025|895.03
1790704835|20260930020035|896.13
1790704840|20260930020040|895.66
1790704850|20260930020050|895.55
1790704855|20260930020055|896.19
1790704870|20260930020110|896.64
1790704875|20260930020115|896.64
1790704895|20260930020135|896.42
1790704900|20260930020140|896.37
1790704905|20260930020145|896.63
1790704915|20260930020155|896.57
1790704925|20260930020205|896.53
1790704940|20260930020220|896.75
1790704945|20260930020225|896.78
1790704955|20260930020235|897.38
1790704960|20260930020240|897.57
1790704965|20260930020245|897.51
1790704975|20260930020255|897.63
1790704985|20260930020305|897.69
1790705020|20260930020340|896.48
1790705025|20260930020345|896.52
1790705030|20260930020350|896.44
1790705035|20260930020355|896.65
1790705050|20260930020410|896.70
1790705055|20260930020415|896.91
1790705060|20260930020420|896.83
1790705065|20260930020425|897.18
1790705105|20260930020505|897.66
1790705125|20260930020525|897.73
1790705135|20260930020535|897.76
1790705140|20260930020540|897.79
1790705145|20260930020545|897.65
1790705150|20260930020550|897.66
1790705155|20260930020555|897.69
1790705165|20260930020605|897.58
1790705175|20260930020615|897.67
1790705185|20260930020625|897.42
1790705195|20260930020635|897.29
1790705205|20260930020645|897.34
1790705230|20260930020710|897.61
1790705235|20260930020715|897.59
1790705240|20260930020720|897.42
1790705245|20260930020725|897.26
1790705255|20260930020735|897.10
1790705260|20260930020740|897.11
1790705265|20260930020745|896.57
1790705270|20260930020750|896.56
1790705275|20260930020755|896.66
1790705285|20260930020805|896.68
1790705290|20260930020810|896.57
1790705295|20260930020815|896.63
1790705300|20260930020820|896.78
1790705325|20260930020845|896.83
1790705330|20260930020850|896.86
1790705335|20260930020855|897.07
1790705350|20260930020910|896.96
1790705355|20260930020915|897.30
1790705360|20260930020920|897.29
1790705400|20260930021000|896.24
1790705405|20260930021005|896.22
1790705415|20260930021015|896.97
1790705440|20260930021040|897.17
1790705450|20260930021050|897.27
1790705455|20260930021055|897.31
1790705465|20260930021105|897.61
1790705475|20260930021115|897.69
1790705485|20260930021125|897.19
1790705500|20260930021140|897.53
1790705505|20260930021145|897.52
1790705510|20260930021150|897.66
1790705515|20260930021155|897.66
1790705530|20260930021210|897.59
1790705535|20260930021215|897.68
1790705540|20260930021220|897.65
1790705555|20260930021235|897.86
1790705560|20260930021240|897.81
1790705565|20260930021245|897.95
1790705570|20260930021250|897.91
1790705575|20260930021255|897.87
1790705595|20260930021315|897.83
1790705615|20260930021335|897.57
1790705625|20260930021345|897.98
1790705635|20260930021355|898.63
1790705645|20260930021405|898.50
1790705650|20260930021410|898.38
1790705655|20260930021415|898.64
1790705660|20260930021420|898.57
1790705665|20260930021425|898.56
1790705710|20260930021510|898.40
1790705715|20260930021515|898.54
1790705720|20260930021520|898.59
1790705735|20260930021535|898.53
1790705740|20260930021540|898.54
1790705745|20260930021545|898.56
1790705755|20260930021555|898.62
1790705770|20260930021610|898.82
1790705775|20260930021615|899.09
1790705780|20260930021620|899.08
1790705785|20260930021625|899.14
1790705795|20260930021635|898.92
1790705800|20260930021640|898.94
1790705805|20260930021645|898.93
1790705810|20260930021650|898.95
1790705815|20260930021655|898.92
1790705830|20260930021710|899.14
1790705855|20260930021735|898.61
1790705860|20260930021740|898.66
1790705865|20260930021745|898.58
1790705870|20260930021750|898.63
1790705875|20260930021755|898.68
1790705885|20260930021805|898.65
1790705890|20260930021810|898.71
1790705895|20260930021815|898.74
1790705900|20260930021820|898.76
1790705905|20260930021825|898.80
1790705915|20260930021835|898.68
1790705925|20260930021845|898.72
1790705930|20260930021850|898.84
1790705935|20260930021855|898.75
1790705945|20260930021905|898.70
1790705960|20260930021920|898.68
1790705965|20260930021925|898.61
1790706000|20260930022000|898.34
1790706010|20260930022010|898.32
1790706025|20260930022025|898.42
1790706035|20260930022035|898.56
1790706040|20260930022040|898.47
1790706050|20260930022050|898.45
1790706055|20260930022055|898.52
1790706065|20260930022105|898.52
1790706070|20260930022110|898.34
1790706075|20260930022115|898.37
1790706080|20260930022120|898.39
1790706095|20260930022135|898.53
1790706100|20260930022140|898.59
1790706105|20260930022145|898.54
1790706110|20260930022150|898.38
1790706130|20260930022210|898.41
1790706135|20260930022215|898.34
1790706140|20260930022220|898.30
1790706145|20260930022225|898.37
1790706155|20260930022235|898.28
1790706160|20260930022240|898.19
1790706165|20260930022245|898.34
1790706170|20260930022250|898.20
1790706175|20260930022255|898.20
1790706195|20260930022315|898.72
1790706200|20260930022320|898.74
1790706205|20260930022325|898.73
1790706215|20260930022335|898.57
1790706220|20260930022340|898.36
1790706235|20260930022355|898.19
1790706245|20260930022405|898.04
1790706260|20260930022420|898.04
1790706265|20260930022425|898.03
1790706280|20260930022440|897.91
1790706325|20260930022525|898.09
1790706335|20260930022535|898.09
1790706345|20260930022545|898.18
1790706350|20260930022550|898.16
1790706355|20260930022555|898.18
1790706365|20260930022605|898.04
1790706370|20260930022610|898.14
1790706380|20260930022620|898.18
1790706395|20260930022635|897.97
1790706400|20260930022640|897.93
1790706405|20260930022645|897.99
1790706415|20260930022655|897.93
1790706425|20260930022705|897.71
1790706435|20260930022715|898.02
1790706440|20260930022720|898.00
1790706445|20260930022725|897.98
1790706455|20260930022735|897.82
1790706470|20260930022750|897.64
1790706475|20260930022755|897.75
1790706485|20260930022805|897.75
1790706490|20260930022810|897.79
1790706495|20260930022815|897.74
1790706500|20260930022820|897.90
1790706505|20260930022825|898.06
1790706515|20260930022835|898.59
1790706525|20260930022845|898.71
1790706530|20260930022850|898.78
1790706535|20260930022855|898.76
1790706550|20260930022910|898.79
1790706555|20260930022915|898.71
1790706565|20260930022925|898.71
1790706600|20260930023000|898.32
1790706615|20260930023015|897.97
1790706620|20260930023020|898.86
1790706635|20260930023035|898.37
1790706645|20260930023045|898.05
1790706650|20260930023050|897.89
1790706670|20260930023110|897.98
1790706675|20260930023115|897.87
1790706685|20260930023125|897.73
1790706695|20260930023135|897.89
1790706705|20260930023145|897.71
1790706710|20260930023150|897.79
1790706715|20260930023155|897.89
1790706725|20260930023205|897.87
1790706735|20260930023215|897.68
1790706755|20260930023235|897.78
1790706760|20260930023240|897.82
1790706775|20260930023255|898.03
1790706785|20260930023305|897.85
1790706790|20260930023310|897.88
1790706795|20260930023315|897.86
1790706800|20260930023320|897.91
1790706830|20260930023350|897.17
1790706835|20260930023355|897.24
1790706845|20260930023405|897.27
1790706850|20260930023410|897.32
1790706855|20260930023415|897.19
1790706860|20260930023420|897.32
1790706865|20260930023425|897.51
1790706880|20260930023440|897.61
1790706905|20260930023505|898.03
1790706910|20260930023510|898.19
1790706915|20260930023515|898.11
1790706925|20260930023525|898.02
1790706935|20260930023535|898.07
1790706940|20260930023540|898.02
1790706945|20260930023545|897.93
1790706950|20260930023550|898.14
1790706955|20260930023555|898.15
1790706965|20260930023605|898.57
1790706970|20260930023610|898.57
1790706975|20260930023615|898.75
1790706980|20260930023620|898.83
1790706985|20260930023625|898.91
1790707000|20260930023640|898.51
1790707005|20260930023645|898.44
1790707010|20260930023650|898.51
1790707025|20260930023705|898.94
1790707030|20260930023710|898.81
1790707035|20260930023715|898.80
1790707040|20260930023720|898.77
1790707045|20260930023725|898.78
1790707055|20260930023735|898.67
1790707060|20260930023740|898.65
1790707065|20260930023745|898.77
1790707085|20260930023805|898.90
1790707090|20260930023810|898.89
1790707095|20260930023815|898.74
1790707100|20260930023820|899.02
1790707105|20260930023825|898.98
1790707115|20260930023835|899.37
1790707120|20260930023840|899.49
1790707130|20260930023850|899.39
1790707135|20260930023855|899.52
1790707150|20260930023910|899.70
1790707155|20260930023915|900.04
1790707200|20260930024000|900.17
1790707205|20260930024005|900.17
1790707210|20260930024010|900.14
1790707215|20260930024015|900.44
1790707235|20260930024035|899.69
1790707240|20260930024040|899.68
1790707245|20260930024045|899.72
1790707250|20260930024050|899.98
1790707255|20260930024055|899.91
1790707265|20260930024105|899.79
1790707270|20260930024110|899.84
1790707275|20260930024115|899.95
1790707280|20260930024120|900.06
1790707285|20260930024125|900.06
1790707295|20260930024135|899.83
1790707300|20260930024140|899.82
1790707305|20260930024145|899.72
1790707310|20260930024150|899.91
1790707315|20260930024155|899.86
1790707325|20260930024205|899.93
1790707330|20260930024210|899.94
1790707335|20260930024215|899.90
1790707340|20260930024220|899.90
1790707360|20260930024240|899.70
1790707365|20260930024245|899.69
1790707370|20260930024250|899.73
1790707395|20260930024315|899.39
1790707400|20260930024320|899.34
1790707405|20260930024325|899.32
1790707415|20260930024335|899.44
1790707420|20260930024340|899.50
1790707425|20260930024345|899.50
1790707430|20260930024350|899.32
1790707435|20260930024355|899.24
1790707455|20260930024415|899.08
1790707460|20260930024420|899.09
1790707465|20260930024425|899.19
1790707510|20260930024510|899.21
1790707515|20260930024515|899.24
1790707520|20260930024520|899.14
1790707540|20260930024540|899.23
1790707545|20260930024545|899.15
1790707565|20260930024605|899.18
1790707580|20260930024620|899.10
1790707585|20260930024625|899.10
1790707595|20260930024635|899.14
1790707600|20260930024640|899.14
1790707605|20260930024645|899.12
1790707615|20260930024655|899.25
1790707625|20260930024705|898.95
1790707630|20260930024710|898.82
1790707640|20260930024720|898.80
1790707655|20260930024735|898.79
1790707670|20260930024750|898.49
1790707690|20260930024810|898.72
1790707695|20260930024815|898.47
1790707700|20260930024820|898.48
1790707705|20260930024825|898.41
1790707720|20260930024840|898.54
1790707725|20260930024845|898.59
1790707750|20260930024910|898.48
1790707755|20260930024915|898.57
1790707810|20260930025010|898.25
1790707815|20260930025015|898.29
1790707820|20260930025020|898.42
1790707825|20260930025025|898.45
1790707845|20260930025045|898.06
1790707855|20260930025055|898.13
1790707870|20260930025110|898.45
1790707875|20260930025115|898.30
1790707880|20260930025120|898.53
1790707895|20260930025135|898.45
1790707905|20260930025145|898.46
1790707910|20260930025150|898.45
1790707925|20260930025205|898.46
1790707930|20260930025210|898.56
1790707940|20260930025220|898.50
1790707945|20260930025225|898.49
1790707955|20260930025235|898.47
1790707960|20260930025240|898.52
1790707965|20260930025245|898.72
1790707970|20260930025250|898.68
1790707975|20260930025255|898.77
1790708000|20260930025320|899.41
1790708005|20260930025325|899.34
1790708015|20260930025335|899.34
1790708020|20260930025340|899.26
1790708030|20260930025350|899.25
1790708035|20260930025355|899.29
1790708045|20260930025405|899.26
1790708050|20260930025410|899.17
1790708055|20260930025415|899.10
1790708060|20260930025420|899.10
1790708065|20260930025425|899.10
1790708090|20260930025450|899.07
1790708105|20260930025505|898.88
1790708120|20260930025520|898.81
1790708125|20260930025525|898.82
1790708135|20260930025535|898.79
1790708140|20260930025540|899.11
1790708145|20260930025545|899.02
1790708150|20260930025550|898.99
1790708165|20260930025605|898.93
1790708175|20260930025615|899.03
1790708180|20260930025620|899.07
1790708185|20260930025625|898.98
1790708195|20260930025635|899.00
1790708200|20260930025640|899.05
1790708205|20260930025645|899.13
1790708225|20260930025705|899.05
1790708230|20260930025710|899.06
1790708235|20260930025715|899.09
1790708240|20260930025720|898.96
1790708245|20260930025725|898.93
1790708260|20260930025740|898.95
1790708265|20260930025745|898.99
1790708270|20260930025750|898.98
1790708275|20260930025755|898.98
1790708285|20260930025805|899.05
1790708290|20260930025810|899.05
1790708295|20260930025815|899.06
1790708300|20260930025820|899.05
1790708305|20260930025825|899.16
1790708315|20260930025835|899.27
1790708325|20260930025845|899.21
1790708335|20260930025855|899.24
1790708345|20260930025905|899.40
1790708350|20260930025910|899.50
1790708360|20260930025920|899.46
1790708365|20260930025925|899.54
1790708400|20260930030000|899.39
1790708405|20260930030005|899.35
1790708410|20260930030010|899.37
1790708415|20260930030015|899.32
1790708420|20260930030020|899.44
1790708425|20260930030025|899.43
1790708440|20260930030040|899.29
1790708450|20260930030050|899.28
1790708465|20260930030105|899.35
1790708475|20260930030115|899.43
1790708480|20260930030120|899.46
1790708485|20260930030125|899.40
1790708495|20260930030135|899.37
1790708515|20260930030155|899.28
1790708525|20260930030205|899.32
1790708530|20260930030210|899.37
1790708545|20260930030225|899.27
1790708555|20260930030235|899.25
1790708560|20260930030240|899.21
1790708570|20260930030250|899.22
1790708575|20260930030255|899.25
1790708585|20260930030305|899.46
1790708590|20260930030310|899.47
1790708595|20260930030315|899.53
1790708600|20260930030320|899.55
1790708605|20260930030325|899.59
1790708615|20260930030335|899.54
1790708620|20260930030340|899.51
1790708625|20260930030345|899.50
1790708630|20260930030350|899.51
1790708645|20260930030405|899.45
1790708650|20260930030410|899.43
1790708655|20260930030415|899.34
1790708660|20260930030420|899.39
1790708665|20260930030425|899.57
1790708705|20260930030505|899.69
1790708710|20260930030510|899.62
1790708725|20260930030525|899.60
1790708735|20260930030535|899.51
1790708740|20260930030540|899.49
1790708750|20260930030550|899.51
1790708770|20260930030610|899.57
1790708775|20260930030615|899.58
1790708780|20260930030620|899.60
1790708785|20260930030625|899.68
1790708795|20260930030635|899.57
1790708800|20260930030640|899.57
1790708805|20260930030645|899.62
1790708810|20260930030650|899.61
1790708825|20260930030705|899.45
1790708830|20260930030710|899.42
1790708835|20260930030715|899.47
1790708840|20260930030720|899.63
1790708845|20260930030725|899.60
1790708860|20260930030740|899.60
1790708865|20260930030745|899.70
1790708870|20260930030750|899.66
1790708875|20260930030755|899.58
1790708885|20260930030805|899.45
1790708890|20260930030810|899.51
1790708895|20260930030815|899.41
1790708915|20260930030835|899.68
1790708920|20260930030840|899.77
1790708930|20260930030850|899.67
1790708935|20260930030855|899.44
1790708955|20260930030915|899.36
1790708960|20260930030920|899.40
1790708965|20260930030925|899.38
1790708975|20260930030935|899.38
1790709005|20260930031005|899.22
1790709015|20260930031015|899.22
1790709020|20260930031020|899.21
1790709035|20260930031035|899.08
1790709045|20260930031045|899.15
1790709055|20260930031055|899.16
1790709065|20260930031105|899.19
1790709070|20260930031110|899.10
1790709075|20260930031115|899.15
1790709080|20260930031120|899.16
1790709085|20260930031125|899.14
1790709095|20260930031135|899.18
1790709100|20260930031140|899.21
1790709105|20260930031145|899.13
1790709115|20260930031155|899.17
1790709140|20260930031220|898.99
1790709145|20260930031225|898.99
1790709165|20260930031245|898.86
1790709170|20260930031250|898.87
1790709185|20260930031305|898.75
1790709190|20260930031310|898.81
1790709195|20260930031315|898.84
1790709215|20260930031335|898.97
1790709220|20260930031340|898.97
1790709235|20260930031355|898.99
1790709245|20260930031405|898.89
1790709300|20260930031500|898.91
1790709305|20260930031505|898.88
1790709310|20260930031510|898.87
1790709315|20260930031515|898.88
1790709320|20260930031520|898.83
1790709325|20260930031525|898.88
1790709350|20260930031550|898.80
1790709355|20260930031555|898.78
1790709365|20260930031605|898.84
1790709380|20260930031620|898.96
1790709385|20260930031625|898.99
1790709405|20260930031645|898.94
1790709410|20260930031650|898.94
1790709415|20260930031655|899.05
1790709430|20260930031710|899.00
1790709435|20260930031715|899.00
1790709445|20260930031725|898.98
1790709460|20260930031740|898.97
1790709470|20260930031750|898.86
1790709475|20260930031755|898.88
1790709485|20260930031805|898.85
1790709500|20260930031820|898.97
1790709515|20260930031835|899.13
1790709530|20260930031850|899.25
1790709550|20260930031910|899.20
1790709555|20260930031915|899.18
1790709565|20260930031925|899.10
1790709590|20260930031950|899.21
1790709625|20260930032025|899.32
1790709635|20260930032035|899.21
1790709640|20260930032040|899.23
1790709645|20260930032045|899.20
1790709650|20260930032050|899.22
1790709655|20260930032055|899.23
1790709670|20260930032110|899.22
1790709675|20260930032115|899.26
1790709695|20260930032135|899.44
1790709705|20260930032145|899.45
1790709710|20260930032150|899.50
1790709725|20260930032205|899.41
1790709735|20260930032215|899.40
1790709745|20260930032225|899.26
1790709755|20260930032235|899.21
1790709760|20260930032240|899.24
1790709765|20260930032245|899.24
1790709775|20260930032255|899.27
1790709795|20260930032315|899.21
1790709800|20260930032320|899.21
1790709805|20260930032325|899.23
1790709815|20260930032335|899.19
1790709825|20260930032345|899.18
1790709835|20260930032355|899.09
1790709845|20260930032405|899.13
1790709850|20260930032410|899.14
1790709855|20260930032415|899.14
1790709860|20260930032420|899.15
1790709865|20260930032425|899.12
1790709900|20260930032500|899.07
1790709905|20260930032505|899.09
1790709910|20260930032510|899.06
1790709915|20260930032515|899.12
1790709920|20260930032520|899.09
1790709940|20260930032540|899.11
1790709945|20260930032545|899.08
1790709955|20260930032555|899.10
1790709970|20260930032610|899.08
1790709975|20260930032615|899.07
1790709985|20260930032625|898.94
1790709995|20260930032635|898.91
1790710005|20260930032645|898.89
1790710010|20260930032650|898.89
1790710015|20260930032655|898.89
1790710025|20260930032705|898.94
1790710030|20260930032710|898.93
1790710035|20260930032715|898.96
1790710040|20260930032720|898.93
1790710045|20260930032725|898.98
1790710055|20260930032735|899.07
1790710060|20260930032740|899.13
1790710065|20260930032745|899.17
1790710070|20260930032750|899.17
1790710075|20260930032755|899.19
1790710085|20260930032805|899.18
1790710095|20260930032815|899.20
1790710125|20260930032845|899.26
1790710160|20260930032920|899.24
1790710180|20260930032940|899.43
1790710205|20260930033005|899.42
1790710215|20260930033015|899.40
1790710220|20260930033020|899.42
1790710225|20260930033025|899.31
1790710240|20260930033040|899.28
1790710245|20260930033045|899.28
1790710250|20260930033050|899.22
1790710255|20260930033055|899.20
1790710280|20260930033120|899.34
1790710285|20260930033125|899.34
1790710300|20260930033140|899.32
1790710305|20260930033145|899.28
1790710315|20260930033155|899.36
1790710325|20260930033205|899.41
1790710330|20260930033210|899.38
1790710335|20260930033215|899.39
1790710340|20260930033220|899.36
1790710360|20260930033240|899.40
1790710365|20260930033245|899.41
1790710375|20260930033255|899.43
1790710385|20260930033305|899.40
1790710395|20260930033315|899.34
1790710405|20260930033325|899.27
1790710420|20260930033340|899.18
1790710425|20260930033345|899.10
1790710430|20260930033350|899.25
1790710435|20260930033355|899.27
1790710445|20260930033405|899.30
1790710450|20260930033410|899.28
1790710455|20260930033415|899.26
1790710460|20260930033420|899.28
1790710505|20260930033505|899.35
1790710510|20260930033510|899.40
1790710520|20260930033520|899.40
1790710525|20260930033525|899.41
1790710535|20260930033535|899.35
1790710545|20260930033545|899.33
1790710550|20260930033550|899.36
1790710555|20260930033555|899.55
1790710570|20260930033610|899.54
1790710575|20260930033615|899.52
1790710580|20260930033620|899.61
1790710585|20260930033625|899.61
1790710595|20260930033635|899.64
1790710600|20260930033640|899.65
1790710605|20260930033645|899.66
1790710610|20260930033650|899.68
1790710630|20260930033710|899.69
1790710635|20260930033715|899.63
1790710645|20260930033725|899.60
1790710655|20260930033735|899.64
1790710660|20260930033740|899.66
1790710665|20260930033745|899.69
1790710685|20260930033805|899.66
1790710695|20260930033815|899.65
1790710700|20260930033820|899.66
1790710715|20260930033835|899.63
1790710725|20260930033845|899.64
1790710730|20260930033850|899.62
1790710745|20260930033905|899.70
1790710750|20260930033910|899.69
1790710755|20260930033915|899.72
1790710760|20260930033920|899.94
1790710765|20260930033925|900.00
1790710805|20260930034005|899.70
1790710815|20260930034015|899.62
1790710820|20260930034020|899.62
1790710825|20260930034025|899.47
1790710835|20260930034035|899.51
1790710840|20260930034040|899.45
1790710845|20260930034045|899.46
1790710850|20260930034050|899.52
1790710865|20260930034105|899.62
1790710870|20260930034110|899.57
1790710875|20260930034115|899.55
1790710880|20260930034120|899.43
1790710885|20260930034125|899.44
1790710895|20260930034135|899.39
1790710900|20260930034140|899.39
1790710905|20260930034145|899.41
1790710910|20260930034150|899.44
1790710915|20260930034155|899.45
1790710925|20260930034205|899.39
1790710935|20260930034215|899.36
1790710945|20260930034225|899.28
1790710955|20260930034235|899.27
1790710960|20260930034240|899.33
1790710965|20260930034245|899.33
1790710975|20260930034255|899.45
1790710985|20260930034305|899.55
1790711000|20260930034320|899.60
1790711015|20260930034335|899.64
1790711020|20260930034340|899.55
1790711025|20260930034345|899.55
1790711035|20260930034355|899.57
1790711050|20260930034410|899.49
1790711055|20260930034415|899.42
1790711065|20260930034425|899.57
1790711105|20260930034505|899.59
1790711110|20260930034510|899.59
1790711120|20260930034520|899.58
1790711135|20260930034535|899.58
1790711140|20260930034540|899.51
1790711145|20260930034545|899.52
1790711150|20260930034550|899.39
1790711155|20260930034555|899.40
1790711175|20260930034615|899.28
1790711195|20260930034635|899.40
1790711200|20260930034640|899.39
1790711205|20260930034645|899.36
1790711210|20260930034650|899.40
1790711230|20260930034710|899.38
1790711235|20260930034715|899.41
1790711240|20260930034720|899.44
1790711245|20260930034725|899.44
1790711255|20260930034735|899.41
1790711260|20260930034740|899.37
1790711275|20260930034755|899.40
1790711290|20260930034810|899.46
1790711315|20260930034835|899.36
1790711320|20260930034840|899.42
1790711330|20260930034850|899.40
1790711345|20260930034905|899.43
1790711350|20260930034910|899.34
1790711355|20260930034915|899.34
1790711360|20260930034920|899.35
1790711400|20260930035000|899.31
1790711405|20260930035005|899.33
1790711415|20260930035015|899.38
1790711420|20260930035020|899.36
1790711425|20260930035025|899.33
1790711435|20260930035035|899.40
1790711440|20260930035040|899.46
1790711445|20260930035045|899.46
1790711450|20260930035050|899.36
1790711465|20260930035105|899.24
1790711480|20260930035120|899.47
1790711495|20260930035135|899.39
1790711500|20260930035140|899.41
1790711515|20260930035155|899.33
1790711535|20260930035215|899.35
1790711540|20260930035220|899.27
1790711545|20260930035225|899.26
1790711570|20260930035250|899.38
1790711575|20260930035255|899.36
1790711590|20260930035310|899.29
1790711600|20260930035320|899.35
1790711605|20260930035325|899.49
1790711615|20260930035335|899.68
1790711620|20260930035340|899.61
1790711625|20260930035345|899.81
1790711635|20260930035355|899.82
1790711650|20260930035410|900.04
1790711655|20260930035415|899.94
1790711660|20260930035420|900.03
1790711665|20260930035425|900.03
1790711700|20260930035500|900.10
1790711705|20260930035505|900.11
1790711710|20260930035510|900.07
1790711715|20260930035515|900.10
1790711720|20260930035520|900.14
1790711725|20260930035525|900.18
1790711735|20260930035535|900.13
1790711740|20260930035540|900.21
1790711750|20260930035550|900.19
1790711765|20260930035605|900.16
1790711775|20260930035615|900.28
1790711780|20260930035620|900.25
1790711785|20260930035625|900.27
1790711800|20260930035640|900.26
1790711805|20260930035645|900.26
1790711825|20260930035705|900.20
1790711830|20260930035710|900.18
1790711835|20260930035715|900.13
1790711840|20260930035720|900.24
1790711845|20260930035725|900.16
1790711860|20260930035740|899.90
1790711870|20260930035750|899.85
1790711875|20260930035755|899.84
1790711885|20260930035805|899.82
1790711890|20260930035810|899.83
1790711900|20260930035820|899.83
1790711905|20260930035825|899.93
1790711915|20260930035835|900.06
1790711920|20260930035840|899.87
1790711925|20260930035845|900.10
1790711930|20260930035850|900.09
1790711935|20260930035855|900.10
1790711945|20260930035905|900.13
1790711950|20260930035910|900.16
1790711965|20260930035925|900.16
1790712000|20260930040000|900.77
1790712015|20260930040015|900.74
1790712020|20260930040020|900.74
1790712045|20260930040045|900.70
1790712050|20260930040050|900.62
1790712055|20260930040055|900.61
1790712070|20260930040110|900.64
1790712075|20260930040115|900.63
1790712080|20260930040120|900.60
1790712085|20260930040125|900.60
1790712095|20260930040135|900.13
1790712135|20260930040215|899.97
1790712140|20260930040220|899.97
1790712145|20260930040225|900.09
1790712160|20260930040240|900.10
1790712165|20260930040245|900.08
1790712170|20260930040250|900.08
1790712175|20260930040255|900.04
1790712185|20260930040305|900.10
1790712190|20260930040310|900.10
1790712205|20260930040325|900.19
1790712215|20260930040335|900.18
1790712220|20260930040340|900.08
1790712230|20260930040350|900.14
1790712255|20260930040415|900.16
1790712260|20260930040420|900.15
1790712265|20260930040425|900.10
1790712300|20260930040500|900.16
1790712305|20260930040505|900.16
1790712340|20260930040540|900.05
1790712345|20260930040545|900.14
1790712370|20260930040610|900.06
1790712375|20260930040615|900.12
1790712380|20260930040620|900.14
1790712405|20260930040645|900.14
1790712410|20260930040650|900.18
1790712415|20260930040655|900.29
1790712425|20260930040705|900.25
1790712440|20260930040720|900.17
1790712445|20260930040725|900.27
1790712455|20260930040735|900.28
1790712460|20260930040740|900.33
1790712470|20260930040750|900.34
1790712475|20260930040755|900.31
1790712485|20260930040805|900.28
1790712490|20260930040810|900.28
1790712505|20260930040825|900.30
1790712520|20260930040840|900.27
1790712525|20260930040845|900.20
1790712535|20260930040855|900.25
1790712545|20260930040905|900.22
1790712560|20260930040920|900.25
1790712565|20260930040925|900.26
1790712600|20260930041000|900.44
1790712605|20260930041005|900.28
1790712610|20260930041010|900.05
1790712615|20260930041015|900.06
1790712625|20260930041025|900.10
1790712635|20260930041035|900.13
1790712640|20260930041040|900.13
1790712645|20260930041045|899.81
1790712650|20260930041050|899.85
1790712655|20260930041055|899.85
1790712665|20260930041105|899.80
1790712685|20260930041125|899.85
1790712695|20260930041135|899.79
1790712710|20260930041150|899.77
1790712715|20260930041155|899.72
1790712725|20260930041205|899.88
1790712730|20260930041210|899.97
1790712735|20260930041215|899.94
1790712740|20260930041220|899.91
1790712745|20260930041225|899.93
1790712755|20260930041235|899.98
1790712760|20260930041240|900.03
1790712765|20260930041245|900.04
1790712775|20260930041255|899.99
1790712785|20260930041305|899.94
1790712790|20260930041310|899.91
1790712795|20260930041315|899.91
1790712800|20260930041320|899.92
1790712815|20260930041335|899.79
1790712820|20260930041340|899.79
1790712825|20260930041345|899.75
1790712835|20260930041355|899.75
1790712850|20260930041410|899.72
1790712855|20260930041415|899.74
1790712860|20260930041420|899.82
1790712865|20260930041425|899.79
1790712900|20260930041500|899.66
1790712905|20260930041505|899.77
1790712910|20260930041510|899.74
1790712915|20260930041515|899.85
1790712920|20260930041520|899.73
1790712925|20260930041525|899.73
1790712940|20260930041540|899.73
1790712945|20260930041545|899.75
1790712965|20260930041605|899.61
1790712970|20260930041610|899.61
1790712985|20260930041625|899.59
1790712995|20260930041635|899.58
1790713000|20260930041640|899.58
1790713010|20260930041650|899.56
1790713030|20260930041710|899.60
1790713060|20260930041740|899.68
1790713065|20260930041745|899.65
1790713075|20260930041755|899.69
1790713095|20260930041815|899.84
1790713105|20260930041825|899.95
1790713115|20260930041835|899.98
1790713120|20260930041840|899.98
1790713130|20260930041850|900.04
1790713150|20260930041910|900.03
1790713160|20260930041920|900.03
1790713165|20260930041925|900.00
1790713200|20260930042000|899.95
1790713215|20260930042015|899.93
1790713235|20260930042035|899.96
1790713240|20260930042040|899.95
1790713245|20260930042045|899.94
1790713250|20260930042050|899.92
1790713255|20260930042055|899.93
1790713270|20260930042110|899.89
1790713275|20260930042115|899.98
1790713280|20260930042120|899.97
1790713285|20260930042125|900.11
1790713295|20260930042135|900.11
1790713300|20260930042140|900.12
1790713305|20260930042145|900.11
1790713310|20260930042150|900.11
1790713325|20260930042205|900.15
1790713335|20260930042215|900.11
1790713340|20260930042220|900.12
1790713345|20260930042225|900.12
1790713355|20260930042235|900.12
1790713360|20260930042240|900.13
1790713365|20260930042245|900.07
1790713375|20260930042255|900.33
1790713385|20260930042305|900.32
1790713390|20260930042310|900.25
1790713395|20260930042315|900.25
1790713400|20260930042320|900.25
1790713415|20260930042335|900.09
1790713420|20260930042340|900.06
1790713425|20260930042345|900.08
1790713445|20260930042405|900.13
1790713450|20260930042410|900.10
1790713455|20260930042415|900.11
1790713465|20260930042425|900.03
1790713500|20260930042500|900.06
1790713505|20260930042505|900.05
1790713510|20260930042510|900.03
1790713515|20260930042515|900.04
1790713520|20260930042520|900.05
1790713525|20260930042525|900.07
1790713535|20260930042535|900.09
1790713540|20260930042540|900.12
1790713545|20260930042545|900.14
1790713555|20260930042555|900.09
1790713580|20260930042620|900.15
1790713585|20260930042625|900.14
1790713595|20260930042635|900.12
1790713605|20260930042645|900.12
1790713625|20260930042705|900.11
1790713630|20260930042710|900.13
1790713635|20260930042715|900.13
1790713640|20260930042720|900.12
1790713645|20260930042725|900.17
1790713655|20260930042735|900.16
1790713660|20260930042740|900.16
1790713670|20260930042750|900.14
1790713685|20260930042805|900.14
1790713690|20260930042810|900.09
1790713695|20260930042815|900.09
1790713705|20260930042825|900.10
1790713715|20260930042835|900.09
1790713720|20260930042840|900.11
1790713725|20260930042845|900.17
1790713730|20260930042850|900.23
1790713735|20260930042855|900.25
1790713745|20260930042905|900.35
1790713755|20260930042915|900.48
1790713765|20260930042925|900.49
1790713800|20260930043000|900.46
1790713805|20260930043005|900.44
1790713810|20260930043010|900.46
1790713815|20260930043015|900.45
1790713825|20260930043025|900.35
1790713845|20260930043045|900.39
1790713850|20260930043050|900.39
1790713855|20260930043055|900.29
1790713865|20260930043105|900.33
1790713875|20260930043115|900.43
1790713880|20260930043120|900.44
1790713885|20260930043125|900.40
1790713915|20260930043155|900.47
1790713930|20260930043210|900.40
1790713935|20260930043215|900.62
1790713960|20260930043240|900.55
1790713965|20260930043245|900.53
1790713975|20260930043255|900.57
1790713990|20260930043310|900.73
1790713995|20260930043315|900.75
1790714000|20260930043320|900.73
1790714005|20260930043325|900.83
1790714015|20260930043335|900.82
1790714020|20260930043340|900.81
1790714025|20260930043345|900.89
1790714035|20260930043355|900.89
1790714045|20260930043405|900.84
1790714050|20260930043410|900.88
1790714055|20260930043415|900.81
1790714060|20260930043420|900.83
1790714075|20260930043435|900.86
1790714095|20260930043455|900.87
1790714105|20260930043505|900.95
1790714110|20260930043510|900.95
1790714115|20260930043515|900.94
1790714120|20260930043520|900.95
1790714125|20260930043525|900.85
1790714135|20260930043535|900.85
1790714140|20260930043540|900.85
1790714145|20260930043545|900.84
1790714150|20260930043550|900.96
1790714170|20260930043610|901.08
1790714175|20260930043615|901.14
1790714180|20260930043620|901.17
1790714195|20260930043635|901.20
1790714205|20260930043645|901.11
1790714210|20260930043650|901.12
1790714215|20260930043655|901.03
1790714225|20260930043705|901.02
1790714230|20260930043710|901.07
1790714240|20260930043720|901.03
1790714245|20260930043725|901.05
1790714255|20260930043735|901.09
1790714265|20260930043745|901.16
1790714270|20260930043750|901.13
1790714275|20260930043755|901.07
1790714290|20260930043810|901.00
1790714300|20260930043820|901.04
1790714305|20260930043825|901.06
1790714315|20260930043835|901.07
1790714320|20260930043840|901.09
1790714325|20260930043845|901.08
1790714345|20260930043905|901.07
1790714350|20260930043910|901.09
1790714355|20260930043915|901.13
1790714360|20260930043920|901.48
1790714365|20260930043925|901.62
1790714375|20260930043935|901.63
1790714400|20260930044000|901.58
1790714405|20260930044005|901.63
1790714410|20260930044010|901.67
1790714415|20260930044015|901.68
1790714420|20260930044020|901.79
1790714425|20260930044025|901.74
1790714435|20260930044035|901.72
1790714440|20260930044040|901.71
1790714445|20260930044045|901.72
1790714450|20260930044050|901.72
1790714455|20260930044055|901.71
1790714465|20260930044105|901.77
1790714475|20260930044115|901.79
1790714485|20260930044125|901.88
1790714500|20260930044140|901.90
1790714510|20260930044150|901.88
1790714515|20260930044155|901.87
1790714525|20260930044205|902.06
1790714530|20260930044210|902.20
1790714535|20260930044215|902.20
1790714540|20260930044220|902.25
1790714545|20260930044225|902.21
1790714555|20260930044235|902.21
1790714560|20260930044240|902.22
1790714565|20260930044245|902.21
1790714570|20260930044250|902.18
1790714575|20260930044255|902.20
1790714585|20260930044305|902.21
1790714590|20260930044310|902.18
1790714595|20260930044315|902.25
1790714600|20260930044320|902.29
1790714605|20260930044325|902.34
1790714615|20260930044335|902.30
1790714620|20260930044340|902.14
1790714635|20260930044355|902.12
1790714645|20260930044405|902.08
1790714655|20260930044415|902.08
1790714705|20260930044505|902.40
1790714710|20260930044510|902.38
1790714715|20260930044515|902.44
1790714720|20260930044520|902.46
1790714725|20260930044525|902.35
1790714735|20260930044535|902.07
1790714740|20260930044540|902.06
1790714745|20260930044545|902.05
1790714750|20260930044550|902.05
1790714755|20260930044555|902.07
1790714765|20260930044605|902.01
1790714770|20260930044610|901.98
1790714775|20260930044615|901.96
1790714780|20260930044620|901.95
1790714785|20260930044625|901.88
1790714800|20260930044640|902.00
1790714805|20260930044645|902.00
1790714810|20260930044650|901.99
1790714815|20260930044655|901.93
1790714825|20260930044705|902.02
1790714835|20260930044715|902.00
1790714840|20260930044720|902.01
1790714845|20260930044725|902.05
1790714855|20260930044735|902.15
1790714860|20260930044740|902.15
1790714865|20260930044745|902.14
1790714870|20260930044750|902.13
1790714875|20260930044755|902.12
1790714885|20260930044805|902.08
1790714890|20260930044810|902.15
1790714895|20260930044815|902.12
1790714900|20260930044820|902.11
1790714905|20260930044825|902.08
1790714915|20260930044835|902.06
1790714920|20260930044840|901.96
1790714925|20260930044845|901.96
1790714935|20260930044855|901.88
1790714945|20260930044905|901.83
1790714950|20260930044910|901.82
1790714955|20260930044915|901.84
1790714960|20260930044920|901.85
1790714965|20260930044925|901.81
1790715000|20260930045000|901.77
1790715015|20260930045015|901.63
1790715020|20260930045020|901.59
1790715025|20260930045025|901.45
1790715035|20260930045035|901.59
1790715045|20260930045045|901.47
1790715050|20260930045050|901.48
1790715065|20260930045105|901.64
1790715070|20260930045110|901.58
1790715095|20260930045135|901.57
1790715100|20260930045140|901.57
1790715105|20260930045145|901.49
1790715110|20260930045150|901.52
1790715115|20260930045155|901.48
1790715125|20260930045205|901.51
1790715130|20260930045210|901.44
1790715135|20260930045215|901.43
1790715170|20260930045250|901.38
1790715185|20260930045305|901.37
1790715190|20260930045310|901.38
1790715195|20260930045315|901.36
1790715200|20260930045320|901.30
1790715205|20260930045325|901.30
1790715269|20260930045429|901.33
