1788364805|20260903000005|944.65
1788364815|20260903000015|944.48
1788364820|20260903000020|944.45
1788364825|20260903000025|944.49
1788364835|20260903000035|944.78
1788364840|20260903000040|944.85
1788364845|20260903000045|945.02
1788364850|20260903000050|945.01
1788364855|20260903000055|944.94
1788364860|20260903000100|944.91
1788364865|20260903000105|944.82
1788364875|20260903000115|944.78
1788364880|20260903000120|944.91
1788364885|20260903000125|944.87
1788364895|20260903000135|944.89
1788364900|20260903000140|944.81
1788364905|20260903000145|944.85
1788364910|20260903000150|944.84
1788364915|20260903000155|944.82
1788364925|20260903000205|944.95
1788364935|20260903000215|944.97
1788364940|20260903000220|944.96
1788364945|20260903000225|945.05
1788364960|20260903000240|944.94
1788364965|20260903000245|944.90
1788364975|20260903000255|944.94
1788364985|20260903000305|944.80
1788364990|20260903000310|944.70
1788364995|20260903000315|944.63
1788365000|20260903000320|944.93
1788365005|20260903000325|945.03
1788365020|20260903000340|945.01
1788365025|20260903000345|945.00
1788365030|20260903000350|945.03
1788365045|20260903000405|944.95
1788365050|20260903000410|944.93
1788365055|20260903000415|944.72
1788365060|20260903000420|944.75
1788365065|20260903000425|944.72
1788365080|20260903000440|944.79
1788365105|20260903000505|944.69
1788365110|20260903000510|944.68
1788365115|20260903000515|944.68
1788365120|20260903000520|944.62
1788365125|20260903000525|944.55
1788365135|20260903000535|944.46
1788365140|20260903000540|944.38
1788365145|20260903000545|944.38
1788365155|20260903000555|943.95
1788365160|20260903000600|944.00
1788365165|20260903000605|943.88
1788365170|20260903000610|943.83
1788365175|20260903000615|943.98
1788365180|20260903000620|943.98
1788365200|20260903000640|944.12
1788365205|20260903000645|944.08
1788365210|20260903000650|944.06
1788365215|20260903000655|943.94
1788365220|20260903000700|944.07
1788365225|20260903000705|944.02
1788365230|20260903000710|944.11
1788365235|20260903000715|944.17
1788365240|20260903000720|944.21
1788365245|20260903000725|944.16
1788365250|20260903000730|944.29
1788365255|20260903000735|944.32
1788365260|20260903000740|944.30
1788365265|20260903000745|944.20
1788365270|20260903000750|944.23
1788365275|20260903000755|944.15
1788365280|20260903000800|944.07
1788365285|20260903000805|944.09
1788365290|20260903000810|944.08
1788365300|20260903000820|944.06
1788365320|20260903000840|944.26
1788365325|20260903000845|944.26
1788365330|20260903000850|944.29
1788365335|20260903000855|944.20
1788365340|20260903000900|944.25
1788365345|20260903000905|944.28
1788365350|20260903000910|944.27
1788365355|20260903000915|944.22
1788365360|20260903000920|944.26
1788365365|20260903000925|944.26
1788365380|20260903000940|944.26
1788365410|20260903001010|944.26
1788365415|20260903001015|944.33
1788365445|20260903001045|944.29
1788365450|20260903001050|944.26
1788365455|20260903001055|944.32
1788365460|20260903001100|944.38
1788365465|20260903001105|944.38
1788365470|20260903001110|944.36
1788365475|20260903001115|944.29
1788365480|20260903001120|944.34
1788365485|20260903001125|944.29
1788365495|20260903001135|944.25
1788365500|20260903001140|944.26
1788365505|20260903001145|944.26
1788365510|20260903001150|944.26
1788365515|20260903001155|944.16
1788365520|20260903001200|944.20
1788365530|20260903001210|944.25
1788365535|20260903001215|944.23
1788365540|20260903001220|944.24
1788365545|20260903001225|944.15
1788365555|20260903001235|944.38
1788365560|20260903001240|944.33
1788365565|20260903001245|944.36
1788365570|20260903001250|944.36
1788365575|20260903001255|944.41
1788365580|20260903001300|944.41
1788365585|20260903001305|944.42
1788365590|20260903001310|944.41
1788365600|20260903001320|944.23
1788365605|20260903001325|944.13
1788365615|20260903001335|944.35
1788365625|20260903001345|944.54
1788365640|20260903001400|944.50
1788365645|20260903001405|944.45
1788365650|20260903001410|944.49
1788365660|20260903001420|944.52
1788365665|20260903001425|944.45
1788365680|20260903001440|944.71
1788365690|20260903001450|944.56
1788365700|20260903001500|944.56
1788365705|20260903001505|944.56
1788365710|20260903001510|944.49
1788365715|20260903001515|944.53
1788365725|20260903001525|944.52
1788365735|20260903001535|944.38
1788365740|20260903001540|944.31
1788365745|20260903001545|944.34
1788365750|20260903001550|944.20
1788365755|20260903001555|944.24
1788365760|20260903001600|944.31
1788365770|20260903001610|944.14
1788365775|20260903001615|943.89
1788365780|20260903001620|943.90
1788365785|20260903001625|943.89
1788365795|20260903001635|943.76
1788365800|20260903001640|943.74
1788365805|20260903001645|943.77
1788365810|20260903001650|943.73
1788365825|20260903001705|943.89
1788365830|20260903001710|943.79
1788365835|20260903001715|943.85
1788365840|20260903001720|943.89
1788365845|20260903001725|943.92
1788365855|20260903001735|944.12
1788365865|20260903001745|944.29
1788365870|20260903001750|944.20
1788365875|20260903001755|944.09
1788365880|20260903001800|943.95
1788365885|20260903001805|944.02
1788365895|20260903001815|944.01
1788365905|20260903001825|944.03
1788365920|20260903001840|944.09
1788365930|20260903001850|944.09
1788365935|20260903001855|944.14
1788365940|20260903001900|944.19
1788365945|20260903001905|944.18
1788365950|20260903001910|944.19
1788365955|20260903001915|944.17
1788365960|20260903001920|944.28
1788366005|20260903002005|944.05
1788366010|20260903002010|944.02
1788366015|20260903002015|944.11
1788366020|20260903002020|944.13
1788366025|20260903002025|944.08
1788366035|20260903002035|944.08
1788366040|20260903002040|944.13
1788366050|20260903002050|944.19
1788366055|20260903002055|944.06
1788366060|20260903002100|944.06
1788366065|20260903002105|944.01
1788366070|20260903002110|944.00
1788366075|20260903002115|944.17
1788366085|20260903002125|944.02
1788366110|20260903002150|944.07
1788366115|20260903002155|944.03
1788366130|20260903002210|944.11
1788366135|20260903002215|944.11
1788366140|20260903002220|944.00
1788366155|20260903002235|944.04
1788366160|20260903002240|944.03
1788366170|20260903002250|944.08
1788366175|20260903002255|944.18
1788366180|20260903002300|944.16
1788366185|20260903002305|944.20
1788366200|20260903002320|944.11
1788366205|20260903002325|944.07
1788366215|20260903002335|943.86
1788366220|20260903002340|943.90
1788366225|20260903002345|943.87
1788366230|20260903002350|943.88
1788366235|20260903002355|943.89
1788366240|20260903002400|943.77
1788366245|20260903002405|943.90
1788366250|20260903002410|943.87
1788366255|20260903002415|943.90
1788366260|20260903002420|943.92
1788366265|20260903002425|943.93
1788366300|20260903002500|943.98
1788366305|20260903002505|943.94
1788366310|20260903002510|944.00
1788366315|20260903002515|944.02
1788366320|20260903002520|943.95
1788366325|20260903002525|943.93
1788366335|20260903002535|943.90
1788366340|20260903002540|943.90
1788366345|20260903002545|943.98
1788366350|20260903002550|943.93
1788366355|20260903002555|943.83
1788366360|20260903002600|943.94
1788366365|20260903002605|943.95
1788366370|20260903002610|943.93
1788366375|20260903002615|944.00
1788366380|20260903002620|944.03
1788366385|20260903002625|943.94
1788366395|20260903002635|943.82
1788366400|20260903002640|943.84
1788366405|20260903002645|943.87
1788366410|20260903002650|943.89
1788366415|20260903002655|943.88
1788366425|20260903002705|943.99
1788366430|20260903002710|944.02
1788366435|20260903002715|943.95
1788366440|20260903002720|943.96
1788366445|20260903002725|943.95
1788366455|20260903002735|943.91
1788366465|20260903002745|943.91
1788366470|20260903002750|943.83
1788366480|20260903002800|943.80
1788366485|20260903002805|943.83
1788366490|20260903002810|943.85
1788366495|20260903002815|943.87
1788366500|20260903002820|943.88
1788366505|20260903002825|944.03
1788366515|20260903002835|944.06
1788366520|20260903002840|944.04
1788366525|20260903002845|944.04
1788366535|20260903002855|943.86
1788366545|20260903002905|943.89
1788366550|20260903002910|943.90
1788366555|20260903002915|943.80
1788366560|20260903002920|943.83
1788366565|20260903002925|943.74
1788366605|20260903003005|943.77
1788366610|20260903003010|943.76
1788366615|20260903003015|943.84
1788366640|20260903003040|943.60
1788366645|20260903003045|943.62
1788366650|20260903003050|943.74
1788366655|20260903003055|943.89
1788366660|20260903003100|943.89
1788366675|20260903003115|943.90
1788366680|20260903003120|943.92
1788366685|20260903003125|943.96
1788366695|20260903003135|944.03
1788366700|20260903003140|944.07
1788366715|20260903003155|944.13
1788366735|20260903003215|943.97
1788366740|20260903003220|943.94
1788366745|20260903003225|943.96
1788366755|20260903003235|943.99
1788366760|20260903003240|944.00
1788366765|20260903003245|943.81
1788366770|20260903003250|943.81
1788366775|20260903003255|943.82
1788366780|20260903003300|943.79
1788366785|20260903003305|943.84
1788366795|20260903003315|943.87
1788366800|20260903003320|943.85
1788366805|20260903003325|943.80
1788366815|20260903003335|943.85
1788366820|20260903003340|943.93
1788366825|20260903003345|943.88
1788366835|20260903003355|943.86
1788366845|20260903003405|943.48
1788366850|20260903003410|943.58
1788366855|20260903003415|943.64
1788366860|20260903003420|943.60
1788366865|20260903003425|943.65
1788366900|20260903003500|943.47
1788366905|20260903003505|943.46
1788366910|20260903003510|943.52
1788366915|20260903003515|943.58
1788366920|20260903003520|943.66
1788366925|20260903003525|943.66
1788366935|20260903003535|943.58
1788366940|20260903003540|943.52
1788366945|20260903003545|943.53
1788366950|20260903003550|943.51
1788366955|20260903003555|943.60
1788366960|20260903003600|943.58
1788366965|20260903003605|943.66
1788366970|20260903003610|943.65
1788366980|20260903003620|943.64
1788366995|20260903003635|943.47
1788367000|20260903003640|943.50
1788367005|20260903003645|943.61
1788367015|20260903003655|943.58
1788367025|20260903003705|943.60
1788367035|20260903003715|943.66
1788367040|20260903003720|943.58
1788367045|20260903003725|943.39
1788367055|20260903003735|943.61
1788367060|20260903003740|943.74
1788367075|20260903003755|943.66
1788367085|20260903003805|943.67
1788367090|20260903003810|943.56
1788367095|20260903003815|943.59
1788367100|20260903003820|943.56
1788367105|20260903003825|943.64
1788367120|20260903003840|943.50
1788367130|20260903003850|943.28
1788367135|20260903003855|943.40
1788367140|20260903003900|943.47
1788367145|20260903003905|943.49
1788367150|20260903003910|943.50
1788367160|20260903003920|943.48
1788367165|20260903003925|943.46
1788367205|20260903004005|943.72
1788367210|20260903004010|943.43
1788367220|20260903004020|943.33
1788367240|20260903004040|943.33
1788367245|20260903004045|943.32
1788367250|20260903004050|943.32
1788367255|20260903004055|943.33
1788367260|20260903004100|943.30
1788367265|20260903004105|943.26
1788367270|20260903004110|943.15
1788367275|20260903004115|943.08
1788367280|20260903004120|943.11
1788367285|20260903004125|943.14
1788367295|20260903004135|943.14
1788367300|20260903004140|943.20
1788367305|20260903004145|943.18
1788367310|20260903004150|943.20
1788367315|20260903004155|943.16
1788367325|20260903004205|943.24
1788367330|20260903004210|943.24
1788367335|20260903004215|943.41
1788367340|20260903004220|943.38
1788367345|20260903004225|943.34
1788367355|20260903004235|943.19
1788367360|20260903004240|943.19
1788367365|20260903004245|943.21
1788367375|20260903004255|943.16
1788367385|20260903004305|943.11
1788367390|20260903004310|943.08
1788367395|20260903004315|943.10
1788367400|20260903004320|943.10
1788367405|20260903004325|943.03
1788367415|20260903004335|943.05
1788367420|20260903004340|943.10
1788367425|20260903004345|943.11
1788367435|20260903004355|942.98
1788367445|20260903004405|942.96
1788367450|20260903004410|942.90
1788367455|20260903004415|942.92
1788367460|20260903004420|942.95
1788367465|20260903004425|942.99
1788367500|20260903004500|942.94
1788367505|20260903004505|942.95
1788367510|20260903004510|942.98
1788367515|20260903004515|942.98
1788367520|20260903004520|942.95
1788367525|20260903004525|942.96
1788367535|20260903004535|942.90
1788367540|20260903004540|942.94
1788367545|20260903004545|942.91
1788367560|20260903004600|942.93
1788367565|20260903004605|942.95
1788367570|20260903004610|942.95
1788367575|20260903004615|942.94
1788367580|20260903004620|942.98
1788367585|20260903004625|942.96
1788367595|20260903004635|943.00
1788367600|20260903004640|943.06
1788367610|20260903004650|943.00
1788367615|20260903004655|942.95
1788367620|20260903004700|942.98
1788367625|20260903004705|942.99
1788367630|20260903004710|943.01
1788367635|20260903004715|942.96
1788367640|20260903004720|943.02
1788367645|20260903004725|943.05
1788367655|20260903004735|942.98
1788367660|20260903004740|942.98
1788367665|20260903004745|943.04
1788367675|20260903004755|943.07
1788367685|20260903004805|942.98
1788367700|20260903004820|943.05
1788367705|20260903004825|943.02
1788367715|20260903004835|943.04
1788367720|20260903004840|942.99
1788367725|20260903004845|943.02
1788367730|20260903004850|942.98
1788367735|20260903004855|943.02
1788367740|20260903004900|942.99
1788367745|20260903004905|943.14
1788367750|20260903004910|943.18
1788367755|20260903004915|943.03
1788367760|20260903004920|943.03
1788367795|20260903004955|943.24
1788367800|20260903005000|943.21
1788367805|20260903005005|943.16
1788367810|20260903005010|943.08
1788367815|20260903005015|943.01
1788367820|20260903005020|942.99
1788367825|20260903005025|942.96
1788367835|20260903005035|943.05
1788367840|20260903005040|943.00
1788367845|20260903005045|942.99
1788367850|20260903005050|943.20
1788367855|20260903005055|943.21
1788367860|20260903005100|943.23
1788367865|20260903005105|943.34
1788367870|20260903005110|943.31
1788367875|20260903005115|943.27
1788367880|20260903005120|943.29
1788367885|20260903005125|943.37
1788367895|20260903005135|943.53
1788367900|20260903005140|943.36
1788367905|20260903005145|943.41
1788367915|20260903005155|943.35
1788367920|20260903005200|943.36
1788367925|20260903005205|943.32
1788367930|20260903005210|943.28
1788367935|20260903005215|943.25
1788367940|20260903005220|943.35
1788367945|20260903005225|943.38
1788367955|20260903005235|943.46
1788367960|20260903005240|943.45
1788367965|20260903005245|943.50
1788367970|20260903005250|943.71
1788367975|20260903005255|943.72
1788367980|20260903005300|943.73
1788367990|20260903005310|943.62
1788367995|20260903005315|943.58
1788368000|20260903005320|943.62
1788368005|20260903005325|943.65
1788368015|20260903005335|943.79
1788368020|20260903005340|943.78
1788368025|20260903005345|943.74
1788368030|20260903005350|943.74
1788368035|20260903005355|943.91
1788368040|20260903005400|943.90
1788368045|20260903005405|943.96
1788368060|20260903005420|944.04
1788368065|20260903005425|944.07
1788368075|20260903005435|944.00
1788368100|20260903005500|944.02
1788368105|20260903005505|944.08
1788368110|20260903005510|944.08
1788368115|20260903005515|944.05
1788368120|20260903005520|944.01
1788368125|20260903005525|944.06
1788368135|20260903005535|943.98
1788368140|20260903005540|943.98
1788368145|20260903005545|943.93
1788368150|20260903005550|943.91
1788368155|20260903005555|943.92
1788368160|20260903005600|943.94
1788368165|20260903005605|943.94
1788368175|20260903005615|944.05
1788368180|20260903005620|943.93
1788368185|20260903005625|943.72
1788368200|20260903005640|943.98
1788368205|20260903005645|944.02
1788368210|20260903005650|944.03
1788368215|20260903005655|944.10
1788368225|20260903005705|944.10
1788368240|20260903005720|944.05
1788368260|20260903005740|943.98
1788368265|20260903005745|943.97
1788368270|20260903005750|943.98
1788368275|20260903005755|944.05
1788368280|20260903005800|943.97
1788368285|20260903005805|944.00
1788368290|20260903005810|944.07
1788368295|20260903005815|944.05
1788368300|20260903005820|944.00
1788368325|20260903005845|944.01
1788368340|20260903005900|943.93
1788368345|20260903005905|943.87
1788368350|20260903005910|943.83
1788368355|20260903005915|943.82
1788368360|20260903005920|943.80
1788368365|20260903005925|943.73
1788368380|20260903005940|943.71
1788368400|20260903010000|943.68
1788368410|20260903010010|943.66
1788368415|20260903010015|943.75
1788368420|20260903010020|943.77
1788368425|20260903010025|943.64
1788368435|20260903010035|943.99
1788368440|20260903010040|943.94
1788368450|20260903010050|943.83
1788368455|20260903010055|943.86
1788368460|20260903010100|943.81
1788368465|20260903010105|943.85
1788368470|20260903010110|943.83
1788368475|20260903010115|943.76
1788368480|20260903010120|943.79
1788368495|20260903010135|943.96
1788368505|20260903010145|943.94
1788368510|20260903010150|943.90
1788368515|20260903010155|943.90
1788368520|20260903010200|943.95
1788368525|20260903010205|943.96
1788368535|20260903010215|943.95
1788368540|20260903010220|943.95
1788368545|20260903010225|943.99
1788368555|20260903010235|943.85
1788368560|20260903010240|943.79
1788368565|20260903010245|943.80
1788368570|20260903010250|943.82
1788368575|20260903010255|943.83
1788368580|20260903010300|943.78
1788368585|20260903010305|943.79
1788368590|20260903010310|943.72
1788368595|20260903010315|943.65
1788368600|20260903010320|943.65
1788368605|20260903010325|943.62
1788368615|20260903010335|943.80
1788368620|20260903010340|943.76
1788368625|20260903010345|943.76
1788368630|20260903010350|943.75
1788368635|20260903010355|943.69
1788368640|20260903010400|943.73
1788368645|20260903010405|943.67
1788368650|20260903010410|943.67
1788368700|20260903010500|944.19
1788368705|20260903010505|944.16
1788368710|20260903010510|944.15
1788368715|20260903010515|944.11
1788368720|20260903010520|944.09
1788368725|20260903010525|944.04
1788368735|20260903010535|944.04
1788368740|20260903010540|944.01
1788368745|20260903010545|944.00
1788368750|20260903010550|943.85
1788368755|20260903010555|943.85
1788368760|20260903010600|943.91
1788368765|20260903010605|943.90
1788368770|20260903010610|943.97
1788368775|20260903010615|944.00
1788368780|20260903010620|944.04
1788368785|20260903010625|943.98
1788368795|20260903010635|944.22
1788368800|20260903010640|944.18
1788368805|20260903010645|944.05
1788368810|20260903010650|944.05
1788368815|20260903010655|944.14
1788368825|20260903010705|944.08
1788368830|20260903010710|944.07
1788368835|20260903010715|944.02
1788368840|20260903010720|943.84
1788368855|20260903010735|943.96
1788368860|20260903010740|943.96
1788368875|20260903010755|943.90
1788368890|20260903010810|944.26
1788368895|20260903010815|944.26
1788368900|20260903010820|944.26
1788368915|20260903010835|944.19
1788368920|20260903010840|944.07
1788368925|20260903010845|944.07
1788368930|20260903010850|944.16
1788368935|20260903010855|944.06
1788368940|20260903010900|944.05
1788368950|20260903010910|944.22
1788368955|20260903010915|944.14
1788368960|20260903010920|944.19
1788368990|20260903010950|943.96
1788368995|20260903010955|944.02
1788369005|20260903011005|944.06
1788369010|20260903011010|944.07
1788369015|20260903011015|944.05
1788369025|20260903011025|944.06
1788369035|20260903011035|944.03
1788369040|20260903011040|944.04
1788369045|20260903011045|944.05
1788369050|20260903011050|944.05
1788369055|20260903011055|943.96
1788369060|20260903011100|943.91
1788369070|20260903011110|943.74
1788369080|20260903011120|943.79
1788369085|20260903011125|943.75
1788369095|20260903011135|943.80
1788369100|20260903011140|943.70
1788369105|20260903011145|943.73
1788369115|20260903011155|943.76
1788369120|20260903011200|943.74
1788369125|20260903011205|943.69
1788369135|20260903011215|943.57
1788369140|20260903011220|943.63
1788369160|20260903011240|943.72
1788369165|20260903011245|943.76
1788369170|20260903011250|943.75
1788369175|20260903011255|943.75
1788369185|20260903011305|943.81
1788369190|20260903011310|943.84
1788369195|20260903011315|944.02
1788369200|20260903011320|944.12
1788369205|20260903011325|944.08
1788369215|20260903011335|944.06
1788369220|20260903011340|943.85
1788369225|20260903011345|943.81
1788369235|20260903011355|943.80
1788369240|20260903011400|943.81
1788369245|20260903011405|943.72
1788369250|20260903011410|943.73
1788369255|20260903011415|943.74
1788369260|20260903011420|943.74
1788369265|20260903011425|943.74
1788369300|20260903011500|943.80
1788369305|20260903011505|943.81
1788369315|20260903011515|943.83
1788369320|20260903011520|943.80
1788369325|20260903011525|943.74
1788369335|20260903011535|943.58
1788369340|20260903011540|943.54
1788369345|20260903011545|943.55
1788369355|20260903011555|943.60
1788369360|20260903011600|943.71
1788369375|20260903011615|943.71
1788369395|20260903011635|943.55
1788369400|20260903011640|943.53
1788369405|20260903011645|943.29
1788369410|20260903011650|943.26
1788369415|20260903011655|943.22
1788369430|20260903011710|943.25
1788369435|20260903011715|943.31
1788369440|20260903011720|943.30
1788369445|20260903011725|943.29
1788369455|20260903011735|943.14
1788369465|20260903011745|943.08
1788369470|20260903011750|943.03
1788369475|20260903011755|943.08
1788369485|20260903011805|943.09
1788369490|20260903011810|943.07
1788369495|20260903011815|943.09
1788369500|20260903011820|943.06
1788369505|20260903011825|943.00
1788369515|20260903011835|943.01
1788369520|20260903011840|943.02
1788369525|20260903011845|942.98
1788369530|20260903011850|942.99
1788369540|20260903011900|943.01
1788369545|20260903011905|942.92
1788369550|20260903011910|942.93
1788369555|20260903011915|942.96
1788369560|20260903011920|942.92
1788369565|20260903011925|942.93
1788369570|20260903011930|942.94
1788369605|20260903012005|943.06
1788369610|20260903012010|942.94
1788369625|20260903012025|942.98
1788369635|20260903012035|942.97
1788369640|20260903012040|942.98
1788369650|20260903012050|943.02
1788369655|20260903012055|943.02
1788369660|20260903012100|942.94
1788369665|20260903012105|942.96
1788369670|20260903012110|942.99
1788369675|20260903012115|943.01
1788369680|20260903012120|943.04
1788369685|20260903012125|943.02
1788369695|20260903012135|943.02
1788369700|20260903012140|943.00
1788369705|20260903012145|943.10
1788369710|20260903012150|943.12
1788369720|20260903012200|943.14
1788369725|20260903012205|943.17
1788369730|20260903012210|943.09
1788369735|20260903012215|943.18
1788369740|20260903012220|943.32
1788369745|20260903012225|943.27
1788369755|20260903012235|943.25
1788369765|20260903012245|943.24
1788369775|20260903012255|943.24
1788369785|20260903012305|943.17
1788369790|20260903012310|943.15
1788369800|20260903012320|943.21
1788369805|20260903012325|943.22
1788369815|20260903012335|943.25
1788369825|20260903012345|943.19
1788369845|20260903012405|943.37
1788369850|20260903012410|943.49
1788369855|20260903012415|943.44
1788369860|20260903012420|943.30
1788369865|20260903012425|943.36
1788369900|20260903012500|943.45
1788369905|20260903012505|943.45
1788369910|20260903012510|943.44
1788369915|20260903012515|943.52
1788369920|20260903012520|943.50
1788369935|20260903012535|943.53
1788369940|20260903012540|943.53
1788369945|20260903012545|943.57
1788369950|20260903012550|943.56
1788369955|20260903012555|943.54
1788369960|20260903012600|943.58
1788369965|20260903012605|943.74
1788369970|20260903012610|943.76
1788369975|20260903012615|943.72
1788369980|20260903012620|943.88
1788369985|20260903012625|943.81
1788369995|20260903012635|943.83
1788370005|20260903012645|943.82
1788370010|20260903012650|943.61
1788370015|20260903012655|943.59
1788370020|20260903012700|943.58
1788370025|20260903012705|943.63
1788370030|20260903012710|943.70
1788370035|20260903012715|943.76
1788370040|20260903012720|943.78
1788370045|20260903012725|943.81
1788370055|20260903012735|943.81
1788370060|20260903012740|943.82
1788370065|20260903012745|943.83
1788370070|20260903012750|943.85
1788370075|20260903012755|943.83
1788370080|20260903012800|943.80
1788370090|20260903012810|943.76
1788370105|20260903012825|943.69
1788370115|20260903012835|943.73
1788370125|20260903012845|943.68
1788370130|20260903012850|943.77
1788370140|20260903012900|943.77
1788370145|20260903012905|943.61
1788370150|20260903012910|943.54
1788370160|20260903012920|943.62
1788370165|20260903012925|943.67
1788370170|20260903012930|943.73
1788370180|20260903012940|943.79
1788370195|20260903012955|943.83
1788370200|20260903013000|943.86
1788370205|20260903013005|944.00
1788370210|20260903013010|944.00
1788370215|20260903013015|944.14
1788370225|20260903013025|944.14
1788370235|20260903013035|944.13
1788370240|20260903013040|944.12
1788370250|20260903013050|944.25
1788370255|20260903013055|944.20
1788370265|20260903013105|944.37
1788370270|20260903013110|944.37
1788370275|20260903013115|944.34
1788370280|20260903013120|944.32
1788370285|20260903013125|944.16
1788370295|20260903013135|944.16
1788370300|20260903013140|944.16
1788370305|20260903013145|944.17
1788370310|20260903013150|944.21
1788370315|20260903013155|944.20
1788370320|20260903013200|944.18
1788370325|20260903013205|944.17
1788370330|20260903013210|944.13
1788370335|20260903013215|944.12
1788370340|20260903013220|944.09
1788370355|20260903013235|943.84
1788370360|20260903013240|943.91
1788370370|20260903013250|943.69
1788370375|20260903013255|943.68
1788370380|20260903013300|943.69
1788370385|20260903013305|943.82
1788370390|20260903013310|943.82
1788370400|20260903013320|943.83
1788370405|20260903013325|943.78
1788370415|20260903013335|943.73
1788370420|20260903013340|943.75
1788370425|20260903013345|943.75
1788370430|20260903013350|943.74
1788370435|20260903013355|943.82
1788370445|20260903013405|943.81
1788370450|20260903013410|943.71
1788370455|20260903013415|943.68
1788370460|20260903013420|943.69
1788370465|20260903013425|943.69
1788370500|20260903013500|943.66
1788370505|20260903013505|943.64
1788370510|20260903013510|943.58
1788370515|20260903013515|943.54
1788370520|20260903013520|943.56
1788370525|20260903013525|943.53
1788370535|20260903013535|943.71
1788370540|20260903013540|943.71
1788370545|20260903013545|943.74
1788370550|20260903013550|943.76
1788370555|20260903013555|943.76
1788370560|20260903013600|943.73
1788370565|20260903013605|943.70
1788370570|20260903013610|943.68
1788370575|20260903013615|943.61
1788370580|20260903013620|943.64
1788370585|20260903013625|943.66
1788370595|20260903013635|943.74
1788370600|20260903013640|943.72
1788370605|20260903013645|943.69
1788370610|20260903013650|943.68
1788370615|20260903013655|943.69
1788370620|20260903013700|943.62
1788370625|20260903013705|943.69
1788370635|20260903013715|943.81
1788370640|20260903013720|943.80
1788370645|20260903013725|943.83
1788370655|20260903013735|943.86
1788370660|20260903013740|943.78
1788370665|20260903013745|943.87
1788370670|20260903013750|943.88
1788370675|20260903013755|943.90
1788370680|20260903013800|943.89
1788370685|20260903013805|943.75
1788370690|20260903013810|943.61
1788370695|20260903013815|943.56
1788370700|20260903013820|943.60
1788370715|20260903013835|943.60
1788370720|20260903013840|943.60
1788370725|20260903013845|943.61
1788370730|20260903013850|943.61
1788370735|20260903013855|943.44
1788370745|20260903013905|943.42
1788370750|20260903013910|943.35
1788370755|20260903013915|943.40
1788370760|20260903013920|943.43
1788370765|20260903013925|943.43
1788370800|20260903014000|943.42
1788370805|20260903014005|943.36
1788370810|20260903014010|943.33
1788370815|20260903014015|943.36
1788370820|20260903014020|943.34
1788370825|20260903014025|943.33
1788370835|20260903014035|943.39
1788370840|20260903014040|943.53
1788370845|20260903014045|943.55
1788370850|20260903014050|943.53
1788370855|20260903014055|943.51
1788370860|20260903014100|943.50
1788370865|20260903014105|943.59
1788370870|20260903014110|943.54
1788370875|20260903014115|943.46
1788370885|20260903014125|943.38
1788370895|20260903014135|943.37
1788370900|20260903014140|943.44
1788370905|20260903014145|943.46
1788370910|20260903014150|943.52
1788370920|20260903014200|943.76
1788370930|20260903014210|943.92
1788370935|20260903014215|944.04
1788370940|20260903014220|943.92
1788370945|20260903014225|943.92
1788370965|20260903014245|944.46
1788370970|20260903014250|944.48
1788370975|20260903014255|944.51
1788370980|20260903014300|944.49
1788370985|20260903014305|944.45
1788370990|20260903014310|944.42
1788371000|20260903014320|944.89
1788371005|20260903014325|944.86
1788371015|20260903014335|944.66
1788371020|20260903014340|944.71
1788371025|20260903014345|944.62
1788371035|20260903014355|944.68
1788371045|20260903014405|944.86
1788371050|20260903014410|944.84
1788371055|20260903014415|945.14
1788371060|20260903014420|945.05
1788371100|20260903014500|945.15
1788371110|20260903014510|945.53
1788371115|20260903014515|945.60
1788371120|20260903014520|945.96
1788371125|20260903014525|946.09
1788371135|20260903014535|945.95
1788371140|20260903014540|945.75
1788371150|20260903014550|946.30
1788371155|20260903014555|946.15
1788371160|20260903014600|946.12
1788371165|20260903014605|946.14
1788371170|20260903014610|946.15
1788371180|20260903014620|946.09
1788371185|20260903014625|945.99
1788371190|20260903014630|946.01
1788371195|20260903014635|945.99
1788371200|20260903014640|945.95
1788371205|20260903014645|946.02
1788371210|20260903014650|946.08
1788371215|20260903014655|946.07
1788371220|20260903014700|946.12
1788371230|20260903014710|945.74
1788371235|20260903014715|945.81
1788371240|20260903014720|945.68
1788371245|20260903014725|945.67
1788371255|20260903014735|945.43
1788371265|20260903014745|945.51
1788371270|20260903014750|945.55
1788371275|20260903014755|945.48
1788371280|20260903014800|945.60
1788371285|20260903014805|945.65
1788371290|20260903014810|945.65
1788371295|20260903014815|945.57
1788371300|20260903014820|945.57
1788371305|20260903014825|945.47
1788371315|20260903014835|945.34
1788371320|20260903014840|945.38
1788371325|20260903014845|945.42
1788371330|20260903014850|945.43
1788371340|20260903014900|945.34
1788371345|20260903014905|945.23
1788371350|20260903014910|945.23
1788371355|20260903014915|945.26
1788371365|20260903014925|945.54
1788371405|20260903015005|945.39
1788371415|20260903015015|945.38
1788371420|20260903015020|945.41
1788371425|20260903015025|945.41
1788371440|20260903015040|945.35
1788371445|20260903015045|945.27
1788371450|20260903015050|945.32
1788371455|20260903015055|945.36
1788371460|20260903015100|945.33
1788371465|20260903015105|945.32
1788371470|20260903015110|945.38
1788371475|20260903015115|945.38
1788371480|20260903015120|945.38
1788371485|20260903015125|945.29
1788371500|20260903015140|945.40
1788371505|20260903015145|945.39
1788371515|20260903015155|945.51
1788371520|20260903015200|945.51
1788371525|20260903015205|945.52
1788371530|20260903015210|945.54
1788371535|20260903015215|945.56
1788371540|20260903015220|945.64
1788371545|20260903015225|945.58
1788371550|20260903015230|945.63
1788371555|20260903015235|945.58
1788371560|20260903015240|945.56
1788371565|20260903015245|945.57
1788371575|20260903015255|945.56
1788371580|20260903015300|945.43
1788371585|20260903015305|945.46
1788371590|20260903015310|945.51
1788371595|20260903015315|945.47
1788371600|20260903015320|945.47
1788371605|20260903015325|945.49
1788371615|20260903015335|945.49
1788371620|20260903015340|945.44
1788371630|20260903015350|945.38
1788371640|20260903015400|945.32
1788371650|20260903015410|945.21
1788371655|20260903015415|945.30
1788371660|20260903015420|945.43
1788371700|20260903015500|945.42
1788371705|20260903015505|945.35
1788371710|20260903015510|945.36
1788371715|20260903015515|945.37
1788371720|20260903015520|945.31
1788371725|20260903015525|945.31
1788371735|20260903015535|945.37
1788371740|20260903015540|945.36
1788371745|20260903015545|945.35
1788371750|20260903015550|945.37
1788371755|20260903015555|945.34
1788371760|20260903015600|945.39
1788371770|20260903015610|945.56
1788371780|20260903015620|945.38
1788371785|20260903015625|945.37
1788371795|20260903015635|945.37
1788371800|20260903015640|945.38
1788371805|20260903015645|945.37
1788371810|20260903015650|945.41
1788371815|20260903015655|945.36
1788371820|20260903015700|945.42
1788371825|20260903015705|945.48
1788371830|20260903015710|945.50
1788371835|20260903015715|945.55
1788371850|20260903015730|945.45
1788371855|20260903015735|945.43
1788371860|20260903015740|945.63
1788371865|20260903015745|945.61
1788371870|20260903015750|945.59
1788371875|20260903015755|945.75
1788371880|20260903015800|945.72
1788371885|20260903015805|945.88
1788371890|20260903015810|945.82
1788371895|20260903015815|945.67
1788371900|20260903015820|945.67
1788371905|20260903015825|945.62
1788371920|20260903015840|945.60
1788371925|20260903015845|945.66
1788371930|20260903015850|945.62
1788371935|20260903015855|945.64
1788371945|20260903015905|945.64
1788371950|20260903015910|945.64
1788371955|20260903015915|945.60
1788371960|20260903015920|945.62
1788371965|20260903015925|945.56
1788372000|20260903020000|945.57
1788372005|20260903020005|945.58
1788372010|20260903020010|945.62
1788372015|20260903020015|945.56
1788372020|20260903020020|945.59
1788372025|20260903020025|945.59
1788372035|20260903020035|945.53
1788372040|20260903020040|945.15
1788372045|20260903020045|945.14
1788372050|20260903020050|945.13
1788372060|20260903020100|945.03
1788372065|20260903020105|944.71
1788372070|20260903020110|944.66
1788372075|20260903020115|944.64
1788372080|20260903020120|944.73
1788372085|20260903020125|944.81
1788372100|20260903020140|944.84
1788372105|20260903020145|944.85
1788372110|20260903020150|944.86
1788372115|20260903020155|944.85
1788372120|20260903020200|944.85
1788372125|20260903020205|944.59
1788372130|20260903020210|944.61
1788372135|20260903020215|944.64
1788372140|20260903020220|944.73
1788372155|20260903020235|944.81
1788372160|20260903020240|944.91
1788372165|20260903020245|944.98
1788372170|20260903020250|944.93
1788372175|20260903020255|944.90
1788372180|20260903020300|944.88
1788372185|20260903020305|944.90
1788372190|20260903020310|944.99
1788372195|20260903020315|945.01
1788372200|20260903020320|945.02
1788372215|20260903020335|945.31
1788372225|20260903020345|945.25
1788372230|20260903020350|945.27
1788372235|20260903020355|945.29
1788372250|20260903020410|945.12
1788372255|20260903020415|945.15
1788372260|20260903020420|945.30
1788372265|20260903020425|945.22
1788372270|20260903020430|945.10
1788372275|20260903020435|945.10
1788372280|20260903020440|945.02
1788372300|20260903020500|945.08
1788372305|20260903020505|945.03
1788372310|20260903020510|945.08
1788372315|20260903020515|945.06
1788372320|20260903020520|945.04
1788372325|20260903020525|944.96
1788372335|20260903020535|945.09
1788372340|20260903020540|945.11
1788372345|20260903020545|945.18
1788372350|20260903020550|945.19
1788372355|20260903020555|945.26
1788372360|20260903020600|945.16
1788372365|20260903020605|945.19
1788372370|20260903020610|945.26
1788372375|20260903020615|945.21
1788372385|20260903020625|945.18
1788372395|20260903020635|945.19
1788372400|20260903020640|945.19
1788372405|20260903020645|945.21
1788372410|20260903020650|945.08
1788372415|20260903020655|945.11
1788372420|20260903020700|945.09
1788372435|20260903020715|945.00
1788372440|20260903020720|945.02
1788372455|20260903020735|945.07
1788372460|20260903020740|945.05
1788372465|20260903020745|945.01
1788372475|20260903020755|945.00
1788372480|20260903020800|945.01
1788372485|20260903020805|945.06
1788372490|20260903020810|944.95
1788372500|20260903020820|944.87
1788372505|20260903020825|944.88
1788372515|20260903020835|944.91
1788372525|20260903020845|944.84
1788372530|20260903020850|944.84
1788372545|20260903020905|944.88
1788372560|20260903020920|944.86
1788372565|20260903020925|944.85
1788372605|20260903021005|944.81
1788372610|20260903021010|944.74
1788372615|20260903021015|944.72
1788372620|20260903021020|944.73
1788372625|20260903021025|944.75
1788372635|20260903021035|944.80
1788372640|20260903021040|944.83
1788372645|20260903021045|944.84
1788372655|20260903021055|944.86
1788372675|20260903021115|944.75
1788372680|20260903021120|944.74
1788372685|20260903021125|944.75
1788372700|20260903021140|944.73
1788372705|20260903021145|944.64
1788372715|20260903021155|944.78
1788372725|20260903021205|944.70
1788372735|20260903021215|944.48
1788372740|20260903021220|944.47
1788372745|20260903021225|944.47
1788372760|20260903021240|944.48
1788372765|20260903021245|944.47
1788372770|20260903021250|944.42
1788372775|20260903021255|944.42
1788372790|20260903021310|944.41
1788372800|20260903021320|944.47
1788372820|20260903021340|944.68
1788372825|20260903021345|944.68
1788372830|20260903021350|944.64
1788372835|20260903021355|944.61
1788372845|20260903021405|944.50
1788372850|20260903021410|944.38
1788372855|20260903021415|944.37
1788372860|20260903021420|944.36
1788372865|20260903021425|944.36
1788372905|20260903021505|944.11
1788372910|20260903021510|943.95
1788372920|20260903021520|944.05
1788372925|20260903021525|944.05
1788372935|20260903021535|944.08
1788372940|20260903021540|944.07
1788372945|20260903021545|944.11
1788372950|20260903021550|944.10
1788372955|20260903021555|944.03
1788372965|20260903021605|943.93
1788372970|20260903021610|943.94
1788372975|20260903021615|943.95
1788372980|20260903021620|943.97
1788372985|20260903021625|943.96
1788372995|20260903021635|944.02
1788373000|20260903021640|943.97
1788373005|20260903021645|944.01
1788373010|20260903021650|944.06
1788373015|20260903021655|944.08
1788373030|20260903021710|944.06
1788373035|20260903021715|944.06
1788373040|20260903021720|944.07
1788373065|20260903021745|944.22
1788373070|20260903021750|944.34
1788373075|20260903021755|944.31
1788373085|20260903021805|944.30
1788373090|20260903021810|944.29
1788373095|20260903021815|944.35
1788373100|20260903021820|944.53
1788373105|20260903021825|944.50
1788373115|20260903021835|944.50
1788373120|20260903021840|944.57
1788373125|20260903021845|944.55
1788373130|20260903021850|945.72
1788373135|20260903021855|945.85
1788373145|20260903021905|945.52
1788373160|20260903021920|945.41
1788373165|20260903021925|945.41
1788373200|20260903022000|945.69
1788373205|20260903022005|945.66
1788373210|20260903022010|945.60
1788373215|20260903022015|945.68
1788373220|20260903022020|945.67
1788373225|20260903022025|945.67
1788373235|20260903022035|945.69
1788373240|20260903022040|945.86
1788373245|20260903022045|945.90
1788373250|20260903022050|945.88
1788373255|20260903022055|945.75
1788373265|20260903022105|945.97
1788373270|20260903022110|946.05
1788373275|20260903022115|945.91
1788373280|20260903022120|945.68
1788373285|20260903022125|945.70
1788373295|20260903022135|945.55
1788373300|20260903022140|945.54
1788373305|20260903022145|945.37
1788373310|20260903022150|945.14
1788373315|20260903022155|945.20
1788373320|20260903022200|945.11
1788373325|20260903022205|945.22
1788373330|20260903022210|944.97
1788373335|20260903022215|944.87
1788373340|20260903022220|944.87
1788373345|20260903022225|944.79
1788373355|20260903022235|944.82
1788373360|20260903022240|944.81
1788373365|20260903022245|944.68
1788373370|20260903022250|944.83
1788373375|20260903022255|944.81
1788373385|20260903022305|944.93
1788373390|20260903022310|944.90
1788373395|20260903022315|944.91
1788373400|20260903022320|944.92
1788373405|20260903022325|944.92
1788373415|20260903022335|944.95
1788373420|20260903022340|944.86
1788373425|20260903022345|944.77
1788373430|20260903022350|944.74
1788373435|20260903022355|944.84
1788373440|20260903022400|944.68
1788373445|20260903022405|944.71
1788373450|20260903022410|944.77
1788373455|20260903022415|944.77
1788373465|20260903022425|944.66
1788373505|20260903022505|944.79
1788373510|20260903022510|944.75
1788373515|20260903022515|944.69
1788373520|20260903022520|944.74
1788373525|20260903022525|944.65
1788373535|20260903022535|944.61
1788373540|20260903022540|944.60
1788373545|20260903022545|944.67
1788373555|20260903022555|944.65
1788373565|20260903022605|944.68
1788373570|20260903022610|944.68
1788373575|20260903022615|944.74
1788373580|20260903022620|944.82
1788373585|20260903022625|944.82
1788373595|20260903022635|944.75
1788373600|20260903022640|944.75
1788373605|20260903022645|944.70
1788373610|20260903022650|944.67
1788373615|20260903022655|944.74
1788373625|20260903022705|944.77
1788373630|20260903022710|944.70
1788373635|20260903022715|944.71
1788373640|20260903022720|944.66
1788373645|20260903022725|944.64
1788373655|20260903022735|944.60
1788373660|20260903022740|944.50
1788373665|20260903022745|944.55
1788373670|20260903022750|944.55
1788373675|20260903022755|944.56
1788373685|20260903022805|944.56
1788373690|20260903022810|944.61
1788373695|20260903022815|944.53
1788373700|20260903022820|944.56
1788373705|20260903022825|944.56
1788373715|20260903022835|944.57
1788373720|20260903022840|944.59
1788373725|20260903022845|944.67
1788373730|20260903022850|944.63
1788373735|20260903022855|944.64
1788373745|20260903022905|944.59
1788373750|20260903022910|944.53
1788373755|20260903022915|944.70
1788373760|20260903022920|944.61
1788373765|20260903022925|944.53
1788373800|20260903023000|944.67
1788373805|20260903023005|944.69
1788373810|20260903023010|944.88
1788373815|20260903023015|944.91
1788373820|20260903023020|944.87
1788373825|20260903023025|944.75
1788373835|20260903023035|944.77
1788373840|20260903023040|944.79
1788373845|20260903023045|944.75
1788373850|20260903023050|944.78
1788373855|20260903023055|944.87
1788373865|20260903023105|944.98
1788373870|20260903023110|944.92
1788373880|20260903023120|945.01
1788373885|20260903023125|944.93
1788373895|20260903023135|945.00
1788373900|20260903023140|945.07
1788373905|20260903023145|945.07
1788373910|20260903023150|945.00
1788373915|20260903023155|945.04
1788373920|20260903023200|945.05
1788373925|20260903023205|945.14
1788373930|20260903023210|945.19
1788373940|20260903023220|945.34
1788373945|20260903023225|945.34
1788373955|20260903023235|945.30
1788373960|20260903023240|945.32
1788373965|20260903023245|945.30
1788373985|20260903023305|945.37
1788373990|20260903023310|945.48
1788373995|20260903023315|945.51
1788374000|20260903023320|945.48
1788374005|20260903023325|945.52
1788374015|20260903023335|945.55
1788374020|20260903023340|945.55
1788374025|20260903023345|945.59
1788374030|20260903023350|945.63
1788374035|20260903023355|945.79
1788374045|20260903023405|945.80
1788374050|20260903023410|945.74
1788374055|20260903023415|945.76
1788374060|20260903023420|945.72
1788374065|20260903023425|945.67
1788374100|20260903023500|945.45
1788374105|20260903023505|945.49
1788374115|20260903023515|945.52
1788374120|20260903023520|945.57
1788374125|20260903023525|945.67
1788374145|20260903023545|945.75
1788374150|20260903023550|945.75
1788374155|20260903023555|945.73
1788374160|20260903023600|945.75
1788374165|20260903023605|945.59
1788374170|20260903023610|945.63
1788374180|20260903023620|945.67
1788374185|20260903023625|945.66
1788374190|20260903023630|945.59
1788374195|20260903023635|945.64
1788374200|20260903023640|945.63
1788374205|20260903023645|945.45
1788374210|20260903023650|945.41
1788374215|20260903023655|945.39
1788374225|20260903023705|945.48
1788374230|20260903023710|945.27
1788374235|20260903023715|945.31
1788374240|20260903023720|945.22
1788374245|20260903023725|945.25
1788374255|20260903023735|945.48
1788374260|20260903023740|945.44
1788374265|20260903023745|945.42
1788374270|20260903023750|945.36
1788374275|20260903023755|945.36
1788374285|20260903023805|945.44
1788374290|20260903023810|945.39
1788374295|20260903023815|945.41
1788374300|20260903023820|945.41
1788374305|20260903023825|945.41
1788374315|20260903023835|945.40
1788374320|20260903023840|945.42
1788374325|20260903023845|945.44
1788374330|20260903023850|945.36
1788374335|20260903023855|945.34
1788374340|20260903023900|945.31
1788374345|20260903023905|945.31
1788374350|20260903023910|945.32
1788374355|20260903023915|945.33
1788374365|20260903023925|945.42
1788374405|20260903024005|945.41
1788374410|20260903024010|945.44
1788374420|20260903024020|945.45
1788374425|20260903024025|945.44
1788374435|20260903024035|945.42
1788374440|20260903024040|945.44
1788374445|20260903024045|945.44
1788374455|20260903024055|945.43
1788374460|20260903024100|945.45
1788374465|20260903024105|945.37
1788374470|20260903024110|945.35
1788374475|20260903024115|945.35
1788374480|20260903024120|945.34
1788374485|20260903024125|945.27
1788374495|20260903024135|945.29
1788374500|20260903024140|945.27
1788374510|20260903024150|945.06
1788374515|20260903024155|945.11
1788374520|20260903024200|945.10
1788374525|20260903024205|945.08
1788374530|20260903024210|945.08
1788374535|20260903024215|945.07
1788374540|20260903024220|945.08
1788374545|20260903024225|945.03
1788374555|20260903024235|945.03
1788374560|20260903024240|944.99
1788374565|20260903024245|945.06
1788374570|20260903024250|945.06
1788374575|20260903024255|944.99
1788374585|20260903024305|944.86
1788374590|20260903024310|944.88
1788374595|20260903024315|944.85
1788374600|20260903024320|944.87
1788374605|20260903024325|944.89
1788374615|20260903024335|945.06
1788374620|20260903024340|944.86
1788374630|20260903024350|944.91
1788374635|20260903024355|944.89
1788374645|20260903024405|944.88
1788374650|20260903024410|944.91
1788374660|20260903024420|944.83
1788374665|20260903024425|944.90
1788374680|20260903024440|945.06
1788374700|20260903024500|944.65
1788374705|20260903024505|944.70
1788374710|20260903024510|944.73
1788374715|20260903024515|944.70
1788374720|20260903024520|944.74
1788374725|20260903024525|944.78
1788374735|20260903024535|944.80
1788374740|20260903024540|944.79
1788374750|20260903024550|944.74
1788374755|20260903024555|944.69
1788374775|20260903024615|944.70
1788374780|20260903024620|944.70
1788374785|20260903024625|944.72
1788374795|20260903024635|944.67
1788374800|20260903024640|944.66
1788374805|20260903024645|944.68
1788374815|20260903024655|944.69
1788374820|20260903024700|944.69
1788374830|20260903024710|944.76
1788374835|20260903024715|944.78
1788374840|20260903024720|944.82
1788374845|20260903024725|944.85
1788374855|20260903024735|944.78
1788374860|20260903024740|944.80
1788374865|20260903024745|944.82
1788374870|20260903024750|944.80
1788374885|20260903024805|944.71
1788374890|20260903024810|944.69
1788374895|20260903024815|944.71
1788374900|20260903024820|944.81
1788374915|20260903024835|944.82
1788374920|20260903024840|944.85
1788374925|20260903024845|944.82
1788374930|20260903024850|944.91
1788374945|20260903024905|944.92
1788374950|20260903024910|944.91
1788374960|20260903024920|944.96
1788375000|20260903025000|944.93
1788375005|20260903025005|944.92
1788375010|20260903025010|944.94
1788375015|20260903025015|944.97
1788375020|20260903025020|945.01
1788375025|20260903025025|944.93
1788375035|20260903025035|945.06
1788375040|20260903025040|945.13
1788375045|20260903025045|945.14
1788375050|20260903025050|945.21
1788375055|20260903025055|945.24
1788375065|20260903025105|945.18
1788375070|20260903025110|945.17
1788375075|20260903025115|945.21
1788375080|20260903025120|945.19
1788375085|20260903025125|945.20
1788375095|20260903025135|945.20
1788375100|20260903025140|945.26
1788375105|20260903025145|945.26
1788375110|20260903025150|945.32
1788375115|20260903025155|945.29
1788375120|20260903025200|945.30
1788375125|20260903025205|945.27
1788375130|20260903025210|945.26
1788375135|20260903025215|945.24
1788375140|20260903025220|945.19
1788375145|20260903025225|945.12
1788375155|20260903025235|945.13
1788375165|20260903025245|945.19
1788375180|20260903025300|945.24
1788375185|20260903025305|945.17
1788375200|20260903025320|945.23
1788375205|20260903025325|945.22
1788375215|20260903025335|945.22
1788375220|20260903025340|945.25
1788375235|20260903025355|945.30
1788375240|20260903025400|945.29
1788375245|20260903025405|945.28
1788375250|20260903025410|945.29
1788375255|20260903025415|945.18
1788375260|20260903025420|945.16
1788375265|20260903025425|945.15
1788375300|20260903025500|945.07
1788375305|20260903025505|945.09
1788375310|20260903025510|945.09
1788375315|20260903025515|945.03
1788375320|20260903025520|945.10
1788375325|20260903025525|945.07
1788375335|20260903025535|945.21
1788375340|20260903025540|945.18
1788375345|20260903025545|945.13
1788375350|20260903025550|945.12
1788375355|20260903025555|945.14
1788375365|20260903025605|945.15
1788375370|20260903025610|945.17
1788375375|20260903025615|945.02
1788375380|20260903025620|945.06
1788375385|20260903025625|945.11
1788375395|20260903025635|945.08
1788375400|20260903025640|945.05
1788375405|20260903025645|945.06
1788375410|20260903025650|945.07
1788375415|20260903025655|945.07
1788375420|20260903025700|945.08
1788375425|20260903025705|945.10
1788375430|20260903025710|945.03
1788375435|20260903025715|944.99
1788375440|20260903025720|945.01
1788375445|20260903025725|945.10
1788375455|20260903025735|945.09
1788375460|20260903025740|945.11
1788375465|20260903025745|945.10
1788375470|20260903025750|945.03
1788375485|20260903025805|944.73
1788375490|20260903025810|944.74
1788375495|20260903025815|944.71
1788375500|20260903025820|944.72
1788375505|20260903025825|944.76
1788375515|20260903025835|944.75
1788375520|20260903025840|944.71
1788375525|20260903025845|944.73
1788375530|20260903025850|944.71
1788375540|20260903025900|944.67
1788375545|20260903025905|944.73
1788375550|20260903025910|944.70
1788375555|20260903025915|944.68
1788375560|20260903025920|944.69
1788375565|20260903025925|944.73
1788375575|20260903025935|944.73
1788375580|20260903025940|944.70
1788375600|20260903030000|944.83
1788375605|20260903030005|944.94
1788375615|20260903030015|945.01
1788375620|20260903030020|944.96
1788375625|20260903030025|944.97
1788375645|20260903030045|944.80
1788375650|20260903030050|944.67
1788375655|20260903030055|944.62
1788375660|20260903030100|944.52
1788375685|20260903030125|944.69
1788375695|20260903030135|944.73
1788375700|20260903030140|944.70
1788375705|20260903030145|944.73
1788375710|20260903030150|944.73
1788375715|20260903030155|944.72
1788375725|20260903030205|944.65
1788375730|20260903030210|944.63
1788375735|20260903030215|944.65
1788375740|20260903030220|944.65
1788375745|20260903030225|944.64
1788375755|20260903030235|944.67
1788375760|20260903030240|944.66
1788375765|20260903030245|944.67
1788375775|20260903030255|944.80
1788375780|20260903030300|944.79
1788375785|20260903030305|944.83
1788375790|20260903030310|944.91
1788375795|20260903030315|944.97
1788375800|20260903030320|945.02
1788375805|20260903030325|945.04
1788375815|20260903030335|945.00
1788375820|20260903030340|944.95
1788375835|20260903030355|945.16
1788375840|20260903030400|945.14
1788375850|20260903030410|945.16
1788375855|20260903030415|945.13
1788375860|20260903030420|945.14
1788375865|20260903030425|945.15
1788375900|20260903030500|945.15
1788375905|20260903030505|945.14
1788375910|20260903030510|945.14
1788375915|20260903030515|945.14
1788375920|20260903030520|945.16
1788375925|20260903030525|945.15
1788375935|20260903030535|945.17
1788375940|20260903030540|945.21
1788375945|20260903030545|945.17
1788375955|20260903030555|945.28
1788375960|20260903030600|945.21
1788375965|20260903030605|945.19
1788375970|20260903030610|945.23
1788375975|20260903030615|945.24
1788375980|20260903030620|945.24
1788375985|20260903030625|945.28
1788375995|20260903030635|945.30
1788376000|20260903030640|945.29
1788376005|20260903030645|945.27
1788376015|20260903030655|945.25
1788376025|20260903030705|945.32
1788376030|20260903030710|945.30
1788376035|20260903030715|945.40
1788376040|20260903030720|945.51
1788376060|20260903030740|945.41
1788376065|20260903030745|945.40
1788376080|20260903030800|945.31
1788376085|20260903030805|945.37
1788376090|20260903030810|945.42
1788376095|20260903030815|945.37
1788376100|20260903030820|945.34
1788376105|20260903030825|945.40
1788376115|20260903030835|945.32
1788376120|20260903030840|945.32
1788376125|20260903030845|945.38
1788376130|20260903030850|945.42
1788376135|20260903030855|945.37
1788376140|20260903030900|945.36
1788376145|20260903030905|945.28
1788376150|20260903030910|945.30
1788376155|20260903030915|945.27
1788376160|20260903030920|945.32
1788376165|20260903030925|945.31
1788376205|20260903031005|945.63
1788376210|20260903031010|945.64
1788376215|20260903031015|945.60
1788376220|20260903031020|945.60
1788376225|20260903031025|945.58
1788376235|20260903031035|945.51
1788376240|20260903031040|945.45
1788376245|20260903031045|945.45
1788376250|20260903031050|945.52
1788376255|20260903031055|945.52
1788376265|20260903031105|945.54
1788376270|20260903031110|945.64
1788376275|20260903031115|945.63
1788376280|20260903031120|945.63
1788376285|20260903031125|945.64
1788376295|20260903031135|945.57
1788376305|20260903031145|945.68
1788376310|20260903031150|945.58
1788376315|20260903031155|945.53
1788376325|20260903031205|945.63
1788376335|20260903031215|945.60
1788376340|20260903031220|945.63
1788376345|20260903031225|945.65
1788376360|20260903031240|946.25
1788376365|20260903031245|946.27
1788376370|20260903031250|946.20
1788376385|20260903031305|946.11
1788376390|20260903031310|946.07
1788376395|20260903031315|946.07
1788376400|20260903031320|946.08
1788376405|20260903031325|946.09
1788376420|20260903031340|946.12
1788376425|20260903031345|946.09
1788376430|20260903031350|946.06
1788376435|20260903031355|946.04
1788376445|20260903031405|945.99
1788376455|20260903031415|946.03
1788376460|20260903031420|946.00
1788376465|20260903031425|946.00
1788376500|20260903031500|946.05
1788376505|20260903031505|946.09
1788376510|20260903031510|946.09
1788376515|20260903031515|946.19
1788376520|20260903031520|946.18
1788376535|20260903031535|946.17
1788376540|20260903031540|946.20
1788376545|20260903031545|946.12
1788376550|20260903031550|946.21
1788376555|20260903031555|946.22
1788376560|20260903031600|946.07
1788376565|20260903031605|946.04
1788376570|20260903031610|946.02
1788376575|20260903031615|946.09
1788376580|20260903031620|946.07
1788376585|20260903031625|946.11
1788376600|20260903031640|946.02
1788376605|20260903031645|945.98
1788376610|20260903031650|945.86
1788376615|20260903031655|945.91
1788376625|20260903031705|945.97
1788376635|20260903031715|946.05
1788376640|20260903031720|946.06
1788376645|20260903031725|946.05
1788376655|20260903031735|946.00
1788376660|20260903031740|945.94
1788376665|20260903031745|945.91
1788376670|20260903031750|945.91
1788376675|20260903031755|945.94
1788376685|20260903031805|945.97
1788376690|20260903031810|945.95
1788376700|20260903031820|945.97
1788376705|20260903031825|946.12
1788376715|20260903031835|946.07
1788376720|20260903031840|945.98
1788376730|20260903031850|946.02
1788376735|20260903031855|946.01
1788376750|20260903031910|945.99
1788376765|20260903031925|946.02
1788376805|20260903032005|946.14
1788376810|20260903032010|946.07
1788376815|20260903032015|946.02
1788376820|20260903032020|946.03
1788376825|20260903032025|945.93
1788376835|20260903032035|945.91
1788376840|20260903032040|945.95
1788376845|20260903032045|946.00
1788376850|20260903032050|945.99
1788376855|20260903032055|945.99
1788376860|20260903032100|945.92
1788376865|20260903032105|945.92
1788376870|20260903032110|945.95
1788376875|20260903032115|945.95
1788376880|20260903032120|945.97
1788376895|20260903032135|946.08
1788376900|20260903032140|946.09
1788376905|20260903032145|946.09
1788376915|20260903032155|946.06
1788376920|20260903032200|946.09
1788376930|20260903032210|946.02
1788376935|20260903032215|946.08
1788376940|20260903032220|946.08
1788376945|20260903032225|946.08
1788376955|20260903032235|946.10
1788376960|20260903032240|946.14
1788376970|20260903032250|946.12
1788376975|20260903032255|946.10
1788376985|20260903032305|946.17
1788376990|20260903032310|946.17
1788376995|20260903032315|946.37
1788377000|20260903032320|946.33
1788377005|20260903032325|946.28
1788377015|20260903032335|946.22
1788377020|20260903032340|946.24
1788377025|20260903032345|946.28
1788377030|20260903032350|946.15
1788377035|20260903032355|946.20
1788377040|20260903032400|946.19
1788377045|20260903032405|946.17
1788377050|20260903032410|946.18
1788377055|20260903032415|946.18
1788377060|20260903032420|946.18
1788377065|20260903032425|946.21
1788377100|20260903032500|946.24
1788377105|20260903032505|946.25
1788377110|20260903032510|946.25
1788377115|20260903032515|946.25
1788377120|20260903032520|946.22
1788377125|20260903032525|946.28
1788377135|20260903032535|946.33
1788377140|20260903032540|946.31
1788377145|20260903032545|946.35
1788377150|20260903032550|946.68
1788377155|20260903032555|946.63
1788377160|20260903032600|946.59
1788377165|20260903032605|946.80
1788377170|20260903032610|946.86
1788377180|20260903032620|946.80
1788377185|20260903032625|946.80
1788377195|20260903032635|946.72
1788377205|20260903032645|946.76
1788377210|20260903032650|946.73
1788377215|20260903032655|946.73
1788377220|20260903032700|946.68
1788377230|20260903032710|946.65
1788377235|20260903032715|946.60
1788377255|20260903032735|946.50
1788377260|20260903032740|946.49
1788377265|20260903032745|946.48
1788377270|20260903032750|946.47
1788377275|20260903032755|946.48
1788377280|20260903032800|946.47
1788377290|20260903032810|946.47
1788377295|20260903032815|946.61
1788377300|20260903032820|946.58
1788377305|20260903032825|946.58
1788377315|20260903032835|946.56
1788377325|20260903032845|946.66
1788377330|20260903032850|946.73
1788377345|20260903032905|946.56
1788377350|20260903032910|946.65
1788377355|20260903032915|946.64
1788377360|20260903032920|946.65
1788377365|20260903032925|946.63
1788377385|20260903032945|946.44
1788377390|20260903032950|946.40
1788377395|20260903032955|946.44
1788377400|20260903033000|946.47
1788377405|20260903033005|946.53
1788377410|20260903033010|946.61
1788377415|20260903033015|946.62
1788377420|20260903033020|946.60
1788377425|20260903033025|946.78
1788377435|20260903033035|946.76
1788377440|20260903033040|946.76
1788377445|20260903033045|946.69
1788377450|20260903033050|946.73
1788377455|20260903033055|946.69
1788377460|20260903033100|946.75
1788377480|20260903033120|946.57
1788377495|20260903033135|946.73
1788377500|20260903033140|946.73
1788377505|20260903033145|946.73
1788377510|20260903033150|946.72
1788377515|20260903033155|946.66
1788377520|20260903033200|946.63
1788377525|20260903033205|946.65
1788377530|20260903033210|946.64
1788377540|20260903033220|946.66
1788377565|20260903033245|946.75
1788377580|20260903033300|946.79
1788377590|20260903033310|946.77
1788377595|20260903033315|946.75
1788377605|20260903033325|946.82
1788377615|20260903033335|946.81
1788377620|20260903033340|946.80
1788377625|20260903033345|946.84
1788377630|20260903033350|946.81
1788377635|20260903033355|946.79
1788377645|20260903033405|946.80
1788377655|20260903033415|946.83
1788377660|20260903033420|946.71
1788377665|20260903033425|946.76
1788377670|20260903033430|946.77
1788377690|20260903033450|946.89
1788377700|20260903033500|947.07
1788377715|20260903033515|946.88
1788377720|20260903033520|946.86
1788377725|20260903033525|946.89
1788377735|20260903033535|946.89
1788377755|20260903033555|946.76
1788377760|20260903033600|946.75
1788377765|20260903033605|946.74
1788377770|20260903033610|946.70
1788377775|20260903033615|946.64
1788377780|20260903033620|946.65
1788377785|20260903033625|946.64
1788377795|20260903033635|946.59
1788377800|20260903033640|946.61
1788377805|20260903033645|946.67
1788377815|20260903033655|946.54
1788377840|20260903033720|946.56
1788377845|20260903033725|946.57
1788377855|20260903033735|946.82
1788377860|20260903033740|946.76
1788377865|20260903033745|946.83
1788377870|20260903033750|946.85
1788377875|20260903033755|946.81
1788377885|20260903033805|946.80
1788377890|20260903033810|946.80
1788377895|20260903033815|946.81
1788377900|20260903033820|946.81
1788377905|20260903033825|946.91
1788377915|20260903033835|946.95
1788377920|20260903033840|946.96
1788377925|20260903033845|946.97
1788377930|20260903033850|946.90
1788377935|20260903033855|946.91
1788377945|20260903033905|946.95
1788377950|20260903033910|946.94
1788377955|20260903033915|946.89
1788377960|20260903033920|946.97
1788377965|20260903033925|946.93
1788377980|20260903033940|947.01
1788378005|20260903034005|947.10
1788378015|20260903034015|947.02
1788378020|20260903034020|947.01
1788378025|20260903034025|947.05
1788378045|20260903034045|947.17
1788378050|20260903034050|947.14
1788378060|20260903034100|947.20
1788378065|20260903034105|947.16
1788378070|20260903034110|947.15
1788378075|20260903034115|947.20
1788378080|20260903034120|947.28
1788378100|20260903034140|947.12
1788378105|20260903034145|947.17
1788378115|20260903034155|947.18
1788378135|20260903034215|947.24
1788378140|20260903034220|947.38
1788378145|20260903034225|947.29
1788378155|20260903034235|947.30
1788378160|20260903034240|947.29
1788378165|20260903034245|947.31
1788378170|20260903034250|947.22
1788378175|20260903034255|947.23
1788378185|20260903034305|947.23
1788378190|20260903034310|947.25
1788378195|20260903034315|947.27
1788378200|20260903034320|947.28
1788378205|20260903034325|947.35
1788378215|20260903034335|947.36
1788378220|20260903034340|947.34
1788378225|20260903034345|947.39
1788378230|20260903034350|947.37
1788378235|20260903034355|947.52
1788378245|20260903034405|947.69
1788378250|20260903034410|947.72
1788378255|20260903034415|947.71
1788378260|20260903034420|947.69
1788378265|20260903034425|947.71
1788378300|20260903034500|948.02
1788378305|20260903034505|948.08
1788378310|20260903034510|948.15
1788378320|20260903034520|947.96
1788378325|20260903034525|947.91
1788378335|20260903034535|947.94
1788378340|20260903034540|947.94
1788378350|20260903034550|947.94
1788378360|20260903034600|947.65
1788378365|20260903034605|947.55
1788378370|20260903034610|947.53
1788378380|20260903034620|947.50
1788378385|20260903034625|947.53
1788378395|20260903034635|947.65
1788378400|20260903034640|947.62
1788378405|20260903034645|947.59
1788378410|20260903034650|947.33
1788378415|20260903034655|947.38
1788378425|20260903034705|947.43
1788378430|20260903034710|947.46
1788378435|20260903034715|947.47
1788378460|20260903034740|947.32
1788378465|20260903034745|947.32
1788378470|20260903034750|947.40
1788378480|20260903034800|947.46
1788378485|20260903034805|947.49
1788378490|20260903034810|947.48
1788378495|20260903034815|947.47
1788378500|20260903034820|947.42
1788378505|20260903034825|947.35
1788378515|20260903034835|947.40
1788378520|20260903034840|947.43
1788378525|20260903034845|947.43
1788378535|20260903034855|947.47
1788378540|20260903034900|947.38
1788378545|20260903034905|947.38
1788378550|20260903034910|947.39
1788378555|20260903034915|947.35
1788378565|20260903034925|947.46
1788378605|20260903035005|947.69
1788378610|20260903035010|947.79
1788378615|20260903035015|947.93
1788378620|20260903035020|947.92
1788378625|20260903035025|947.99
1788378635|20260903035035|948.00
1788378640|20260903035040|948.01
1788378645|20260903035045|948.01
1788378650|20260903035050|948.12
1788378655|20260903035055|948.16
1788378660|20260903035100|948.13
1788378665|20260903035105|948.15
1788378670|20260903035110|948.24
1788378675|20260903035115|948.24
1788378680|20260903035120|948.27
1788378685|20260903035125|948.12
1788378695|20260903035135|948.09
1788378700|20260903035140|948.14
1788378705|20260903035145|948.13
1788378710|20260903035150|948.04
1788378715|20260903035155|947.98
1788378725|20260903035205|948.14
1788378730|20260903035210|948.15
1788378735|20260903035215|948.18
1788378740|20260903035220|948.20
1788378745|20260903035225|948.19
1788378755|20260903035235|948.27
1788378760|20260903035240|948.23
1788378765|20260903035245|948.18
1788378770|20260903035250|948.19
1788378785|20260903035305|948.13
1788378790|20260903035310|948.12
1788378795|20260903035315|948.10
1788378800|20260903035320|948.03
1788378815|20260903035335|947.90
1788378820|20260903035340|947.81
1788378825|20260903035345|947.72
1788378830|20260903035350|947.74
1788378845|20260903035405|947.57
1788378850|20260903035410|947.65
1788378855|20260903035415|947.64
1788378860|20260903035420|947.61
1788378865|20260903035425|947.65
1788378905|20260903035505|947.79
1788378910|20260903035510|947.77
1788378915|20260903035515|947.73
1788378920|20260903035520|947.71
1788378925|20260903035525|947.80
1788378935|20260903035535|947.72
1788378940|20260903035540|947.59
1788378945|20260903035545|947.63
1788378950|20260903035550|947.63
1788378955|20260903035555|947.65
1788378980|20260903035620|947.67
1788378985|20260903035625|947.70
1788378995|20260903035635|947.67
1788379000|20260903035640|947.64
1788379005|20260903035645|947.71
1788379010|20260903035650|947.81
1788379015|20260903035655|947.81
1788379025|20260903035705|947.87
1788379035|20260903035715|947.91
1788379040|20260903035720|947.96
1788379045|20260903035725|947.82
1788379055|20260903035735|947.75
1788379060|20260903035740|947.73
1788379065|20260903035745|947.77
1788379070|20260903035750|947.78
1788379085|20260903035805|947.76
1788379090|20260903035810|947.85
1788379095|20260903035815|947.92
1788379105|20260903035825|947.85
1788379120|20260903035840|947.97
1788379125|20260903035845|948.03
1788379130|20260903035850|948.14
1788379135|20260903035855|948.07
1788379150|20260903035910|948.46
1788379155|20260903035915|948.50
1788379160|20260903035920|948.49
1788379165|20260903035925|948.43
1788379205|20260903040005|948.58
1788379210|20260903040010|948.58
1788379215|20260903040015|948.61
1788379220|20260903040020|948.26
1788379225|20260903040025|948.13
1788379240|20260903040040|948.12
1788379245|20260903040045|948.19
1788379255|20260903040055|948.24
1788379260|20260903040100|948.21
1788379265|20260903040105|948.27
1788379275|20260903040115|948.26
1788379280|20260903040120|948.33
1788379285|20260903040125|948.41
1788379295|20260903040135|948.36
1788379300|20260903040140|948.39
1788379305|20260903040145|948.39
1788379310|20260903040150|948.42
1788379315|20260903040155|948.40
1788379325|20260903040205|948.41
1788379330|20260903040210|948.32
1788379335|20260903040215|948.32
1788379340|20260903040220|948.29
1788379345|20260903040225|948.31
1788379355|20260903040235|948.31
1788379360|20260903040240|948.24
1788379365|20260903040245|948.26
1788379375|20260903040255|948.19
1788379385|20260903040305|948.19
1788379390|20260903040310|948.19
1788379395|20260903040315|948.22
1788379405|20260903040325|948.30
1788379415|20260903040335|948.13
1788379420|20260903040340|948.20
1788379425|20260903040345|948.18
1788379430|20260903040350|948.24
1788379450|20260903040410|948.31
1788379455|20260903040415|948.29
1788379460|20260903040420|948.32
1788379465|20260903040425|948.42
1788379505|20260903040505|948.40
1788379510|20260903040510|948.38
1788379515|20260903040515|948.36
1788379520|20260903040520|948.39
1788379525|20260903040525|948.31
1788379540|20260903040540|948.49
1788379545|20260903040545|948.50
1788379550|20260903040550|948.56
1788379555|20260903040555|948.60
1788379565|20260903040605|948.25
1788379570|20260903040610|948.23
1788379580|20260903040620|948.23
1788379585|20260903040625|948.30
1788379595|20260903040635|948.30
1788379600|20260903040640|948.30
1788379605|20260903040645|948.18
1788379610|20260903040650|948.19
1788379615|20260903040655|948.20
1788379625|20260903040705|948.27
1788379630|20260903040710|948.31
1788379635|20260903040715|948.29
1788379640|20260903040720|948.26
1788379655|20260903040735|948.12
1788379665|20260903040745|948.10
1788379670|20260903040750|948.12
1788379675|20260903040755|948.13
1788379680|20260903040800|948.08
1788379685|20260903040805|948.16
1788379690|20260903040810|948.16
1788379695|20260903040815|948.14
1788379700|20260903040820|948.13
1788379715|20260903040835|948.06
1788379720|20260903040840|948.08
1788379725|20260903040845|948.00
1788379730|20260903040850|947.98
1788379735|20260903040855|947.98
1788379740|20260903040900|948.03
1788379745|20260903040905|948.03
1788379755|20260903040915|947.99
1788379760|20260903040920|947.95
1788379765|20260903040925|947.93
1788379805|20260903041005|947.98
1788379810|20260903041010|948.00
1788379815|20260903041015|948.02
1788379825|20260903041025|947.96
1788379845|20260903041045|947.96
1788379850|20260903041050|947.89
1788379855|20260903041055|947.94
1788379865|20260903041105|947.96
1788379870|20260903041110|947.96
1788379875|20260903041115|947.96
1788379880|20260903041120|947.97
1788379885|20260903041125|947.98
1788379895|20260903041135|947.99
1788379900|20260903041140|947.99
1788379905|20260903041145|947.96
1788379910|20260903041150|948.00
1788379915|20260903041155|948.01
1788379920|20260903041200|948.00
1788379925|20260903041205|947.96
1788379930|20260903041210|947.93
1788379935|20260903041215|947.94
1788379940|20260903041220|947.94
1788379945|20260903041225|948.04
1788379955|20260903041235|947.93
1788379960|20260903041240|947.94
1788379965|20260903041245|947.92
1788379970|20260903041250|947.93
1788379975|20260903041255|947.92
1788379985|20260903041305|947.80
1788379990|20260903041310|947.79
1788379995|20260903041315|947.79
1788380005|20260903041325|947.87
1788380015|20260903041335|947.82
1788380020|20260903041340|947.85
1788380025|20260903041345|947.85
1788380030|20260903041350|947.85
1788380035|20260903041355|947.84
1788380045|20260903041405|947.87
1788380050|20260903041410|947.87
1788380055|20260903041415|947.87
1788380060|20260903041420|947.88
1788380065|20260903041425|947.87
1788380100|20260903041500|947.53
1788380105|20260903041505|947.52
1788380110|20260903041510|947.39
1788380115|20260903041515|947.20
1788380120|20260903041520|947.17
1788380145|20260903041545|947.25
1788380150|20260903041550|947.33
1788380155|20260903041555|947.33
1788380160|20260903041600|947.36
1788380170|20260903041610|947.30
1788380175|20260903041615|947.23
1788380180|20260903041620|947.25
1788380185|20260903041625|947.26
1788380195|20260903041635|947.30
1788380200|20260903041640|947.33
1788380215|20260903041655|947.33
1788380220|20260903041700|947.25
1788380225|20260903041705|947.26
1788380230|20260903041710|947.28
1788380235|20260903041715|947.27
1788380240|20260903041720|947.26
1788380245|20260903041725|947.27
1788380255|20260903041735|947.45
1788380260|20260903041740|947.45
1788380265|20260903041745|947.44
1788380270|20260903041750|947.43
1788380275|20260903041755|947.45
1788380280|20260903041800|947.46
1788380285|20260903041805|947.42
1788380290|20260903041810|947.42
1788380300|20260903041820|947.34
1788380305|20260903041825|947.33
1788380315|20260903041835|947.42
1788380320|20260903041840|947.35
1788380325|20260903041845|947.35
1788380330|20260903041850|947.36
1788380335|20260903041855|947.47
1788380345|20260903041905|947.31
1788380350|20260903041910|947.32
1788380355|20260903041915|947.30
1788380360|20260903041920|947.28
1788380365|20260903041925|947.23
1788380400|20260903042000|947.23
1788380405|20260903042005|947.30
1788380410|20260903042010|947.31
1788380415|20260903042015|947.31
1788380420|20260903042020|947.31
1788380425|20260903042025|947.24
1788380435|20260903042035|947.20
1788380440|20260903042040|947.28
1788380445|20260903042045|947.26
1788380450|20260903042050|947.23
1788380465|20260903042105|947.23
1788380475|20260903042115|947.27
1788380480|20260903042120|947.27
1788380485|20260903042125|947.28
1788380495|20260903042135|947.26
1788380500|20260903042140|947.22
1788380505|20260903042145|947.21
1788380510|20260903042150|947.25
1788380515|20260903042155|947.27
1788380525|20260903042205|947.26
1788380530|20260903042210|947.33
1788380535|20260903042215|947.26
1788380545|20260903042225|947.28
1788380555|20260903042235|947.24
1788380560|20260903042240|947.24
1788380565|20260903042245|947.25
1788380575|20260903042255|947.20
1788380585|20260903042305|947.25
1788380595|20260903042315|947.30
1788380600|20260903042320|947.31
1788380605|20260903042325|947.31
1788380615|20260903042335|947.32
1788380620|20260903042340|947.35
1788380630|20260903042350|947.34
1788380635|20260903042355|947.35
1788380645|20260903042405|947.40
1788380650|20260903042410|947.40
1788380655|20260903042415|947.37
1788380660|20260903042420|947.40
1788380665|20260903042425|947.44
1788380705|20260903042505|947.42
1788380710|20260903042510|947.40
1788380715|20260903042515|947.38
1788380720|20260903042520|947.37
1788380725|20260903042525|947.38
1788380740|20260903042540|947.80
1788380745|20260903042545|947.82
1788380750|20260903042550|947.80
1788380755|20260903042555|947.82
1788380770|20260903042610|947.81
1788380775|20260903042615|947.79
1788380780|20260903042620|947.72
1788380785|20260903042625|947.70
1788380795|20260903042635|947.73
1788380800|20260903042640|947.74
1788380805|20260903042645|947.74
1788380810|20260903042650|947.72
1788380815|20260903042655|947.72
1788380820|20260903042700|947.72
1788380825|20260903042705|947.73
1788380830|20260903042710|947.71
1788380835|20260903042715|947.73
1788380845|20260903042725|947.73
1788380855|20260903042735|947.75
1788380885|20260903042805|947.75
1788380890|20260903042810|947.77
1788380895|20260903042815|947.78
1788380900|20260903042820|947.65
1788380905|20260903042825|947.59
1788380915|20260903042835|947.62
1788380930|20260903042850|947.62
1788380945|20260903042905|947.61
1788380965|20260903042925|947.60
1788381000|20260903043000|947.58
1788381005|20260903043005|947.58
1788381010|20260903043010|947.55
1788381015|20260903043015|947.51
1788381025|20260903043025|947.45
1788381035|20260903043035|947.44
1788381040|20260903043040|947.51
1788381045|20260903043045|947.50
1788381050|20260903043050|947.52
1788381055|20260903043055|947.53
1788381065|20260903043105|947.51
1788381070|20260903043110|947.57
1788381075|20260903043115|947.60
1788381080|20260903043120|947.61
1788381085|20260903043125|947.60
1788381095|20260903043135|947.72
1788381100|20260903043140|947.73
1788381105|20260903043145|947.71
1788381110|20260903043150|947.74
1788381115|20260903043155|947.73
1788381125|20260903043205|947.79
1788381130|20260903043210|947.78
1788381140|20260903043220|947.84
1788381145|20260903043225|947.78
1788381155|20260903043235|947.80
1788381160|20260903043240|947.74
1788381165|20260903043245|947.80
1788381170|20260903043250|947.83
1788381175|20260903043255|947.82
1788381185|20260903043305|947.85
1788381190|20260903043310|947.84
1788381195|20260903043315|947.85
1788381200|20260903043320|947.83
1788381205|20260903043325|947.82
1788381215|20260903043335|947.82
1788381220|20260903043340|947.88
1788381225|20260903043345|947.88
1788381230|20260903043350|947.87
1788381235|20260903043355|947.87
1788381245|20260903043405|947.86
1788381250|20260903043410|947.84
1788381255|20260903043415|947.86
1788381260|20260903043420|947.88
1788381265|20260903043425|947.83
1788381295|20260903043455|947.86
1788381305|20260903043505|947.84
1788381310|20260903043510|947.82
1788381315|20260903043515|947.83
1788381320|20260903043520|947.86
1788381325|20260903043525|947.84
1788381335|20260903043535|947.82
1788381340|20260903043540|947.84
1788381350|20260903043550|947.82
1788381355|20260903043555|947.83
1788381360|20260903043600|947.82
1788381375|20260903043615|947.81
1788381380|20260903043620|947.84
1788381385|20260903043625|947.84
1788381390|20260903043630|947.75
1788381395|20260903043635|947.75
1788381400|20260903043640|947.80
1788381405|20260903043645|947.80
1788381410|20260903043650|947.79
1788381425|20260903043705|947.78
1788381430|20260903043710|947.78
1788381435|20260903043715|947.74
1788381455|20260903043735|947.76
1788381460|20260903043740|947.75
1788381465|20260903043745|947.74
1788381470|20260903043750|947.72
1788381475|20260903043755|947.73
1788381480|20260903043800|947.72
1788381485|20260903043805|947.77
1788381495|20260903043815|947.76
1788381500|20260903043820|947.80
1788381505|20260903043825|947.86
1788381515|20260903043835|947.83
1788381520|20260903043840|947.84
1788381525|20260903043845|947.85
1788381535|20260903043855|947.85
1788381545|20260903043905|947.83
1788381555|20260903043915|947.83
1788381560|20260903043920|947.81
1788381575|20260903043935|947.84
1788381585|20260903043945|947.83
1788381595|20260903043955|947.83
1788381600|20260903044000|947.84
1788381605|20260903044005|947.95
1788381615|20260903044015|947.83
1788381620|20260903044020|947.83
1788381625|20260903044025|947.86
1788381635|20260903044035|947.87
1788381640|20260903044040|947.91
1788381645|20260903044045|948.11
1788381650|20260903044050|948.13
1788381655|20260903044055|948.16
1788381665|20260903044105|948.13
1788381675|20260903044115|948.14
1788381680|20260903044120|948.13
1788381685|20260903044125|948.14
1788381695|20260903044135|948.12
1788381700|20260903044140|948.12
1788381705|20260903044145|948.12
1788381710|20260903044150|948.08
1788381715|20260903044155|948.10
1788381725|20260903044205|948.09
1788381730|20260903044210|948.06
1788381735|20260903044215|948.06
1788381740|20260903044220|948.08
1788381745|20260903044225|948.09
1788381755|20260903044235|948.13
1788381760|20260903044240|948.14
1788381765|20260903044245|948.09
1788381770|20260903044250|948.11
1788381775|20260903044255|948.10
1788381785|20260903044305|948.09
1788381790|20260903044310|948.08
1788381795|20260903044315|948.11
1788381800|20260903044320|948.13
1788381805|20260903044325|948.11
1788381815|20260903044335|948.10
1788381830|20260903044350|948.18
1788381835|20260903044355|948.14
1788381845|20260903044405|948.25
1788381855|20260903044415|948.24
1788381860|20260903044420|948.24
1788381865|20260903044425|948.19
1788381905|20260903044505|947.90
1788381910|20260903044510|947.91
1788381915|20260903044515|947.94
1788381925|20260903044525|948.01
1788381935|20260903044535|948.00
1788381940|20260903044540|948.03
1788381945|20260903044545|948.03
1788381955|20260903044555|947.88
1788381970|20260903044610|947.92
1788381975|20260903044615|947.91
1788381980|20260903044620|947.90
1788382005|20260903044645|947.96
1788382010|20260903044650|947.95
1788382015|20260903044655|947.99
1788382025|20260903044705|947.99
1788382035|20260903044715|948.06
1788382045|20260903044725|948.07
1788382055|20260903044735|948.07
1788382060|20260903044740|948.05
1788382075|20260903044755|948.09
1788382095|20260903044815|948.15
1788382100|20260903044820|948.17
1788382105|20260903044825|948.19
1788382115|20260903044835|948.26
1788382120|20260903044840|948.26
1788382125|20260903044845|948.26
1788382130|20260903044850|948.28
1788382135|20260903044855|948.26
1788382145|20260903044905|948.24
1788382150|20260903044910|948.24
1788382155|20260903044915|948.24
1788382160|20260903044920|948.23
1788382205|20260903045005|948.16
1788382210|20260903045010|948.20
1788382215|20260903045015|948.23
1788382220|20260903045020|948.26
1788382225|20260903045025|948.35
1788382245|20260903045045|948.50
1788382250|20260903045050|948.50
1788382255|20260903045055|948.50
1788382265|20260903045105|948.46
1788382270|20260903045110|948.46
1788382275|20260903045115|948.49
1788382280|20260903045120|948.49
1788382285|20260903045125|948.51
1788382295|20260903045135|948.48
1788382300|20260903045140|948.47
1788382305|20260903045145|948.48
1788382310|20260903045150|948.45
1788382315|20260903045155|948.47
1788382325|20260903045205|948.46
1788382330|20260903045210|948.42
1788382335|20260903045215|948.42
1788382340|20260903045220|948.41
1788382345|20260903045225|948.43
1788382355|20260903045235|948.45
1788382360|20260903045240|948.46
1788382365|20260903045245|948.45
1788382370|20260903045250|948.46
1788382375|20260903045255|948.45
1788382385|20260903045305|948.48
1788382390|20260903045310|948.50
1788382395|20260903045315|948.47
1788382400|20260903045320|948.29
1788382405|20260903045325|948.22
1788382415|20260903045335|948.27
1788382420|20260903045340|948.26
1788382430|20260903045350|948.26
1788382435|20260903045355|948.26
1788382450|20260903045410|948.33
1788382455|20260903045415|948.28
1788382460|20260903045420|948.31
1788382465|20260903045425|948.32
1788382505|20260903045505|948.17
1788382510|20260903045510|948.20
1788382515|20260903045515|948.20
1788382520|20260903045520|948.22
1788382535|20260903045535|948.21
1788382540|20260903045540|948.21
1788382545|20260903045545|948.16
1788382550|20260903045550|948.15
1788382555|20260903045555|948.10
1788382565|20260903045605|948.06
1788382570|20260903045610|948.02
1788382575|20260903045615|948.14
1788382580|20260903045620|948.13
1788382585|20260903045625|948.05
1788382600|20260903045640|948.02
1788382605|20260903045645|947.97
1788382610|20260903045650|947.99
1788382615|20260903045655|947.99
1788382620|20260903045700|948.00
1788382625|20260903045705|948.02
1788382630|20260903045710|947.98
1788382635|20260903045715|947.99
1788382640|20260903045720|947.93
1788382645|20260903045725|947.96
1788382655|20260903045735|948.03
1788382660|20260903045740|948.01
1788382670|20260903045750|947.96
1788382675|20260903045755|947.89
1788382685|20260903045805|947.96
1788382690|20260903045810|947.89
1788382695|20260903045815|947.90
1788382705|20260903045825|947.91
1788382715|20260903045835|947.90
1788382720|20260903045840|947.94
1788382725|20260903045845|947.86
1788382730|20260903045850|947.88
1788382735|20260903045855|947.93
1788382745|20260903045905|948.01
1788382754|20260903045914|948.02
