1790553609|20260928080009|920.48
1790553786|20260928080306|918.95
1790554094|20260928080814|920.17
1790554163|20260928080923|918.73
1790554245|20260928081045|918.78
1790554379|20260928081259|919.78
1790554594|20260928081634|919.80
1790554752|20260928081912|918.70
1790554841|20260928082041|919.58
1790554987|20260928082307|918.50
1790555230|20260928082710|918.91
1790555397|20260928082957|918.01
1790555433|20260928083033|918.04
1790555675|20260928083435|913.98
1790555738|20260928083538|914.49
1790555967|20260928083927|915.72
1790556068|20260928084108|914.08
1790556283|20260928084443|915.36
1790556346|20260928084546|915.66
1790556535|20260928084855|914.17
1790556680|20260928085120|914.93
1790556898|20260928085458|913.70
1790557016|20260928085656|914.77
1790557155|20260928085915|913.08
1790557205|20260928090005|913.91
1790557351|20260928090231|911.29
1790557557|20260928090557|911.33
1790557674|20260928090754|913.27
1790557810|20260928091010|912.77
1790557990|20260928091310|910.32
1790558208|20260928091648|912.71
1790558382|20260928091942|911.06
1790558502|20260928092142|912.12
1790558585|20260928092305|910.72
1790558822|20260928092702|912.02
1790558926|20260928092846|910.67
1790559025|20260928093025|912.01
1790559213|20260928093333|910.31
1790559301|20260928093501|911.01
1790559599|20260928093959|909.01
1790559763|20260928094243|910.30
1790559884|20260928094444|908.82
1790559976|20260928094616|908.20
1790560179|20260928094939|909.56
1790560442|20260928095402|910.00
1790560483|20260928095443|908.95
1790560500|20260928095500|909.07
1790560643|20260928095723|910.72
1790560819|20260928100019|910.75
1790560931|20260928100211|909.29
1790561236|20260928100716|909.25
1790561368|20260928100928|910.47
1790561487|20260928101127|909.65
1790561650|20260928101410|910.70
1790561925|20260928101845|909.84
1790561989|20260928101949|910.63
1790562008|20260928102008|910.64
1790562038|20260928102038|909.85
1790562391|20260928102631|910.02
1790562500|20260928102820|910.92
1790562601|20260928103001|910.27
1790562889|20260928103449|908.79
1790562991|20260928103631|909.22
1790563184|20260928103944|908.03
1790563230|20260928104030|908.01
1790563390|20260928104310|909.06
1790563513|20260928104513|908.76
1790563720|20260928104840|907.57
1790563854|20260928105054|908.11
1790563997|20260928105317|906.89
1790564102|20260928105502|907.44
1790564292|20260928105812|905.58
1790564427|20260928110027|905.74
1790564559|20260928110239|907.17
1790564750|20260928110550|906.54
1790564992|20260928110952|907.52
1790565054|20260928111054|907.58
1790565260|20260928111420|906.78
1790565321|20260928111521|907.24
1790565390|20260928111630|906.49
1790565604|20260928112004|906.69
1790565756|20260928112236|905.45
1790565943|20260928112543|905.48
1790566114|20260928112834|906.32
1790566347|20260928113227|906.47
1790566453|20260928113413|904.84
1790566507|20260928113507|904.90
1790566776|20260928113936|905.76
1790566815|20260928114015|906.05
1790567053|20260928114413|905.08
1790567210|20260928114650|904.82
1790567395|20260928114955|906.06
1790567406|20260928115006|905.78
1790567693|20260928115453|906.66
1790567711|20260928115511|906.78
1790567969|20260928115929|906.07
1790568091|20260928120131|905.64
1790568149|20260928120229|906.59
1790568393|20260928120633|905.72
1790568580|20260928120940|906.42
1790568664|20260928121104|905.86
1790568737|20260928121217|906.65
1790568916|20260928121516|906.73
1790569168|20260928121928|905.81
1790569270|20260928122110|906.50
1790569481|20260928122441|905.61
1790569591|20260928122631|905.55
1790569780|20260928122940|906.54
1790569806|20260928123006|906.69
1790570096|20260928123456|905.69
1790570138|20260928123538|906.24
1790570386|20260928123946|905.57
1790570401|20260928124001|905.65
1790570610|20260928124330|906.63
1790570752|20260928124552|906.60
1790570919|20260928124839|905.81
1790571022|20260928125022|906.18
1790571253|20260928125413|905.51
1790571498|20260928125818|906.33
1790571580|20260928125940|905.22
1790571603|20260928130003|905.32
1790571805|20260928130325|906.37
1790571905|20260928130505|905.74
1790572104|20260928130824|904.29
1790572341|20260928131221|904.47
1790572498|20260928131458|905.13
1790572658|20260928131738|905.42
1790572796|20260928131956|904.07
1790572842|20260928132042|904.49
1790572979|20260928132259|903.33
1790573102|20260928132502|903.59
1790573345|20260928132905|904.96
1790573401|20260928133001|904.38
1790573662|20260928133422|902.90
1790573759|20260928133559|903.59
1790573999|20260928133959|902.22
1790574113|20260928134153|902.05
1790574257|20260928134417|903.19
1790574310|20260928134510|903.07
1790574522|20260928134842|902.03
1790574767|20260928135247|901.97
1790574870|20260928135430|902.83
1790575029|20260928135709|903.21
1790575163|20260928135923|901.84
1790575205|20260928140005|902.31
1790575314|20260928140154|901.03
1790575506|20260928140506|901.07
1790575742|20260928140902|902.74
1790575895|20260928141135|902.36
1790576065|20260928141425|901.50
1790576214|20260928141654|902.12
1790576356|20260928141916|900.89
1790576516|20260928142156|901.81
1790576606|20260928142326|900.44
1790576755|20260928142555|901.10
1790576918|20260928142838|899.96
1790577027|20260928143027|899.85
1790577295|20260928143455|901.48
1790577390|20260928143630|902.02
1790577442|20260928143722|900.84
1790577623|20260928144023|901.87
1790577890|20260928144450|900.51
1790577908|20260928144508|900.51
1790578192|20260928144952|901.51
1790578212|20260928145012|901.73
1790578498|20260928145458|899.54
1790578504|20260928145504|900.08
1790578639|20260928145719|898.56
