1788192004|20260901000004|956.35
1788192010|20260901000010|956.12
1788192020|20260901000020|955.76
1788192025|20260901000025|955.91
1788192035|20260901000035|956.34
1788192040|20260901000040|956.41
1788192045|20260901000045|956.58
1788192050|20260901000050|956.78
1788192055|20260901000055|956.71
1788192060|20260901000100|956.80
1788192070|20260901000110|956.92
1788192075|20260901000115|956.80
1788192080|20260901000120|956.83
1788192095|20260901000135|957.00
1788192100|20260901000140|957.00
1788192105|20260901000145|957.03
1788192110|20260901000150|956.87
1788192115|20260901000155|957.04
1788192120|20260901000200|957.06
1788192125|20260901000205|957.06
1788192130|20260901000210|957.09
1788192135|20260901000215|957.03
1788192140|20260901000220|957.14
1788192145|20260901000225|957.30
1788192155|20260901000235|957.35
1788192160|20260901000240|957.39
1788192165|20260901000245|957.32
1788192170|20260901000250|957.44
1788192175|20260901000255|957.58
1788192185|20260901000305|957.52
1788192195|20260901000315|957.59
1788192205|20260901000325|957.36
1788192215|20260901000335|957.30
1788192220|20260901000340|957.28
1788192225|20260901000345|957.28
1788192235|20260901000355|957.47
1788192245|20260901000405|957.43
1788192255|20260901000415|957.41
1788192260|20260901000420|957.46
1788192265|20260901000425|957.28
1788192300|20260901000500|957.19
1788192305|20260901000505|957.13
1788192310|20260901000510|957.19
1788192315|20260901000515|957.47
1788192320|20260901000520|957.20
1788192325|20260901000525|957.16
1788192335|20260901000535|957.22
1788192340|20260901000540|957.43
1788192345|20260901000545|957.60
1788192350|20260901000550|957.55
1788192360|20260901000600|957.55
1788192365|20260901000605|957.52
1788192375|20260901000615|957.46
1788192395|20260901000635|957.90
1788192405|20260901000645|957.91
1788192410|20260901000650|957.88
1788192415|20260901000655|957.95
1788192420|20260901000700|957.86
1788192425|20260901000705|957.93
1788192430|20260901000710|957.96
1788192435|20260901000715|958.00
1788192440|20260901000720|958.39
1788192445|20260901000725|958.40
1788192455|20260901000735|958.27
1788192470|20260901000750|958.08
1788192475|20260901000755|958.05
1788192485|20260901000805|958.01
1788192490|20260901000810|958.10
1788192495|20260901000815|958.18
1788192500|20260901000820|958.22
1788192505|20260901000825|958.24
1788192515|20260901000835|958.32
1788192520|20260901000840|958.30
1788192525|20260901000845|958.17
1788192530|20260901000850|958.12
1788192535|20260901000855|958.07
1788192540|20260901000900|958.08
1788192550|20260901000910|958.01
1788192555|20260901000915|957.90
1788192560|20260901000920|957.84
1788192565|20260901000925|957.78
1788192605|20260901001005|957.95
1788192610|20260901001010|957.83
1788192615|20260901001015|957.87
1788192620|20260901001020|957.88
1788192635|20260901001035|957.77
1788192640|20260901001040|957.77
1788192645|20260901001045|957.95
1788192650|20260901001050|957.93
1788192655|20260901001055|958.06
1788192660|20260901001100|958.23
1788192665|20260901001105|958.19
1788192670|20260901001110|958.24
1788192675|20260901001115|958.15
1788192680|20260901001120|958.24
1788192685|20260901001125|958.28
1788192695|20260901001135|958.28
1788192700|20260901001140|958.32
1788192705|20260901001145|958.38
1788192710|20260901001150|958.40
1788192715|20260901001155|958.38
1788192725|20260901001205|958.24
1788192730|20260901001210|958.17
1788192735|20260901001215|958.25
1788192740|20260901001220|958.23
1788192745|20260901001225|958.15
1788192755|20260901001235|958.27
1788192760|20260901001240|958.49
1788192765|20260901001245|958.49
1788192785|20260901001305|958.36
1788192790|20260901001310|958.37
1788192800|20260901001320|958.39
1788192805|20260901001325|958.40
1788192815|20260901001335|958.10
1788192820|20260901001340|958.06
1788192825|20260901001345|958.08
1788192830|20260901001350|958.01
1788192835|20260901001355|958.06
1788192845|20260901001405|957.90
1788192855|20260901001415|958.03
1788192860|20260901001420|957.89
1788192865|20260901001425|957.91
1788192905|20260901001505|958.22
1788192910|20260901001510|958.20
1788192915|20260901001515|958.18
1788192920|20260901001520|958.11
1788192925|20260901001525|958.15
1788192935|20260901001535|958.16
1788192940|20260901001540|958.41
1788192945|20260901001545|958.49
1788192950|20260901001550|958.41
1788192955|20260901001555|958.35
1788192965|20260901001605|958.35
1788192970|20260901001610|958.38
1788192975|20260901001615|958.40
1788192980|20260901001620|958.29
1788192985|20260901001625|958.31
1788192995|20260901001635|958.40
1788193000|20260901001640|958.37
1788193005|20260901001645|958.32
1788193010|20260901001650|958.38
1788193015|20260901001655|958.40
1788193025|20260901001705|958.52
1788193030|20260901001710|958.46
1788193035|20260901001715|958.38
1788193040|20260901001720|958.39
1788193055|20260901001735|958.25
1788193060|20260901001740|958.29
1788193065|20260901001745|958.27
1788193070|20260901001750|958.11
1788193075|20260901001755|958.14
1788193085|20260901001805|958.17
1788193090|20260901001810|958.21
1788193095|20260901001815|958.23
1788193100|20260901001820|958.23
1788193115|20260901001835|958.24
1788193120|20260901001840|958.26
1788193125|20260901001845|958.13
1788193130|20260901001850|958.18
1788193135|20260901001855|958.16
1788193145|20260901001905|958.26
1788193150|20260901001910|958.25
1788193155|20260901001915|958.25
1788193160|20260901001920|958.10
1788193165|20260901001925|958.14
1788193205|20260901002005|958.16
1788193215|20260901002015|958.18
1788193220|20260901002020|958.12
1788193225|20260901002025|958.03
1788193235|20260901002035|958.08
1788193240|20260901002040|958.13
1788193245|20260901002045|958.06
1788193250|20260901002050|958.12
1788193255|20260901002055|958.13
1788193265|20260901002105|958.30
1788193270|20260901002110|958.25
1788193275|20260901002115|958.29
1788193285|20260901002125|958.43
1788193295|20260901002135|958.47
1788193300|20260901002140|958.49
1788193305|20260901002145|958.34
1788193310|20260901002150|958.32
1788193325|20260901002205|958.32
1788193335|20260901002215|958.22
1788193340|20260901002220|958.16
1788193345|20260901002225|958.14
1788193355|20260901002235|957.91
1788193360|20260901002240|957.92
1788193365|20260901002245|957.88
1788193375|20260901002255|957.98
1788193385|20260901002305|958.09
1788193390|20260901002310|958.09
1788193395|20260901002315|958.03
1788193400|20260901002320|957.97
1788193405|20260901002325|957.97
1788193415|20260901002335|958.11
1788193420|20260901002340|958.03
1788193425|20260901002345|958.04
1788193430|20260901002350|958.05
1788193435|20260901002355|958.42
1788193445|20260901002405|958.26
1788193450|20260901002410|958.08
1788193455|20260901002415|958.12
1788193460|20260901002420|958.10
1788193505|20260901002505|958.46
1788193510|20260901002510|958.44
1788193515|20260901002515|958.41
1788193520|20260901002520|958.42
1788193525|20260901002525|958.40
1788193535|20260901002535|958.40
1788193550|20260901002550|958.46
1788193565|20260901002605|958.31
1788193570|20260901002610|958.28
1788193575|20260901002615|958.31
1788193580|20260901002620|958.34
1788193585|20260901002625|958.23
1788193595|20260901002635|958.34
1788193600|20260901002640|958.28
1788193605|20260901002645|958.32
1788193610|20260901002650|958.30
1788193615|20260901002655|958.31
1788193620|20260901002700|958.40
1788193625|20260901002705|958.37
1788193630|20260901002710|958.41
1788193635|20260901002715|958.41
1788193640|20260901002720|958.41
1788193645|20260901002725|958.45
1788193655|20260901002735|958.38
1788193660|20260901002740|958.36
1788193665|20260901002745|958.43
1788193670|20260901002750|958.51
1788193675|20260901002755|958.54
1788193680|20260901002800|958.53
1788193685|20260901002805|958.54
1788193690|20260901002810|958.52
1788193695|20260901002815|958.53
1788193700|20260901002820|958.56
1788193705|20260901002825|958.49
1788193715|20260901002835|958.54
1788193720|20260901002840|958.52
1788193725|20260901002845|958.47
1788193730|20260901002850|958.50
1788193735|20260901002855|958.50
1788193740|20260901002900|958.52
1788193745|20260901002905|958.56
1788193750|20260901002910|958.69
1788193755|20260901002915|958.60
1788193760|20260901002920|958.71
1788193780|20260901002940|958.80
1788193790|20260901002950|958.87
1788193795|20260901002955|958.94
1788193800|20260901003000|958.94
1788193805|20260901003005|958.99
1788193810|20260901003010|959.00
1788193820|20260901003020|959.08
1788193825|20260901003025|959.22
1788193835|20260901003035|959.20
1788193840|20260901003040|958.99
1788193850|20260901003050|958.79
1788193855|20260901003055|958.77
1788193865|20260901003105|958.75
1788193870|20260901003110|958.75
1788193875|20260901003115|958.74
1788193880|20260901003120|958.61
1788193885|20260901003125|958.53
1788193895|20260901003135|958.56
1788193900|20260901003140|958.42
1788193905|20260901003145|958.53
1788193910|20260901003150|958.55
1788193930|20260901003210|958.67
1788193935|20260901003215|958.68
1788193940|20260901003220|958.69
1788193945|20260901003225|958.80
1788193955|20260901003235|958.67
1788193960|20260901003240|958.68
1788193965|20260901003245|958.72
1788193970|20260901003250|958.59
1788193975|20260901003255|958.65
1788193985|20260901003305|958.56
1788193995|20260901003315|958.42
1788194000|20260901003320|958.41
1788194005|20260901003325|958.35
1788194015|20260901003335|958.47
1788194020|20260901003340|958.44
1788194030|20260901003350|958.43
1788194035|20260901003355|958.46
1788194045|20260901003405|958.34
1788194055|20260901003415|958.39
1788194060|20260901003420|958.37
1788194095|20260901003455|958.38
1788194105|20260901003505|958.49
1788194110|20260901003510|958.37
1788194115|20260901003515|958.40
1788194120|20260901003520|958.41
1788194125|20260901003525|958.29
1788194135|20260901003535|958.40
1788194140|20260901003540|958.40
1788194150|20260901003550|958.17
1788194155|20260901003555|958.20
1788194165|20260901003605|958.12
1788194170|20260901003610|958.25
1788194185|20260901003625|958.27
1788194195|20260901003635|958.25
1788194200|20260901003640|958.25
1788194205|20260901003645|958.25
1788194210|20260901003650|958.26
1788194215|20260901003655|958.21
1788194225|20260901003705|958.09
1788194230|20260901003710|958.09
1788194235|20260901003715|958.08
1788194240|20260901003720|957.97
1788194245|20260901003725|957.85
1788194260|20260901003740|957.67
1788194265|20260901003745|957.70
1788194270|20260901003750|957.68
1788194275|20260901003755|957.63
1788194285|20260901003805|957.67
1788194300|20260901003820|957.45
1788194315|20260901003835|957.49
1788194320|20260901003840|957.48
1788194325|20260901003845|957.42
1788194330|20260901003850|957.45
1788194335|20260901003855|957.48
1788194345|20260901003905|957.51
1788194355|20260901003915|957.58
1788194360|20260901003920|957.53
1788194365|20260901003925|957.51
1788194405|20260901004005|957.55
1788194410|20260901004010|957.53
1788194415|20260901004015|957.52
1788194420|20260901004020|957.64
1788194425|20260901004025|957.54
1788194435|20260901004035|957.55
1788194440|20260901004040|957.53
1788194445|20260901004045|957.65
1788194450|20260901004050|957.63
1788194455|20260901004055|957.67
1788194460|20260901004100|957.78
1788194465|20260901004105|957.78
1788194470|20260901004110|957.87
1788194475|20260901004115|957.90
1788194480|20260901004120|957.98
1788194485|20260901004125|958.07
1788194500|20260901004140|958.48
1788194505|20260901004145|958.48
1788194510|20260901004150|958.53
1788194515|20260901004155|958.55
1788194525|20260901004205|958.74
1788194530|20260901004210|958.73
1788194535|20260901004215|958.72
1788194540|20260901004220|958.64
1788194545|20260901004225|958.62
1788194555|20260901004235|958.52
1788194560|20260901004240|958.48
1788194570|20260901004250|958.36
1788194575|20260901004255|958.45
1788194585|20260901004305|958.36
1788194590|20260901004310|958.44
1788194595|20260901004315|958.40
1788194600|20260901004320|958.42
1788194605|20260901004325|958.41
1788194615|20260901004335|958.51
1788194620|20260901004340|958.52
1788194625|20260901004345|958.37
1788194645|20260901004405|958.36
1788194650|20260901004410|958.43
1788194655|20260901004415|958.36
1788194660|20260901004420|958.34
1788194665|20260901004425|958.32
1788194680|20260901004440|958.31
1788194705|20260901004505|958.31
1788194710|20260901004510|958.33
1788194715|20260901004515|958.36
1788194720|20260901004520|958.36
1788194725|20260901004525|958.43
1788194735|20260901004535|958.44
1788194740|20260901004540|958.50
1788194745|20260901004545|958.49
1788194750|20260901004550|958.53
1788194755|20260901004555|958.49
1788194765|20260901004605|958.48
1788194770|20260901004610|958.52
1788194775|20260901004615|957.94
1788194780|20260901004620|957.90
1788194785|20260901004625|957.91
1788194795|20260901004635|957.90
1788194800|20260901004640|957.89
1788194805|20260901004645|957.97
1788194810|20260901004650|957.83
1788194815|20260901004655|957.80
1788194825|20260901004705|957.94
1788194835|20260901004715|957.90
1788194840|20260901004720|957.91
1788194855|20260901004735|957.67
1788194860|20260901004740|957.72
1788194875|20260901004755|957.85
1788194880|20260901004800|957.82
1788194885|20260901004805|957.75
1788194890|20260901004810|957.69
1788194895|20260901004815|957.68
1788194900|20260901004820|957.66
1788194905|20260901004825|957.66
1788194915|20260901004835|957.81
1788194920|20260901004840|957.88
1788194930|20260901004850|957.96
1788194935|20260901004855|957.87
1788194940|20260901004900|957.94
1788194945|20260901004905|957.95
1788194950|20260901004910|957.93
1788194955|20260901004915|957.89
1788194965|20260901004925|957.96
1788194995|20260901004955|957.96
1788195005|20260901005005|957.96
1788195010|20260901005010|957.96
1788195020|20260901005020|957.94
1788195030|20260901005030|958.05
1788195035|20260901005035|958.02
1788195040|20260901005040|958.07
1788195045|20260901005045|958.11
1788195050|20260901005050|958.05
1788195055|20260901005055|958.08
1788195060|20260901005100|958.17
1788195065|20260901005105|958.18
1788195070|20260901005110|958.16
1788195075|20260901005115|958.17
1788195080|20260901005120|958.20
1788195085|20260901005125|958.42
1788195095|20260901005135|958.48
1788195100|20260901005140|958.68
1788195105|20260901005145|958.68
1788195110|20260901005150|958.72
1788195115|20260901005155|958.70
1788195120|20260901005200|958.63
1788195125|20260901005205|958.62
1788195130|20260901005210|958.63
1788195135|20260901005215|958.56
1788195140|20260901005220|958.58
1788195160|20260901005240|958.54
1788195165|20260901005245|958.55
1788195170|20260901005250|958.19
1788195175|20260901005255|958.17
1788195180|20260901005300|958.13
1788195185|20260901005305|958.16
1788195190|20260901005310|958.22
1788195195|20260901005315|958.22
1788195200|20260901005320|958.26
1788195205|20260901005325|958.15
1788195215|20260901005335|958.17
1788195220|20260901005340|958.16
1788195230|20260901005350|958.28
1788195240|20260901005400|958.15
1788195245|20260901005405|958.14
1788195260|20260901005420|958.09
1788195265|20260901005425|958.01
1788195300|20260901005500|957.99
1788195305|20260901005505|957.99
1788195310|20260901005510|958.02
1788195315|20260901005515|957.96
1788195325|20260901005525|957.90
1788195335|20260901005535|957.93
1788195340|20260901005540|957.86
1788195345|20260901005545|957.87
1788195350|20260901005550|957.88
1788195355|20260901005555|957.94
1788195360|20260901005600|957.90
1788195365|20260901005605|957.90
1788195370|20260901005610|957.89
1788195380|20260901005620|957.90
1788195385|20260901005625|957.93
1788195390|20260901005630|957.86
1788195395|20260901005635|957.86
1788195400|20260901005640|957.86
1788195405|20260901005645|957.77
1788195415|20260901005655|957.95
1788195425|20260901005705|957.93
1788195430|20260901005710|957.94
1788195435|20260901005715|957.94
1788195440|20260901005720|957.91
1788195445|20260901005725|957.82
1788195455|20260901005735|957.85
1788195460|20260901005740|957.85
1788195470|20260901005750|957.88
1788195475|20260901005755|957.91
1788195480|20260901005800|957.89
1788195485|20260901005805|957.78
1788195490|20260901005810|957.65
1788195495|20260901005815|957.62
1788195505|20260901005825|957.73
1788195515|20260901005835|957.77
1788195520|20260901005840|957.79
1788195530|20260901005850|957.83
1788195535|20260901005855|957.84
1788195545|20260901005905|957.79
1788195550|20260901005910|957.84
1788195555|20260901005915|957.81
1788195560|20260901005920|957.79
1788195580|20260901005940|957.89
1788195605|20260901010005|957.83
1788195610|20260901010010|957.85
1788195615|20260901010015|957.85
1788195620|20260901010020|957.83
1788195625|20260901010025|957.82
1788195640|20260901010040|957.80
1788195645|20260901010045|957.87
1788195650|20260901010050|957.90
1788195655|20260901010055|957.84
1788195665|20260901010105|957.60
1788195695|20260901010135|957.46
1788195700|20260901010140|957.43
1788195710|20260901010150|957.62
1788195715|20260901010155|957.60
1788195725|20260901010205|957.75
1788195730|20260901010210|957.74
1788195735|20260901010215|957.86
1788195740|20260901010220|958.00
1788195745|20260901010225|957.97
1788195750|20260901010230|957.98
1788195755|20260901010235|957.90
1788195760|20260901010240|957.96
1788195770|20260901010250|957.91
1788195775|20260901010255|957.91
1788195780|20260901010300|957.85
1788195785|20260901010305|957.99
1788195790|20260901010310|957.88
1788195795|20260901010315|957.80
1788195800|20260901010320|957.83
1788195805|20260901010325|957.82
1788195815|20260901010335|957.83
1788195820|20260901010340|957.95
1788195825|20260901010345|957.83
1788195830|20260901010350|957.81
1788195845|20260901010405|957.44
1788195850|20260901010410|957.40
1788195900|20260901010500|957.57
1788195910|20260901010510|957.72
1788195920|20260901010520|957.71
1788195925|20260901010525|957.71
1788195935|20260901010535|957.61
1788195940|20260901010540|957.62
1788195955|20260901010555|957.52
1788195960|20260901010600|957.51
1788195965|20260901010605|957.48
1788195975|20260901010615|957.46
1788195980|20260901010620|957.50
1788195985|20260901010625|957.51
1788195995|20260901010635|957.43
1788196000|20260901010640|957.38
1788196005|20260901010645|957.52
1788196020|20260901010700|957.45
1788196025|20260901010705|957.46
1788196030|20260901010710|957.43
1788196035|20260901010715|957.45
1788196040|20260901010720|957.44
1788196045|20260901010725|957.47
1788196055|20260901010735|957.45
1788196060|20260901010740|957.52
1788196070|20260901010750|957.46
1788196080|20260901010800|957.50
1788196085|20260901010805|957.50
1788196090|20260901010810|957.49
1788196095|20260901010815|957.50
1788196100|20260901010820|957.34
1788196105|20260901010825|957.33
1788196115|20260901010835|957.40
1788196120|20260901010840|957.42
1788196125|20260901010845|957.43
1788196130|20260901010850|957.44
1788196135|20260901010855|957.39
1788196140|20260901010900|957.38
1788196145|20260901010905|957.38
1788196150|20260901010910|957.35
1788196155|20260901010915|957.31
1788196160|20260901010920|957.31
1788196165|20260901010925|957.33
1788196205|20260901011005|957.48
1788196210|20260901011010|957.46
1788196215|20260901011015|957.47
1788196220|20260901011020|957.48
1788196225|20260901011025|957.50
1788196235|20260901011035|957.61
1788196240|20260901011040|957.61
1788196245|20260901011045|957.75
1788196250|20260901011050|957.71
1788196255|20260901011055|957.69
1788196260|20260901011100|957.64
1788196265|20260901011105|957.61
1788196270|20260901011110|957.63
1788196275|20260901011115|957.61
1788196280|20260901011120|957.61
1788196285|20260901011125|957.65
1788196295|20260901011135|957.85
1788196300|20260901011140|957.94
1788196305|20260901011145|957.94
1788196310|20260901011150|957.94
1788196315|20260901011155|958.01
1788196320|20260901011200|957.96
1788196330|20260901011210|958.06
1788196335|20260901011215|958.05
1788196340|20260901011220|958.01
1788196345|20260901011225|958.02
1788196355|20260901011235|958.11
1788196360|20260901011240|958.12
1788196365|20260901011245|958.06
1788196375|20260901011255|958.07
1788196380|20260901011300|958.10
1788196385|20260901011305|958.08
1788196390|20260901011310|958.08
1788196395|20260901011315|958.08
1788196400|20260901011320|958.13
1788196405|20260901011325|958.16
1788196420|20260901011340|958.19
1788196425|20260901011345|958.18
1788196430|20260901011350|958.08
1788196445|20260901011405|958.02
1788196455|20260901011415|958.04
1788196465|20260901011425|958.03
1788196490|20260901011450|958.04
1788196500|20260901011500|957.95
1788196505|20260901011505|957.93
1788196510|20260901011510|957.79
1788196515|20260901011515|957.77
1788196520|20260901011520|957.84
1788196525|20260901011525|957.78
1788196535|20260901011535|957.77
1788196540|20260901011540|957.84
1788196545|20260901011545|957.90
1788196555|20260901011555|957.91
1788196560|20260901011600|957.94
1788196570|20260901011610|957.92
1788196575|20260901011615|957.90
1788196580|20260901011620|957.98
1788196585|20260901011625|957.94
1788196595|20260901011635|958.00
1788196600|20260901011640|957.95
1788196605|20260901011645|957.99
1788196610|20260901011650|958.00
1788196630|20260901011710|958.03
1788196635|20260901011715|958.08
1788196640|20260901011720|958.08
1788196645|20260901011725|958.08
1788196655|20260901011735|958.00
1788196660|20260901011740|958.03
1788196665|20260901011745|958.08
1788196670|20260901011750|958.14
1788196680|20260901011800|958.30
1788196685|20260901011805|958.19
1788196690|20260901011810|958.26
1788196695|20260901011815|958.29
1788196700|20260901011820|958.31
1788196705|20260901011825|958.31
1788196715|20260901011835|958.34
1788196720|20260901011840|958.34
1788196725|20260901011845|958.35
1788196730|20260901011850|958.41
1788196735|20260901011855|958.28
1788196745|20260901011905|958.18
1788196755|20260901011915|958.24
1788196760|20260901011920|958.23
1788196765|20260901011925|958.17
1788196805|20260901012005|958.48
1788196810|20260901012010|958.55
1788196815|20260901012015|958.40
1788196820|20260901012020|958.61
1788196825|20260901012025|958.44
1788196835|20260901012035|958.42
1788196840|20260901012040|958.41
1788196845|20260901012045|958.37
1788196850|20260901012050|958.24
1788196855|20260901012055|958.19
1788196865|20260901012105|958.24
1788196870|20260901012110|958.23
1788196875|20260901012115|958.20
1788196880|20260901012120|958.15
1788196885|20260901012125|958.17
1788196895|20260901012135|958.16
1788196900|20260901012140|958.17
1788196905|20260901012145|958.18
1788196910|20260901012150|958.20
1788196915|20260901012155|958.21
1788196925|20260901012205|958.13
1788196935|20260901012215|957.98
1788196940|20260901012220|957.74
1788196945|20260901012225|957.78
1788196960|20260901012240|957.99
1788196970|20260901012250|958.00
1788196975|20260901012255|958.00
1788196980|20260901012300|958.02
1788196990|20260901012310|957.97
1788196995|20260901012315|958.01
1788197000|20260901012320|957.94
1788197005|20260901012325|957.98
1788197015|20260901012335|958.01
1788197020|20260901012340|957.99
1788197025|20260901012345|958.00
1788197030|20260901012350|958.00
1788197040|20260901012400|958.01
1788197045|20260901012405|958.03
1788197050|20260901012410|957.93
1788197055|20260901012415|957.96
1788197060|20260901012420|957.99
1788197065|20260901012425|957.98
1788197100|20260901012500|957.69
1788197105|20260901012505|957.68
1788197110|20260901012510|957.74
1788197115|20260901012515|957.67
1788197120|20260901012520|957.51
1788197125|20260901012525|957.54
1788197135|20260901012535|957.56
1788197140|20260901012540|957.61
1788197145|20260901012545|957.55
1788197150|20260901012550|957.54
1788197155|20260901012555|957.31
1788197160|20260901012600|957.39
1788197165|20260901012605|957.26
1788197170|20260901012610|957.13
1788197175|20260901012615|957.23
1788197180|20260901012620|957.07
1788197185|20260901012625|957.11
1788197195|20260901012635|957.35
1788197200|20260901012640|957.26
1788197210|20260901012650|957.23
1788197215|20260901012655|957.17
1788197225|20260901012705|957.16
1788197230|20260901012710|957.04
1788197235|20260901012715|956.98
1788197240|20260901012720|956.98
1788197245|20260901012725|956.94
1788197255|20260901012735|957.08
1788197260|20260901012740|956.99
1788197265|20260901012745|957.06
1788197270|20260901012750|957.13
1788197275|20260901012755|957.10
1788197280|20260901012800|957.12
1788197295|20260901012815|957.34
1788197305|20260901012825|957.41
1788197315|20260901012835|957.36
1788197320|20260901012840|957.48
1788197325|20260901012845|957.47
1788197345|20260901012905|957.95
1788197350|20260901012910|957.99
1788197355|20260901012915|957.94
1788197410|20260901013010|957.24
1788197425|20260901013025|957.43
1788197435|20260901013035|957.39
1788197445|20260901013045|957.46
1788197450|20260901013050|957.47
1788197465|20260901013105|957.25
1788197470|20260901013110|957.24
1788197475|20260901013115|957.18
1788197480|20260901013120|957.15
1788197485|20260901013125|957.20
1788197500|20260901013140|957.18
1788197505|20260901013145|957.30
1788197510|20260901013150|957.31
1788197515|20260901013155|957.37
1788197525|20260901013205|957.39
1788197530|20260901013210|957.43
1788197535|20260901013215|957.47
1788197545|20260901013225|957.55
1788197555|20260901013235|957.23
1788197560|20260901013240|957.28
1788197565|20260901013245|957.23
1788197570|20260901013250|957.23
1788197575|20260901013255|957.31
1788197580|20260901013300|957.36
1788197585|20260901013305|957.42
1788197590|20260901013310|957.53
1788197600|20260901013320|957.58
1788197605|20260901013325|957.59
1788197620|20260901013340|957.68
1788197625|20260901013345|957.73
1788197630|20260901013350|957.77
1788197635|20260901013355|957.76
1788197645|20260901013405|957.87
1788197650|20260901013410|957.93
1788197655|20260901013415|958.07
1788197660|20260901013420|957.97
1788197700|20260901013500|957.69
1788197705|20260901013505|957.79
1788197710|20260901013510|957.76
1788197715|20260901013515|957.98
1788197720|20260901013520|957.99
1788197740|20260901013540|958.10
1788197745|20260901013545|958.10
1788197750|20260901013550|958.17
1788197755|20260901013555|958.17
1788197760|20260901013600|958.19
1788197765|20260901013605|958.25
1788197770|20260901013610|958.23
1788197775|20260901013615|958.24
1788197785|20260901013625|958.24
1788197795|20260901013635|958.22
1788197800|20260901013640|958.16
1788197805|20260901013645|958.13
1788197815|20260901013655|958.07
1788197825|20260901013705|958.07
1788197830|20260901013710|958.01
1788197835|20260901013715|958.06
1788197840|20260901013720|958.05
1788197845|20260901013725|958.17
1788197855|20260901013735|958.20
1788197865|20260901013745|958.09
1788197870|20260901013750|958.05
1788197875|20260901013755|958.09
1788197885|20260901013805|958.04
1788197890|20260901013810|958.04
1788197895|20260901013815|958.05
1788197905|20260901013825|958.08
1788197915|20260901013835|957.93
1788197935|20260901013855|958.01
1788197940|20260901013900|958.03
1788197945|20260901013905|958.00
1788197950|20260901013910|958.00
1788197955|20260901013915|957.95
1788197960|20260901013920|957.92
1788197965|20260901013925|957.90
1788197980|20260901013940|957.78
1788197990|20260901013950|957.84
1788198000|20260901014000|957.86
1788198005|20260901014005|957.86
1788198010|20260901014010|957.85
1788198015|20260901014015|957.80
1788198020|20260901014020|957.76
1788198025|20260901014025|958.01
1788198035|20260901014035|958.05
1788198040|20260901014040|958.03
1788198045|20260901014045|958.02
1788198050|20260901014050|958.03
1788198055|20260901014055|958.01
1788198065|20260901014105|958.06
1788198070|20260901014110|958.06
1788198075|20260901014115|958.18
1788198090|20260901014130|958.13
1788198095|20260901014135|958.15
1788198100|20260901014140|958.23
1788198105|20260901014145|958.20
1788198110|20260901014150|958.13
1788198115|20260901014155|958.03
1788198120|20260901014200|958.06
1788198125|20260901014205|958.08
1788198130|20260901014210|958.10
1788198135|20260901014215|958.11
1788198140|20260901014220|958.10
1788198155|20260901014235|958.16
1788198160|20260901014240|958.16
1788198165|20260901014245|958.20
1788198170|20260901014250|958.17
1788198180|20260901014300|958.30
1788198185|20260901014305|958.30
1788198190|20260901014310|958.29
1788198195|20260901014315|958.23
1788198200|20260901014320|958.24
1788198205|20260901014325|958.25
1788198215|20260901014335|958.29
1788198225|20260901014345|958.39
1788198230|20260901014350|958.36
1788198235|20260901014355|958.33
1788198245|20260901014405|958.48
1788198255|20260901014415|958.59
1788198260|20260901014420|958.44
1788198265|20260901014425|958.50
1788198275|20260901014435|958.44
1788198280|20260901014440|958.51
1788198300|20260901014500|958.53
1788198305|20260901014505|958.48
1788198310|20260901014510|958.58
1788198315|20260901014515|958.53
1788198320|20260901014520|958.52
1788198325|20260901014525|958.68
1788198335|20260901014535|958.67
1788198340|20260901014540|958.54
1788198345|20260901014545|958.42
1788198350|20260901014550|958.39
1788198355|20260901014555|958.37
1788198370|20260901014610|958.46
1788198375|20260901014615|958.50
1788198380|20260901014620|958.53
1788198385|20260901014625|958.56
1788198395|20260901014635|958.48
1788198400|20260901014640|958.44
1788198405|20260901014645|958.46
1788198410|20260901014650|958.62
1788198415|20260901014655|958.61
1788198420|20260901014700|958.72
1788198425|20260901014705|958.60
1788198430|20260901014710|958.61
1788198435|20260901014715|958.61
1788198440|20260901014720|958.51
1788198455|20260901014735|958.69
1788198460|20260901014740|958.71
1788198475|20260901014755|958.84
1788198480|20260901014800|958.87
1788198485|20260901014805|958.87
1788198490|20260901014810|958.85
1788198500|20260901014820|959.11
1788198505|20260901014825|959.01
1788198515|20260901014835|959.06
1788198520|20260901014840|959.07
1788198530|20260901014850|959.04
1788198535|20260901014855|959.03
1788198545|20260901014905|959.09
1788198555|20260901014915|959.22
1788198560|20260901014920|959.27
1788198605|20260901015005|959.04
1788198610|20260901015010|959.01
1788198620|20260901015020|958.98
1788198640|20260901015040|959.08
1788198645|20260901015045|959.05
1788198650|20260901015050|959.11
1788198655|20260901015055|959.16
1788198665|20260901015105|959.10
1788198670|20260901015110|959.14
1788198675|20260901015115|959.17
1788198680|20260901015120|959.16
1788198685|20260901015125|959.16
1788198695|20260901015135|959.23
1788198700|20260901015140|959.19
1788198705|20260901015145|959.19
1788198710|20260901015150|959.16
1788198715|20260901015155|959.15
1788198725|20260901015205|959.12
1788198730|20260901015210|959.11
1788198735|20260901015215|959.03
1788198740|20260901015220|958.97
1788198745|20260901015225|959.00
1788198755|20260901015235|959.02
1788198760|20260901015240|959.02
1788198765|20260901015245|959.07
1788198770|20260901015250|958.97
1788198775|20260901015255|958.94
1788198780|20260901015300|958.95
1788198790|20260901015310|958.92
1788198795|20260901015315|958.92
1788198800|20260901015320|958.93
1788198805|20260901015325|959.01
1788198820|20260901015340|959.07
1788198825|20260901015345|959.09
1788198830|20260901015350|959.07
1788198835|20260901015355|959.04
1788198840|20260901015400|958.94
1788198845|20260901015405|958.94
1788198855|20260901015415|958.96
1788198860|20260901015420|958.96
1788198865|20260901015425|958.96
1788198900|20260901015500|958.73
1788198905|20260901015505|958.77
1788198920|20260901015520|958.69
1788198925|20260901015525|958.73
1788198935|20260901015535|958.69
1788198940|20260901015540|958.70
1788198945|20260901015545|958.69
1788198950|20260901015550|958.73
1788198955|20260901015555|958.73
1788198965|20260901015605|958.65
1788198975|20260901015615|958.59
1788198980|20260901015620|958.59
1788198985|20260901015625|958.62
1788198995|20260901015635|958.61
1788199005|20260901015645|958.74
1788199010|20260901015650|958.70
1788199015|20260901015655|958.64
1788199020|20260901015700|958.62
1788199025|20260901015705|958.62
1788199035|20260901015715|958.62
1788199040|20260901015720|958.61
1788199045|20260901015725|958.60
1788199055|20260901015735|958.70
1788199060|20260901015740|958.67
1788199065|20260901015745|958.63
1788199070|20260901015750|958.63
1788199075|20260901015755|958.62
1788199080|20260901015800|958.57
1788199085|20260901015805|958.55
1788199090|20260901015810|958.57
1788199095|20260901015815|958.56
1788199105|20260901015825|958.36
1788199115|20260901015835|958.37
1788199120|20260901015840|958.37
1788199125|20260901015845|958.43
1788199130|20260901015850|958.42
1788199135|20260901015855|958.43
1788199140|20260901015900|958.40
1788199145|20260901015905|958.48
1788199150|20260901015910|958.46
1788199155|20260901015915|958.45
1788199160|20260901015920|958.42
1788199195|20260901015955|958.47
1788199205|20260901020005|958.50
1788199210|20260901020010|958.53
1788199215|20260901020015|958.47
1788199220|20260901020020|958.44
1788199225|20260901020025|958.33
1788199235|20260901020035|958.36
1788199240|20260901020040|958.38
1788199245|20260901020045|958.42
1788199250|20260901020050|958.39
1788199255|20260901020055|958.41
1788199265|20260901020105|958.35
1788199275|20260901020115|958.31
1788199280|20260901020120|958.29
1788199285|20260901020125|958.43
1788199295|20260901020135|958.45
1788199310|20260901020150|958.43
1788199330|20260901020210|958.39
1788199335|20260901020215|958.23
1788199340|20260901020220|958.14
1788199355|20260901020235|957.73
1788199360|20260901020240|957.33
1788199365|20260901020245|957.66
1788199370|20260901020250|957.50
1788199375|20260901020255|957.60
1788199390|20260901020310|957.65
1788199395|20260901020315|957.60
1788199400|20260901020320|957.62
1788199405|20260901020325|957.62
1788199415|20260901020335|957.66
1788199425|20260901020345|957.67
1788199430|20260901020350|957.63
1788199435|20260901020355|957.67
1788199445|20260901020405|957.57
1788199450|20260901020410|957.52
1788199455|20260901020415|957.43
1788199460|20260901020420|957.43
1788199505|20260901020505|957.52
1788199510|20260901020510|957.55
1788199515|20260901020515|957.58
1788199520|20260901020520|957.68
1788199535|20260901020535|957.48
1788199540|20260901020540|957.48
1788199545|20260901020545|957.43
1788199550|20260901020550|957.47
1788199555|20260901020555|957.55
1788199570|20260901020610|957.51
1788199580|20260901020620|957.52
1788199585|20260901020625|957.50
1788199595|20260901020635|957.59
1788199605|20260901020645|957.60
1788199610|20260901020650|957.53
1788199615|20260901020655|957.50
1788199630|20260901020710|957.65
1788199640|20260901020720|957.65
1788199645|20260901020725|957.61
1788199660|20260901020740|957.59
1788199665|20260901020745|957.66
1788199670|20260901020750|957.56
1788199675|20260901020755|957.58
1788199685|20260901020805|957.55
1788199695|20260901020815|957.53
1788199700|20260901020820|957.50
1788199705|20260901020825|957.44
1788199720|20260901020840|957.47
1788199725|20260901020845|957.50
1788199730|20260901020850|957.45
1788199735|20260901020855|957.42
1788199745|20260901020905|957.47
1788199750|20260901020910|957.41
1788199755|20260901020915|957.40
1788199760|20260901020920|957.41
1788199765|20260901020925|957.47
1788199805|20260901021005|957.41
1788199810|20260901021010|957.40
1788199825|20260901021025|957.34
1788199835|20260901021035|957.45
1788199845|20260901021045|957.43
1788199850|20260901021050|957.46
1788199855|20260901021055|957.38
1788199865|20260901021105|957.34
1788199870|20260901021110|957.37
1788199875|20260901021115|957.36
1788199880|20260901021120|957.39
1788199885|20260901021125|957.37
1788199895|20260901021135|957.53
1788199900|20260901021140|957.61
1788199905|20260901021145|957.59
1788199910|20260901021150|957.59
1788199915|20260901021155|957.58
1788199925|20260901021205|957.50
1788199930|20260901021210|957.55
1788199935|20260901021215|957.59
1788199940|20260901021220|957.64
1788199945|20260901021225|957.72
1788199955|20260901021235|957.54
1788199960|20260901021240|957.56
1788199970|20260901021250|957.66
1788199975|20260901021255|957.67
1788199990|20260901021310|957.59
1788199995|20260901021315|957.64
1788200000|20260901021320|957.68
1788200005|20260901021325|957.67
1788200015|20260901021335|957.66
1788200025|20260901021345|957.63
1788200030|20260901021350|957.65
1788200035|20260901021355|957.66
1788200050|20260901021410|957.51
1788200060|20260901021420|957.56
1788200105|20260901021505|957.89
1788200110|20260901021510|957.89
1788200115|20260901021515|957.92
1788200125|20260901021525|958.00
1788200135|20260901021535|957.86
1788200150|20260901021550|957.96
1788200170|20260901021610|957.96
1788200180|20260901021620|957.86
1788200185|20260901021625|957.90
1788200195|20260901021635|957.84
1788200200|20260901021640|957.86
1788200205|20260901021645|957.85
1788200225|20260901021705|957.87
1788200230|20260901021710|957.86
1788200235|20260901021715|957.84
1788200240|20260901021720|957.85
1788200245|20260901021725|957.85
1788200255|20260901021735|957.84
1788200260|20260901021740|957.85
1788200265|20260901021745|957.82
1788200270|20260901021750|957.80
1788200275|20260901021755|957.78
1788200285|20260901021805|957.66
1788200290|20260901021810|957.69
1788200300|20260901021820|957.57
1788200305|20260901021825|957.52
1788200320|20260901021840|957.53
1788200325|20260901021845|957.52
1788200330|20260901021850|957.52
1788200335|20260901021855|957.54
1788200345|20260901021905|957.51
1788200350|20260901021910|957.53
1788200355|20260901021915|957.57
1788200360|20260901021920|957.56
1788200365|20260901021925|957.57
1788200405|20260901022005|957.53
1788200410|20260901022010|957.53
1788200415|20260901022015|957.52
1788200420|20260901022020|957.60
1788200425|20260901022025|957.57
1788200435|20260901022035|957.54
1788200440|20260901022040|957.63
1788200445|20260901022045|957.58
1788200450|20260901022050|957.54
1788200455|20260901022055|957.53
1788200460|20260901022100|957.62
1788200465|20260901022105|957.63
1788200470|20260901022110|957.64
1788200475|20260901022115|957.74
1788200480|20260901022120|957.74
1788200485|20260901022125|957.74
1788200495|20260901022135|957.73
1788200500|20260901022140|957.69
1788200505|20260901022145|957.70
1788200510|20260901022150|957.68
1788200515|20260901022155|957.70
1788200525|20260901022205|957.63
1788200530|20260901022210|957.65
1788200535|20260901022215|957.68
1788200540|20260901022220|957.62
1788200555|20260901022235|957.67
1788200560|20260901022240|957.68
1788200565|20260901022245|957.66
1788200570|20260901022250|957.63
1788200580|20260901022300|957.63
1788200585|20260901022305|957.69
1788200590|20260901022310|957.68
1788200595|20260901022315|957.72
1788200600|20260901022320|957.73
1788200605|20260901022325|957.63
1788200615|20260901022335|957.64
1788200620|20260901022340|957.63
1788200625|20260901022345|957.63
1788200630|20260901022350|957.70
1788200635|20260901022355|957.70
1788200640|20260901022400|957.71
1788200645|20260901022405|957.69
1788200655|20260901022415|957.67
1788200660|20260901022420|957.65
1788200665|20260901022425|957.67
1788200700|20260901022500|957.76
1788200705|20260901022505|957.75
1788200710|20260901022510|957.70
1788200715|20260901022515|957.67
1788200720|20260901022520|957.64
1788200725|20260901022525|957.64
1788200735|20260901022535|957.61
1788200740|20260901022540|957.48
1788200745|20260901022545|957.31
1788200750|20260901022550|957.23
1788200755|20260901022555|957.20
1788200760|20260901022600|957.23
1788200765|20260901022605|957.12
1788200770|20260901022610|957.10
1788200775|20260901022615|957.13
1788200780|20260901022620|957.17
1788200785|20260901022625|957.19
1788200795|20260901022635|957.11
1788200800|20260901022640|957.13
1788200805|20260901022645|957.06
1788200810|20260901022650|957.06
1788200815|20260901022655|957.10
1788200825|20260901022705|957.11
1788200830|20260901022710|957.11
1788200835|20260901022715|957.09
1788200840|20260901022720|957.23
1788200845|20260901022725|957.25
1788200855|20260901022735|957.28
1788200865|20260901022745|957.25
1788200875|20260901022755|957.19
1788200885|20260901022805|957.30
1788200890|20260901022810|957.33
1788200895|20260901022815|957.31
1788200900|20260901022820|957.30
1788200915|20260901022835|957.33
1788200920|20260901022840|957.38
1788200925|20260901022845|957.34
1788200930|20260901022850|957.42
1788200935|20260901022855|957.46
1788200945|20260901022905|957.50
1788200960|20260901022920|957.47
1788200965|20260901022925|957.43
1788201015|20260901023015|956.62
1788201020|20260901023020|956.56
1788201025|20260901023025|956.61
1788201035|20260901023035|956.67
1788201040|20260901023040|956.48
1788201045|20260901023045|956.39
1788201050|20260901023050|956.39
1788201055|20260901023055|956.39
1788201060|20260901023100|956.50
1788201065|20260901023105|956.42
1788201070|20260901023110|956.41
1788201075|20260901023115|956.64
1788201080|20260901023120|956.52
1788201085|20260901023125|956.38
1788201100|20260901023140|956.52
1788201105|20260901023145|956.53
1788201110|20260901023150|956.47
1788201115|20260901023155|956.44
1788201125|20260901023205|956.51
1788201130|20260901023210|956.49
1788201140|20260901023220|956.46
1788201145|20260901023225|956.48
1788201155|20260901023235|956.49
1788201160|20260901023240|956.50
1788201170|20260901023250|956.48
1788201175|20260901023255|956.47
1788201180|20260901023300|956.50
1788201185|20260901023305|956.50
1788201190|20260901023310|956.50
1788201195|20260901023315|956.48
1788201200|20260901023320|956.44
1788201215|20260901023335|956.42
1788201220|20260901023340|956.46
1788201225|20260901023345|956.48
1788201230|20260901023350|956.36
1788201235|20260901023355|956.33
1788201245|20260901023405|956.31
1788201250|20260901023410|956.56
1788201255|20260901023415|956.56
1788201260|20260901023420|956.54
1788201265|20260901023425|956.56
1788201280|20260901023440|956.50
1788201300|20260901023500|956.57
1788201305|20260901023505|956.57
1788201310|20260901023510|956.67
1788201315|20260901023515|956.76
1788201320|20260901023520|956.69
1788201325|20260901023525|956.70
1788201335|20260901023535|956.59
1788201340|20260901023540|956.62
1788201345|20260901023545|956.57
1788201350|20260901023550|956.58
1788201355|20260901023555|956.63
1788201360|20260901023600|956.44
1788201370|20260901023610|956.52
1788201375|20260901023615|956.54
1788201380|20260901023620|956.44
1788201385|20260901023625|956.41
1788201395|20260901023635|956.45
1788201400|20260901023640|956.56
1788201405|20260901023645|956.43
1788201410|20260901023650|956.42
1788201415|20260901023655|956.49
1788201420|20260901023700|956.54
1788201425|20260901023705|956.58
1788201430|20260901023710|956.54
1788201435|20260901023715|956.56
1788201440|20260901023720|956.62
1788201445|20260901023725|956.65
1788201460|20260901023740|956.80
1788201465|20260901023745|956.76
1788201470|20260901023750|956.80
1788201475|20260901023755|956.76
1788201485|20260901023805|956.79
1788201490|20260901023810|956.59
1788201495|20260901023815|956.58
1788201500|20260901023820|956.53
1788201505|20260901023825|956.54
1788201515|20260901023835|956.54
1788201530|20260901023850|956.60
1788201535|20260901023855|956.52
1788201545|20260901023905|956.53
1788201550|20260901023910|956.58
1788201555|20260901023915|956.56
1788201560|20260901023920|956.61
1788201565|20260901023925|956.61
1788201605|20260901024005|956.71
1788201610|20260901024010|956.74
1788201615|20260901024015|956.77
1788201620|20260901024020|956.89
1788201625|20260901024025|956.86
1788201635|20260901024035|956.85
1788201640|20260901024040|956.95
1788201645|20260901024045|956.96
1788201650|20260901024050|957.00
1788201655|20260901024055|957.01
1788201660|20260901024100|957.06
1788201665|20260901024105|957.01
1788201675|20260901024115|957.16
1788201680|20260901024120|957.12
1788201685|20260901024125|957.09
1788201695|20260901024135|957.08
1788201705|20260901024145|957.04
1788201710|20260901024150|956.88
1788201720|20260901024200|956.77
1788201725|20260901024205|956.63
1788201730|20260901024210|956.59
1788201735|20260901024215|956.61
1788201740|20260901024220|956.77
1788201745|20260901024225|956.61
1788201755|20260901024235|956.79
1788201760|20260901024240|956.84
1788201765|20260901024245|956.79
1788201770|20260901024250|956.82
1788201775|20260901024255|956.85
1788201785|20260901024305|956.83
1788201790|20260901024310|956.80
1788201800|20260901024320|956.80
1788201815|20260901024335|956.86
1788201820|20260901024340|956.81
1788201825|20260901024345|956.85
1788201830|20260901024350|956.85
1788201835|20260901024355|956.84
1788201840|20260901024400|956.89
1788201845|20260901024405|956.96
1788201850|20260901024410|956.98
1788201855|20260901024415|956.96
1788201860|20260901024420|956.98
1788201865|20260901024425|957.02
1788201900|20260901024500|956.97
1788201910|20260901024510|957.02
1788201915|20260901024515|956.98
1788201925|20260901024525|956.98
1788201935|20260901024535|957.03
1788201940|20260901024540|957.03
1788201950|20260901024550|957.01
1788201960|20260901024600|956.98
1788201970|20260901024610|956.96
1788201975|20260901024615|957.02
1788201980|20260901024620|957.03
1788201985|20260901024625|957.02
1788202000|20260901024640|957.02
1788202005|20260901024645|957.00
1788202010|20260901024650|957.06
1788202015|20260901024655|957.05
1788202020|20260901024700|957.11
1788202025|20260901024705|957.10
1788202030|20260901024710|957.11
1788202035|20260901024715|957.26
1788202040|20260901024720|957.27
1788202045|20260901024725|957.29
1788202055|20260901024735|957.26
1788202060|20260901024740|957.30
1788202065|20260901024745|957.25
1788202070|20260901024750|957.18
1788202085|20260901024805|957.31
1788202095|20260901024815|957.26
1788202105|20260901024825|957.23
1788202115|20260901024835|957.24
1788202125|20260901024845|957.24
1788202135|20260901024855|957.34
1788202140|20260901024900|957.42
1788202145|20260901024905|957.41
1788202150|20260901024910|957.42
1788202155|20260901024915|957.49
1788202165|20260901024925|957.50
1788202205|20260901025005|957.75
1788202210|20260901025010|957.79
1788202215|20260901025015|957.79
1788202220|20260901025020|957.78
1788202225|20260901025025|957.75
1788202240|20260901025040|957.68
1788202245|20260901025045|957.86
1788202250|20260901025050|957.86
1788202255|20260901025055|957.85
1788202260|20260901025100|957.90
1788202265|20260901025105|957.99
1788202270|20260901025110|958.05
1788202275|20260901025115|958.04
1788202285|20260901025125|958.05
1788202295|20260901025135|957.99
1788202300|20260901025140|958.00
1788202305|20260901025145|958.08
1788202310|20260901025150|958.08
1788202315|20260901025155|958.08
1788202325|20260901025205|958.05
1788202330|20260901025210|958.01
1788202335|20260901025215|958.02
1788202340|20260901025220|957.93
1788202345|20260901025225|957.96
1788202355|20260901025235|957.95
1788202360|20260901025240|957.96
1788202375|20260901025255|957.92
1788202380|20260901025300|957.92
1788202385|20260901025305|957.93
1788202390|20260901025310|958.00
1788202395|20260901025315|957.98
1788202400|20260901025320|958.01
1788202405|20260901025325|958.01
1788202415|20260901025335|958.02
1788202420|20260901025340|958.01
1788202425|20260901025345|957.98
1788202435|20260901025355|957.97
1788202445|20260901025405|957.98
1788202450|20260901025410|957.99
1788202455|20260901025415|958.01
1788202465|20260901025425|957.91
1788202500|20260901025500|957.87
1788202505|20260901025505|957.85
1788202510|20260901025510|957.79
1788202520|20260901025520|957.83
1788202525|20260901025525|957.81
1788202535|20260901025535|957.82
1788202540|20260901025540|957.82
1788202545|20260901025545|957.83
1788202550|20260901025550|957.83
1788202555|20260901025555|957.82
1788202560|20260901025600|957.84
1788202565|20260901025605|957.85
1788202570|20260901025610|957.84
1788202575|20260901025615|957.81
1788202580|20260901025620|957.85
1788202585|20260901025625|957.87
1788202595|20260901025635|957.89
1788202600|20260901025640|957.82
1788202605|20260901025645|957.83
1788202630|20260901025710|957.92
1788202635|20260901025715|957.83
1788202640|20260901025720|957.78
1788202645|20260901025725|957.76
1788202655|20260901025735|957.74
1788202665|20260901025745|957.67
1788202680|20260901025800|957.55
1788202690|20260901025810|957.53
1788202695|20260901025815|957.53
1788202700|20260901025820|957.53
1788202705|20260901025825|957.53
1788202715|20260901025835|957.53
1788202720|20260901025840|957.52
1788202730|20260901025850|957.61
1788202735|20260901025855|957.61
1788202740|20260901025900|957.66
1788202745|20260901025905|957.69
1788202750|20260901025910|957.67
1788202755|20260901025915|957.57
1788202760|20260901025920|957.57
1788202765|20260901025925|957.51
1788202775|20260901025935|957.33
1788202795|20260901025955|957.27
1788202805|20260901030005|957.29
1788202810|20260901030010|957.45
1788202820|20260901030020|957.59
1788202825|20260901030025|957.51
1788202840|20260901030040|957.70
1788202845|20260901030045|957.27
1788202850|20260901030050|957.12
1788202855|20260901030055|957.07
1788202865|20260901030105|957.11
1788202870|20260901030110|957.01
1788202875|20260901030115|956.97
1788202880|20260901030120|956.97
1788202895|20260901030135|957.09
1788202905|20260901030145|957.23
1788202910|20260901030150|957.17
1788202915|20260901030155|957.16
1788202925|20260901030205|957.16
1788202930|20260901030210|957.25
1788202940|20260901030220|957.36
1788202945|20260901030225|957.29
1788202960|20260901030240|957.32
1788202965|20260901030245|957.38
1788202970|20260901030250|957.42
1788202975|20260901030255|957.42
1788202980|20260901030300|957.43
1788202985|20260901030305|957.44
1788202990|20260901030310|957.50
1788203000|20260901030320|957.49
1788203005|20260901030325|957.48
1788203020|20260901030340|957.54
1788203025|20260901030345|957.53
1788203030|20260901030350|957.49
1788203035|20260901030355|957.33
1788203050|20260901030410|957.35
1788203055|20260901030415|957.33
1788203060|20260901030420|957.30
1788203065|20260901030425|957.26
1788203100|20260901030500|957.29
1788203105|20260901030505|957.30
1788203110|20260901030510|957.29
1788203115|20260901030515|957.39
1788203120|20260901030520|957.38
1788203125|20260901030525|957.33
1788203135|20260901030535|957.39
1788203140|20260901030540|957.61
1788203145|20260901030545|957.60
1788203155|20260901030555|957.64
1788203160|20260901030600|957.69
1788203165|20260901030605|957.67
1788203175|20260901030615|957.60
1788203180|20260901030620|957.64
1788203200|20260901030640|957.62
1788203205|20260901030645|957.82
1788203210|20260901030650|957.78
1788203215|20260901030655|957.77
1788203225|20260901030705|957.80
1788203230|20260901030710|957.82
1788203235|20260901030715|957.86
1788203240|20260901030720|957.86
1788203245|20260901030725|957.86
1788203255|20260901030735|957.84
1788203265|20260901030745|957.82
1788203270|20260901030750|957.83
1788203275|20260901030755|957.81
1788203285|20260901030805|957.77
1788203295|20260901030815|957.84
1788203300|20260901030820|957.88
1788203315|20260901030835|957.87
1788203320|20260901030840|957.88
1788203325|20260901030845|957.94
1788203335|20260901030855|957.93
1788203340|20260901030900|957.89
1788203345|20260901030905|957.89
1788203355|20260901030915|957.93
1788203360|20260901030920|957.96
1788203365|20260901030925|957.96
1788203405|20260901031005|958.22
1788203415|20260901031015|958.25
1788203420|20260901031020|958.26
1788203440|20260901031040|958.21
1788203445|20260901031045|958.19
1788203450|20260901031050|958.14
1788203455|20260901031055|958.21
1788203460|20260901031100|958.12
1788203465|20260901031105|958.10
1788203475|20260901031115|958.11
1788203480|20260901031120|958.11
1788203505|20260901031145|958.12
1788203515|20260901031155|958.03
1788203525|20260901031205|957.99
1788203530|20260901031210|958.03
1788203535|20260901031215|957.82
1788203540|20260901031220|957.85
1788203545|20260901031225|957.86
1788203555|20260901031235|957.88
1788203560|20260901031240|957.87
1788203565|20260901031245|957.85
1788203575|20260901031255|957.74
1788203585|20260901031305|957.73
1788203595|20260901031315|957.73
1788203600|20260901031320|957.74
1788203605|20260901031325|957.75
1788203615|20260901031335|957.78
1788203620|20260901031340|957.79
1788203630|20260901031350|958.01
1788203645|20260901031405|957.76
1788203650|20260901031410|957.84
1788203655|20260901031415|957.87
1788203660|20260901031420|957.87
1788203665|20260901031425|957.85
1788203705|20260901031505|957.90
1788203715|20260901031515|957.94
1788203720|20260901031520|957.93
1788203725|20260901031525|957.90
1788203740|20260901031540|957.90
1788203745|20260901031545|957.90
1788203750|20260901031550|957.90
1788203755|20260901031555|957.90
1788203765|20260901031605|957.90
1788203770|20260901031610|957.89
1788203775|20260901031615|957.97
1788203780|20260901031620|957.97
1788203785|20260901031625|957.93
1788203795|20260901031635|957.97
1788203800|20260901031640|957.97
1788203805|20260901031645|957.95
1788203815|20260901031655|957.98
1788203820|20260901031700|957.98
1788203825|20260901031705|957.99
1788203830|20260901031710|957.97
1788203835|20260901031715|957.90
1788203840|20260901031720|957.91
1788203845|20260901031725|957.90
1788203855|20260901031735|957.89
1788203860|20260901031740|957.91
1788203865|20260901031745|957.95
1788203870|20260901031750|957.95
1788203875|20260901031755|957.95
1788203885|20260901031805|957.96
1788203890|20260901031810|957.95
1788203895|20260901031815|957.98
1788203900|20260901031820|957.90
1788203905|20260901031825|957.88
1788203915|20260901031835|957.86
1788203920|20260901031840|957.83
1788203930|20260901031850|957.85
1788203935|20260901031855|957.85
1788203945|20260901031905|957.86
1788203950|20260901031910|957.87
1788203955|20260901031915|957.87
1788203960|20260901031920|957.85
1788204005|20260901032005|957.93
1788204015|20260901032015|957.96
1788204020|20260901032020|957.98
1788204025|20260901032025|957.97
1788204035|20260901032035|957.96
1788204040|20260901032040|957.95
1788204045|20260901032045|957.96
1788204055|20260901032055|957.96
1788204075|20260901032115|957.91
1788204085|20260901032125|957.96
1788204095|20260901032135|957.92
1788204105|20260901032145|957.87
1788204110|20260901032150|957.88
1788204115|20260901032155|957.89
1788204125|20260901032205|957.89
1788204130|20260901032210|957.89
1788204135|20260901032215|957.79
1788204140|20260901032220|957.77
1788204145|20260901032225|957.74
1788204155|20260901032235|957.78
1788204165|20260901032245|957.92
1788204175|20260901032255|957.95
1788204185|20260901032305|958.10
1788204190|20260901032310|958.08
1788204195|20260901032315|958.51
1788204200|20260901032320|958.56
1788204205|20260901032325|958.53
1788204220|20260901032340|958.68
1788204225|20260901032345|958.62
1788204230|20260901032350|958.61
1788204235|20260901032355|958.63
1788204250|20260901032410|958.59
1788204255|20260901032415|958.61
1788204260|20260901032420|958.65
1788204265|20260901032425|958.68
1788204305|20260901032505|959.18
1788204310|20260901032510|959.71
1788204315|20260901032515|959.61
1788204320|20260901032520|959.59
1788204335|20260901032535|959.46
1788204345|20260901032545|959.30
1788204350|20260901032550|959.40
1788204355|20260901032555|959.29
1788204365|20260901032605|959.25
1788204370|20260901032610|959.23
1788204375|20260901032615|959.15
1788204400|20260901032640|959.25
1788204405|20260901032645|959.05
1788204410|20260901032650|958.97
1788204435|20260901032715|958.90
1788204440|20260901032720|958.94
1788204445|20260901032725|958.91
1788204455|20260901032735|958.99
1788204460|20260901032740|959.14
1788204465|20260901032745|959.02
1788204470|20260901032750|959.00
1788204475|20260901032755|958.95
1788204485|20260901032805|959.50
1788204490|20260901032810|959.44
1788204495|20260901032815|959.52
1788204500|20260901032820|959.39
1788204505|20260901032825|959.38
1788204530|20260901032850|959.37
1788204535|20260901032855|959.37
1788204545|20260901032905|959.34
1788204550|20260901032910|959.33
1788204555|20260901032915|959.34
1788204560|20260901032920|959.32
1788204565|20260901032925|959.32
1788204605|20260901033005|959.36
1788204610|20260901033010|959.43
1788204615|20260901033015|959.49
1788204620|20260901033020|959.48
1788204625|20260901033025|959.50
1788204635|20260901033035|959.40
1788204640|20260901033040|959.41
1788204645|20260901033045|959.38
1788204650|20260901033050|959.33
1788204655|20260901033055|959.36
1788204660|20260901033100|959.38
1788204665|20260901033105|959.40
1788204670|20260901033110|959.44
1788204675|20260901033115|959.44
1788204680|20260901033120|959.40
1788204685|20260901033125|959.40
1788204695|20260901033135|959.34
1788204705|20260901033145|959.49
1788204710|20260901033150|959.33
1788204715|20260901033155|959.36
1788204720|20260901033200|959.23
1788204735|20260901033215|959.22
1788204740|20260901033220|959.23
1788204745|20260901033225|959.25
1788204755|20260901033235|959.35
1788204760|20260901033240|959.23
1788204765|20260901033245|959.23
1788204770|20260901033250|959.26
1788204775|20260901033255|959.26
1788204780|20260901033300|959.25
1788204785|20260901033305|959.22
1788204790|20260901033310|959.18
1788204795|20260901033315|959.22
1788204800|20260901033320|959.18
1788204805|20260901033325|959.24
1788204820|20260901033340|959.25
1788204835|20260901033355|959.25
1788204845|20260901033405|959.30
1788204860|20260901033420|959.40
1788204865|20260901033425|959.49
1788204900|20260901033500|959.36
1788204905|20260901033505|959.41
1788204910|20260901033510|959.31
1788204920|20260901033520|959.49
1788204925|20260901033525|959.48
1788204935|20260901033535|959.43
1788204940|20260901033540|959.54
1788204950|20260901033550|959.56
1788204960|20260901033600|959.65
1788204965|20260901033605|959.65
1788204975|20260901033615|959.69
1788204980|20260901033620|959.75
1788204985|20260901033625|959.88
1788204995|20260901033635|959.64
1788205000|20260901033640|959.76
1788205005|20260901033645|959.69
1788205010|20260901033650|959.55
1788205015|20260901033655|959.59
1788205025|20260901033705|959.56
1788205030|20260901033710|959.65
1788205035|20260901033715|959.78
1788205040|20260901033720|959.76
1788205045|20260901033725|960.15
1788205065|20260901033745|960.15
1788205075|20260901033755|960.27
1788205085|20260901033805|960.29
1788205090|20260901033810|960.29
1788205095|20260901033815|960.34
1788205100|20260901033820|960.39
1788205115|20260901033835|960.33
1788205120|20260901033840|960.27
1788205125|20260901033845|960.27
1788205135|20260901033855|960.44
1788205145|20260901033905|960.26
1788205150|20260901033910|960.04
1788205155|20260901033915|960.02
1788205160|20260901033920|959.99
1788205165|20260901033925|959.86
1788205210|20260901034010|959.83
1788205215|20260901034015|959.92
1788205220|20260901034020|959.94
1788205235|20260901034035|959.68
1788205240|20260901034040|959.72
1788205245|20260901034045|959.52
1788205250|20260901034050|959.50
1788205265|20260901034105|959.52
1788205270|20260901034110|959.49
1788205275|20260901034115|959.57
1788205285|20260901034125|959.48
1788205300|20260901034140|959.26
1788205310|20260901034150|959.28
1788205315|20260901034155|959.29
1788205325|20260901034205|959.24
1788205330|20260901034210|959.25
1788205340|20260901034220|959.30
1788205345|20260901034225|959.34
1788205350|20260901034230|959.31
1788205355|20260901034235|959.27
1788205360|20260901034240|959.31
1788205365|20260901034245|959.27
1788205370|20260901034250|959.43
1788205375|20260901034255|959.40
1788205380|20260901034300|959.12
1788205385|20260901034305|959.11
1788205395|20260901034315|959.16
1788205400|20260901034320|959.24
1788205405|20260901034325|959.38
1788205415|20260901034335|959.58
1788205420|20260901034340|959.56
1788205425|20260901034345|959.63
1788205430|20260901034350|959.68
1788205435|20260901034355|959.68
1788205445|20260901034405|959.63
1788205450|20260901034410|959.76
1788205455|20260901034415|959.73
1788205460|20260901034420|959.69
1788205465|20260901034425|959.69
1788205500|20260901034500|959.87
1788205505|20260901034505|959.84
1788205510|20260901034510|959.85
1788205515|20260901034515|959.70
1788205525|20260901034525|959.69
1788205535|20260901034535|959.65
1788205540|20260901034540|959.62
1788205545|20260901034545|959.79
1788205550|20260901034550|959.76
1788205560|20260901034600|959.89
1788205565|20260901034605|959.85
1788205570|20260901034610|959.88
1788205575|20260901034615|959.86
1788205580|20260901034620|959.88
1788205585|20260901034625|960.01
1788205595|20260901034635|960.21
1788205600|20260901034640|960.22
1788205605|20260901034645|960.14
1788205615|20260901034655|960.28
1788205620|20260901034700|960.31
1788205625|20260901034705|960.40
1788205630|20260901034710|960.38
1788205635|20260901034715|960.38
1788205640|20260901034720|960.38
1788205655|20260901034735|960.35
1788205660|20260901034740|960.35
1788205665|20260901034745|960.40
1788205675|20260901034755|960.35
1788205685|20260901034805|960.34
1788205690|20260901034810|960.30
1788205695|20260901034815|960.42
1788205700|20260901034820|960.39
1788205705|20260901034825|960.42
1788205715|20260901034835|960.63
1788205720|20260901034840|960.82
1788205725|20260901034845|960.72
1788205730|20260901034850|960.65
1788205740|20260901034900|960.75
1788205745|20260901034905|960.67
1788205750|20260901034910|960.72
1788205755|20260901034915|960.68
1788205760|20260901034920|960.69
1788205765|20260901034925|960.81
1788205805|20260901035005|961.24
1788205810|20260901035010|961.29
1788205815|20260901035015|961.61
1788205820|20260901035020|961.55
1788205835|20260901035035|961.47
1788205840|20260901035040|961.37
1788205845|20260901035045|961.28
1788205850|20260901035050|961.07
1788205855|20260901035055|960.92
1788205860|20260901035100|960.95
1788205865|20260901035105|961.16
1788205870|20260901035110|961.05
1788205880|20260901035120|961.45
1788205885|20260901035125|961.32
1788205905|20260901035145|961.46
1788205910|20260901035150|961.46
1788205925|20260901035205|961.24
1788205930|20260901035210|961.28
1788205935|20260901035215|961.33
1788205940|20260901035220|961.22
1788205945|20260901035225|961.30
1788205955|20260901035235|961.75
1788205960|20260901035240|961.87
1788205965|20260901035245|961.85
1788205970|20260901035250|961.78
1788205975|20260901035255|961.67
1788205985|20260901035305|961.98
1788205990|20260901035310|962.09
1788205995|20260901035315|961.82
1788206005|20260901035325|961.75
1788206015|20260901035335|961.62
1788206020|20260901035340|961.41
1788206025|20260901035345|961.40
1788206030|20260901035350|961.37
1788206035|20260901035355|961.30
1788206045|20260901035405|961.27
1788206050|20260901035410|961.09
1788206055|20260901035415|961.16
1788206060|20260901035420|961.16
1788206065|20260901035425|961.18
1788206080|20260901035440|961.25
1788206100|20260901035500|961.52
1788206105|20260901035505|961.39
1788206110|20260901035510|961.40
1788206115|20260901035515|961.44
1788206120|20260901035520|961.42
1788206125|20260901035525|961.42
1788206135|20260901035535|961.40
1788206140|20260901035540|961.46
1788206145|20260901035545|961.43
1788206150|20260901035550|961.40
1788206155|20260901035555|961.42
1788206160|20260901035600|961.40
1788206165|20260901035605|961.30
1788206170|20260901035610|961.34
1788206175|20260901035615|961.39
1788206185|20260901035625|961.17
1788206195|20260901035635|961.20
1788206205|20260901035645|961.11
1788206220|20260901035700|961.18
1788206225|20260901035705|961.12
1788206230|20260901035710|961.19
1788206235|20260901035715|961.19
1788206240|20260901035720|961.21
1788206255|20260901035735|961.18
1788206265|20260901035745|961.12
1788206275|20260901035755|961.08
1788206285|20260901035805|961.04
1788206295|20260901035815|961.10
1788206300|20260901035820|961.13
1788206305|20260901035825|961.14
1788206310|20260901035830|961.13
1788206320|20260901035840|961.21
1788206325|20260901035845|961.37
1788206330|20260901035850|961.36
1788206335|20260901035855|961.33
1788206340|20260901035900|961.43
1788206345|20260901035905|961.99
1788206355|20260901035915|961.92
1788206365|20260901035925|961.96
1788206370|20260901035930|961.94
1788206405|20260901040005|961.85
1788206410|20260901040010|962.51
1788206415|20260901040015|962.21
1788206420|20260901040020|962.25
1788206425|20260901040025|962.10
1788206440|20260901040040|962.02
1788206445|20260901040045|962.27
1788206450|20260901040050|962.35
1788206465|20260901040105|962.62
1788206470|20260901040110|962.38
1788206475|20260901040115|962.60
1788206480|20260901040120|962.54
1788206500|20260901040140|962.48
1788206505|20260901040145|962.43
1788206510|20260901040150|962.40
1788206515|20260901040155|962.49
1788206520|20260901040200|962.37
1788206525|20260901040205|962.56
1788206530|20260901040210|962.65
1788206535|20260901040215|962.53
1788206540|20260901040220|962.32
1788206545|20260901040225|962.30
1788206550|20260901040230|962.17
1788206555|20260901040235|962.24
1788206560|20260901040240|962.26
1788206565|20260901040245|962.27
1788206570|20260901040250|962.22
1788206580|20260901040300|962.35
1788206585|20260901040305|962.33
1788206590|20260901040310|962.53
1788206600|20260901040320|962.58
1788206605|20260901040325|962.52
1788206615|20260901040335|962.40
1788206625|20260901040345|962.36
1788206630|20260901040350|962.38
1788206645|20260901040405|962.32
1788206650|20260901040410|962.35
1788206655|20260901040415|962.40
1788206660|20260901040420|962.44
1788206665|20260901040425|962.33
1788206700|20260901040500|962.20
1788206705|20260901040505|962.05
1788206710|20260901040510|962.05
1788206715|20260901040515|962.05
1788206720|20260901040520|962.04
1788206725|20260901040525|962.03
1788206735|20260901040535|961.99
1788206740|20260901040540|961.89
1788206745|20260901040545|961.88
1788206750|20260901040550|961.93
1788206755|20260901040555|962.04
1788206760|20260901040600|962.01
1788206770|20260901040610|961.93
1788206775|20260901040615|961.99
1788206780|20260901040620|961.97
1788206785|20260901040625|962.04
1788206795|20260901040635|962.02
1788206800|20260901040640|961.97
1788206805|20260901040645|961.92
1788206810|20260901040650|961.92
1788206815|20260901040655|961.92
1788206820|20260901040700|961.93
1788206835|20260901040715|961.95
1788206845|20260901040725|961.87
1788206855|20260901040735|961.98
1788206860|20260901040740|961.99
1788206870|20260901040750|961.93
1788206875|20260901040755|961.97
1788206880|20260901040800|961.98
1788206885|20260901040805|962.03
1788206890|20260901040810|961.97
1788206895|20260901040815|962.00
1788206900|20260901040820|961.93
1788206905|20260901040825|961.91
1788206920|20260901040840|961.88
1788206925|20260901040845|961.87
1788206930|20260901040850|961.84
1788206935|20260901040855|961.84
1788206940|20260901040900|961.84
1788206945|20260901040905|961.78
1788206955|20260901040915|961.79
1788206960|20260901040920|961.79
1788206965|20260901040925|961.80
1788207005|20260901041005|961.99
1788207010|20260901041010|961.94
1788207015|20260901041015|961.94
1788207020|20260901041020|961.94
1788207025|20260901041025|961.94
1788207045|20260901041045|961.99
1788207055|20260901041055|961.95
1788207065|20260901041105|961.82
1788207070|20260901041110|961.84
1788207075|20260901041115|961.84
1788207080|20260901041120|961.80
1788207095|20260901041135|961.74
1788207100|20260901041140|961.74
1788207159|20260901041239|961.61
