1790179200|20260924000000|924.01
1790179205|20260924000005|923.94
1790179210|20260924000010|923.92
1790179215|20260924000015|923.93
1790179220|20260924000020|923.93
1790179225|20260924000025|924.15
1790179235|20260924000035|923.97
1790179240|20260924000040|923.93
1790179245|20260924000045|923.99
1790179250|20260924000050|924.00
1790179255|20260924000055|923.91
1790179265|20260924000105|923.94
1790179275|20260924000115|923.87
1790179280|20260924000120|923.84
1790179295|20260924000135|923.98
1790179300|20260924000140|923.96
1790179305|20260924000145|923.83
1790179310|20260924000150|923.92
1790179315|20260924000155|923.76
1790179325|20260924000205|923.82
1790179330|20260924000210|923.79
1790179335|20260924000215|923.76
1790179340|20260924000220|923.80
1790179355|20260924000235|923.60
1790179360|20260924000240|923.59
1790179375|20260924000255|923.43
1790179385|20260924000305|923.48
1790179390|20260924000310|923.48
1790179395|20260924000315|923.43
1790179400|20260924000320|923.40
1790179405|20260924000325|923.37
1790179415|20260924000335|923.51
1790179420|20260924000340|923.56
1790179425|20260924000345|923.50
1790179445|20260924000405|923.55
1790179450|20260924000410|923.46
1790179455|20260924000415|923.51
1790179460|20260924000420|923.51
1790179465|20260924000425|923.50
1790179510|20260924000510|923.28
1790179520|20260924000520|923.31
1790179525|20260924000525|923.31
1790179540|20260924000540|923.50
1790179565|20260924000605|923.60
1790179570|20260924000610|923.42
1790179575|20260924000615|923.53
1790179580|20260924000620|923.53
1790179585|20260924000625|923.61
1790179595|20260924000635|923.79
1790179605|20260924000645|923.75
1790179615|20260924000655|923.57
1790179625|20260924000705|923.74
1790179660|20260924000740|924.08
1790179670|20260924000750|924.08
1790179675|20260924000755|924.15
1790179685|20260924000805|924.14
1790179690|20260924000810|924.18
1790179700|20260924000820|924.27
1790179705|20260924000825|924.39
1790179720|20260924000840|924.24
1790179725|20260924000845|924.24
1790179730|20260924000850|924.27
1790179735|20260924000855|924.17
1790179745|20260924000905|924.20
1790179750|20260924000910|924.21
1790179755|20260924000915|924.07
1790179760|20260924000920|924.07
1790179765|20260924000925|924.10
1790179800|20260924001000|924.13
1790179805|20260924001005|924.01
1790179810|20260924001010|924.02
1790179815|20260924001015|923.99
1790179840|20260924001040|924.03
1790179845|20260924001045|924.06
1790179850|20260924001050|924.06
1790179865|20260924001105|924.02
1790179875|20260924001115|924.11
1790179880|20260924001120|924.01
1790179885|20260924001125|924.04
1790179895|20260924001135|924.13
1790179900|20260924001140|924.14
1790179905|20260924001145|924.11
1790179915|20260924001155|924.05
1790179935|20260924001215|924.37
1790179960|20260924001240|924.28
1790179965|20260924001245|924.35
1790179970|20260924001250|924.21
1790179975|20260924001255|924.25
1790179985|20260924001305|924.29
1790179990|20260924001310|924.31
1790179995|20260924001315|924.16
1790180005|20260924001325|924.30
1790180015|20260924001335|924.18
1790180045|20260924001405|924.24
1790180050|20260924001410|924.26
1790180055|20260924001415|924.15
1790180060|20260924001420|924.15
1790180065|20260924001425|924.12
1790180110|20260924001510|924.16
1790180115|20260924001515|924.13
1790180125|20260924001525|924.29
1790180135|20260924001535|924.36
1790180145|20260924001545|924.33
1790180150|20260924001550|924.41
1790180155|20260924001555|924.41
1790180200|20260924001640|924.34
1790180205|20260924001645|924.30
1790180210|20260924001650|924.25
1790180240|20260924001720|924.28
1790180245|20260924001725|924.25
1790180265|20260924001745|924.28
1790180270|20260924001750|924.29
1790180275|20260924001755|924.27
1790180280|20260924001800|924.25
1790180290|20260924001810|924.34
1790180295|20260924001815|924.48
1790180330|20260924001850|924.32
1790180345|20260924001905|924.28
1790180350|20260924001910|924.32
1790180355|20260924001915|924.09
1790180380|20260924001940|924.16
1790180415|20260924002015|924.34
1790180435|20260924002035|924.37
1790180440|20260924002040|924.41
1790180455|20260924002055|924.41
1790180475|20260924002115|924.28
1790180480|20260924002120|924.34
1790180485|20260924002125|924.29
1790180495|20260924002135|924.23
1790180505|20260924002145|924.28
1790180510|20260924002150|924.28
1790180525|20260924002205|924.47
1790180535|20260924002215|924.22
1790180540|20260924002220|924.24
1790180545|20260924002225|924.23
1790180555|20260924002235|924.19
1790180560|20260924002240|924.17
1790180565|20260924002245|924.21
1790180570|20260924002250|924.22
1790180575|20260924002255|924.29
1790180585|20260924002305|924.22
1790180590|20260924002310|924.24
1790180595|20260924002315|924.09
1790180600|20260924002320|924.10
1790180605|20260924002325|924.16
1790180615|20260924002335|924.20
1790180620|20260924002340|924.19
1790180625|20260924002345|924.22
1790180635|20260924002355|924.19
1790180645|20260924002405|924.17
1790180650|20260924002410|924.21
1790180665|20260924002425|924.25
1790180700|20260924002500|924.02
1790180710|20260924002510|924.03
1790180715|20260924002515|924.09
1790180720|20260924002520|924.14
1790180725|20260924002525|924.10
1790180735|20260924002535|924.25
1790180740|20260924002540|924.31
1790180745|20260924002545|924.34
1790180750|20260924002550|924.50
1790180755|20260924002555|924.55
1790180765|20260924002605|924.58
1790180775|20260924002615|924.66
1790180780|20260924002620|924.66
1790180795|20260924002635|924.52
1790180800|20260924002640|924.56
1790180805|20260924002645|924.56
1790180825|20260924002705|924.46
1790180830|20260924002710|924.43
1790180835|20260924002715|924.44
1790180840|20260924002720|924.49
1790180845|20260924002725|924.55
1790180855|20260924002735|924.49
1790180865|20260924002745|924.44
1790180870|20260924002750|924.49
1790180890|20260924002810|924.41
1790180895|20260924002815|924.44
1790180905|20260924002825|924.32
1790180920|20260924002840|924.51
1790180930|20260924002850|924.67
1790180935|20260924002855|924.64
1790180955|20260924002915|924.56
1790180960|20260924002920|924.53
1790180965|20260924002925|924.53
1790180975|20260924002935|924.49
1790180980|20260924002940|924.49
1790181000|20260924003000|924.69
1790181015|20260924003015|924.94
1790181035|20260924003035|924.96
1790181040|20260924003040|924.94
1790181045|20260924003045|924.93
1790181050|20260924003050|924.92
1790181075|20260924003115|924.87
1790181095|20260924003135|924.70
1790181100|20260924003140|924.61
1790181105|20260924003145|924.63
1790181110|20260924003150|924.65
1790181115|20260924003155|924.66
1790181125|20260924003205|924.77
1790181130|20260924003210|924.81
1790181140|20260924003220|924.76
1790181145|20260924003225|924.73
1790181155|20260924003235|924.86
1790181160|20260924003240|924.93
1790181175|20260924003255|924.81
1790181185|20260924003305|924.72
1790181205|20260924003325|924.88
1790181215|20260924003335|924.93
1790181225|20260924003345|924.94
1790181235|20260924003355|925.04
1790181245|20260924003405|925.07
1790181255|20260924003415|925.21
1790181305|20260924003505|925.01
1790181320|20260924003520|925.00
1790181340|20260924003540|924.99
1790181350|20260924003550|924.88
1790181355|20260924003555|924.83
1790181365|20260924003605|925.12
1790181375|20260924003615|925.04
1790181380|20260924003620|925.19
1790181385|20260924003625|925.22
1790181395|20260924003635|925.21
1790181405|20260924003645|925.26
1790181410|20260924003650|925.28
1790181415|20260924003655|925.30
1790181425|20260924003705|925.28
1790181435|20260924003715|925.40
1790181460|20260924003740|925.31
1790181465|20260924003745|925.27
1790181475|20260924003755|925.34
1790181500|20260924003820|925.35
1790181505|20260924003825|925.34
1790181515|20260924003835|925.36
1790181520|20260924003840|925.41
1790181525|20260924003845|925.36
1790181530|20260924003850|925.35
1790181535|20260924003855|925.36
1790181550|20260924003910|925.59
1790181555|20260924003915|925.59
1790181560|20260924003920|925.55
1790181600|20260924004000|925.34
1790181610|20260924004010|925.05
1790181615|20260924004015|925.05
1790181620|20260924004020|925.18
1790181625|20260924004025|925.18
1790181635|20260924004035|925.15
1790181650|20260924004050|925.22
1790181655|20260924004055|925.19
1790181665|20260924004105|925.18
1790181670|20260924004110|925.14
1790181675|20260924004115|925.21
1790181680|20260924004120|925.21
1790181695|20260924004135|925.18
1790181700|20260924004140|925.16
1790181705|20260924004145|925.15
1790181710|20260924004150|925.12
1790181715|20260924004155|925.01
1790181725|20260924004205|925.04
1790181735|20260924004215|924.94
1790181740|20260924004220|924.99
1790181745|20260924004225|925.08
1790181755|20260924004235|925.04
1790181760|20260924004240|925.16
1790181765|20260924004245|925.17
1790181770|20260924004250|925.13
1790181775|20260924004255|925.01
1790181785|20260924004305|924.82
1790181790|20260924004310|924.92
1790181795|20260924004315|924.97
1790181800|20260924004320|924.97
1790181805|20260924004325|925.13
1790181820|20260924004340|925.02
1790181825|20260924004345|925.07
1790181830|20260924004350|925.21
1790181835|20260924004355|925.19
1790181850|20260924004410|925.20
1790181855|20260924004415|925.21
1790181860|20260924004420|925.13
1790181865|20260924004425|925.07
1790181910|20260924004510|924.94
1790181915|20260924004515|924.94
1790181920|20260924004520|924.96
1790181925|20260924004525|924.95
1790181935|20260924004535|924.95
1790181940|20260924004540|924.55
1790181945|20260924004545|924.44
1790181950|20260924004550|924.45
1790181955|20260924004555|924.54
1790181970|20260924004610|924.76
1790181975|20260924004615|924.74
1790181980|20260924004620|924.75
1790181995|20260924004635|924.79
1790182000|20260924004640|924.78
1790182005|20260924004645|924.81
1790182010|20260924004650|924.80
1790182015|20260924004655|924.78
1790182030|20260924004710|924.75
1790182035|20260924004715|924.72
1790182040|20260924004720|924.67
1790182045|20260924004725|924.72
1790182055|20260924004735|924.77
1790182070|20260924004750|924.47
1790182075|20260924004755|924.47
1790182085|20260924004805|924.55
1790182090|20260924004810|924.52
1790182095|20260924004815|924.53
1790182135|20260924004855|924.49
1790182145|20260924004905|924.58
1790182150|20260924004910|924.46
1790182155|20260924004915|924.37
1790182160|20260924004920|924.26
1790182165|20260924004925|924.26
1790182210|20260924005010|924.13
1790182215|20260924005015|924.14
1790182235|20260924005035|924.29
1790182245|20260924005045|924.36
1790182250|20260924005050|924.34
1790182255|20260924005055|924.38
1790182265|20260924005105|924.25
1790182275|20260924005115|924.11
1790182280|20260924005120|924.17
1790182285|20260924005125|924.08
1790182295|20260924005135|924.16
1790182300|20260924005140|924.15
1790182310|20260924005150|924.11
1790182315|20260924005155|923.96
1790182325|20260924005205|923.75
1790182330|20260924005210|923.77
1790182335|20260924005215|923.69
1790182340|20260924005220|923.87
1790182355|20260924005235|923.67
1790182365|20260924005245|923.70
1790182370|20260924005250|923.67
1790182375|20260924005255|923.69
1790182385|20260924005305|923.47
1790182390|20260924005310|923.32
1790182400|20260924005320|923.42
1790182405|20260924005325|923.62
1790182415|20260924005335|923.64
1790182425|20260924005345|923.73
1790182430|20260924005350|923.78
1790182435|20260924005355|923.76
1790182445|20260924005405|923.89
1790182450|20260924005410|924.11
1790182455|20260924005415|924.16
1790182460|20260924005420|924.09
1790182465|20260924005425|924.14
1790182505|20260924005505|924.15
1790182515|20260924005515|924.19
1790182520|20260924005520|924.19
1790182525|20260924005525|924.31
1790182545|20260924005545|924.37
1790182550|20260924005550|924.20
1790182555|20260924005555|924.29
1790182565|20260924005605|924.26
1790182570|20260924005610|924.35
1790182575|20260924005615|924.20
1790182580|20260924005620|924.25
1790182600|20260924005640|924.20
1790182605|20260924005645|924.21
1790182615|20260924005655|924.49
1790182625|20260924005705|924.56
1790182630|20260924005710|924.57
1790182640|20260924005720|924.61
1790182665|20260924005745|924.51
1790182675|20260924005755|924.48
1790182690|20260924005810|924.40
1790182715|20260924005835|924.62
1790182725|20260924005845|924.63
1790182730|20260924005850|924.73
1790182745|20260924005905|924.68
1790182750|20260924005910|924.75
1790182800|20260924010000|924.72
1790182805|20260924010005|924.67
1790182810|20260924010010|924.66
1790182815|20260924010015|924.59
1790182825|20260924010025|924.48
1790182840|20260924010040|924.47
1790182850|20260924010050|924.47
1790182855|20260924010055|924.44
1790182875|20260924010115|924.55
1790182880|20260924010120|924.69
1790182895|20260924010135|924.69
1790182900|20260924010140|924.58
1790182925|20260924010205|924.55
1790182930|20260924010210|923.88
1790182940|20260924010220|923.21
1790182945|20260924010225|923.39
1790182955|20260924010235|923.61
1790182965|20260924010245|923.35
1790182970|20260924010250|922.70
1790182975|20260924010255|922.70
1790182990|20260924010310|923.52
1790182995|20260924010315|923.70
1790183000|20260924010320|923.63
1790183015|20260924010335|923.68
1790183020|20260924010340|923.34
1790183030|20260924010350|922.94
1790183035|20260924010355|922.90
1790183045|20260924010405|923.03
1790183055|20260924010415|923.27
1790183110|20260924010510|923.22
1790183125|20260924010525|923.41
1790183135|20260924010535|923.57
1790183140|20260924010540|923.53
1790183145|20260924010545|923.57
1790183155|20260924010555|923.57
1790183165|20260924010605|923.67
1790183170|20260924010610|923.64
1790183175|20260924010615|923.67
1790183180|20260924010620|923.51
1790183185|20260924010625|923.42
1790183205|20260924010645|923.56
1790183210|20260924010650|923.65
1790183225|20260924010705|923.70
1790183230|20260924010710|923.71
1790183235|20260924010715|923.60
1790183240|20260924010720|923.52
1790183245|20260924010725|923.67
1790183255|20260924010735|923.70
1790183260|20260924010740|923.73
1790183265|20260924010745|923.83
1790183270|20260924010750|923.76
1790183275|20260924010755|923.79
1790183285|20260924010805|923.71
1790183290|20260924010810|923.80
1790183300|20260924010820|923.95
1790183315|20260924010835|923.99
1790183320|20260924010840|924.16
1790183325|20260924010845|924.15
1790183360|20260924010920|924.14
1790183400|20260924011000|924.34
1790183405|20260924011005|924.31
1790183415|20260924011015|924.29
1790183420|20260924011020|924.28
1790183435|20260924011035|924.30
1790183440|20260924011040|924.28
1790183465|20260924011105|924.31
1790183470|20260924011110|924.40
1790183475|20260924011115|924.43
1790183480|20260924011120|924.49
1790183485|20260924011125|924.59
1790183495|20260924011135|924.46
1790183500|20260924011140|924.05
1790183505|20260924011145|924.23
1790183510|20260924011150|923.84
1790183515|20260924011155|923.83
1790183525|20260924011205|923.54
1790183530|20260924011210|923.52
1790183535|20260924011215|923.39
1790183545|20260924011225|923.50
1790183560|20260924011240|923.38
1790183570|20260924011250|923.11
1790183575|20260924011255|923.10
1790183590|20260924011310|923.32
1790183595|20260924011315|923.38
1790183615|20260924011335|923.43
1790183620|20260924011340|923.39
1790183630|20260924011350|923.35
1790183655|20260924011415|923.16
1790183665|20260924011425|923.30
1790183705|20260924011505|923.27
1790183735|20260924011535|923.35
1790183740|20260924011540|923.35
1790183745|20260924011545|923.19
1790183765|20260924011605|922.90
1790183775|20260924011615|922.91
1790183780|20260924011620|922.90
1790183785|20260924011625|922.86
1790183795|20260924011635|923.03
1790183805|20260924011645|923.21
1790183815|20260924011655|923.26
1790183825|20260924011705|923.09
1790183830|20260924011710|923.12
1790183835|20260924011715|923.16
1790183840|20260924011720|923.28
1790183845|20260924011725|923.35
1790183855|20260924011735|923.30
1790183860|20260924011740|923.30
1790183865|20260924011745|923.18
1790183870|20260924011750|923.22
1790183875|20260924011755|923.48
1790183900|20260924011820|923.44
1790183915|20260924011835|923.39
1790183920|20260924011840|923.55
1790183930|20260924011850|923.60
1790183945|20260924011905|923.28
1790183950|20260924011910|923.27
1790183955|20260924011915|923.29
1790183965|20260924011925|923.62
1790183995|20260924011955|923.56
1790184000|20260924012000|923.55
1790184005|20260924012005|923.45
1790184010|20260924012010|923.52
1790184015|20260924012015|923.47
1790184020|20260924012020|923.59
1790184025|20260924012025|923.62
1790184035|20260924012035|923.61
1790184050|20260924012050|923.73
1790184065|20260924012105|924.02
1790184070|20260924012110|924.03
1790184080|20260924012120|924.02
1790184085|20260924012125|924.10
1790184095|20260924012135|924.17
1790184100|20260924012140|924.27
1790184105|20260924012145|924.17
1790184110|20260924012150|924.18
1790184115|20260924012155|924.16
1790184135|20260924012215|924.09
1790184145|20260924012225|923.99
1790184160|20260924012240|924.12
1790184165|20260924012245|924.14
1790184175|20260924012255|924.21
1790184190|20260924012310|924.14
1790184195|20260924012315|924.18
1790184200|20260924012320|924.20
1790184205|20260924012325|924.23
1790184225|20260924012345|924.29
1790184235|20260924012355|924.39
1790184245|20260924012405|924.21
1790184250|20260924012410|924.20
1790184255|20260924012415|924.19
1790184260|20260924012420|924.17
1790184265|20260924012425|924.13
1790184295|20260924012455|924.04
1790184320|20260924012520|924.08
1790184340|20260924012540|924.08
1790184345|20260924012545|923.96
1790184350|20260924012550|923.99
1790184355|20260924012555|924.07
1790184370|20260924012610|923.98
1790184375|20260924012615|924.05
1790184380|20260924012620|923.99
1790184385|20260924012625|923.85
1790184405|20260924012645|923.98
1790184410|20260924012650|923.87
1790184425|20260924012705|924.17
1790184430|20260924012710|924.17
1790184435|20260924012715|924.22
1790184440|20260924012720|923.97
1790184445|20260924012725|924.02
1790184455|20260924012735|924.07
1790184465|20260924012745|924.12
1790184485|20260924012805|923.82
1790184490|20260924012810|923.91
1790184495|20260924012815|923.98
1790184520|20260924012840|924.15
1790184530|20260924012850|924.03
1790184550|20260924012910|923.79
1790184555|20260924012915|923.83
1790184560|20260924012920|923.84
1790184565|20260924012925|923.97
1790184585|20260924012945|923.96
1790184590|20260924012950|924.03
1790184605|20260924013005|923.87
1790184610|20260924013010|923.97
1790184625|20260924013025|923.98
1790184640|20260924013040|923.77
1790184645|20260924013045|923.82
1790184650|20260924013050|923.77
1790184655|20260924013055|923.88
1790184665|20260924013105|923.89
1790184670|20260924013110|923.85
1790184675|20260924013115|923.84
1790184680|20260924013120|923.88
1790184685|20260924013125|923.91
1790184695|20260924013135|923.52
1790184705|20260924013145|923.56
1790184710|20260924013150|923.53
1790184715|20260924013155|923.53
1790184720|20260924013200|923.42
1790184725|20260924013205|923.30
1790184740|20260924013220|923.00
1790184755|20260924013235|923.01
1790184770|20260924013250|922.94
1790184785|20260924013305|923.16
1790184790|20260924013310|923.08
1790184800|20260924013320|923.08
1790184815|20260924013335|923.11
1790184820|20260924013340|923.12
1790184845|20260924013405|923.44
1790184850|20260924013410|923.47
1790184855|20260924013415|923.48
1790184860|20260924013420|923.64
1790184900|20260924013500|923.77
1790184905|20260924013505|923.66
1790184915|20260924013515|923.45
1790184935|20260924013535|923.48
1790184940|20260924013540|923.39
1790184945|20260924013545|923.50
1790184950|20260924013550|923.43
1790184955|20260924013555|923.39
1790184965|20260924013605|923.20
1790184975|20260924013615|923.14
1790184980|20260924013620|923.13
1790184985|20260924013625|923.17
1790184995|20260924013635|923.20
1790185000|20260924013640|923.06
1790185005|20260924013645|923.06
1790185010|20260924013650|923.20
1790185015|20260924013655|923.28
1790185025|20260924013705|923.28
1790185035|20260924013715|923.46
1790185040|20260924013720|923.65
1790185045|20260924013725|923.65
1790185060|20260924013740|923.49
1790185085|20260924013805|923.56
1790185090|20260924013810|923.55
1790185095|20260924013815|923.47
1790185115|20260924013835|923.50
1790185130|20260924013850|923.40
1790185135|20260924013855|923.35
1790185145|20260924013905|923.40
1790185160|20260924013920|923.32
1790185165|20260924013925|923.31
1790185205|20260924014005|922.71
1790185210|20260924014010|922.63
1790185215|20260924014015|922.65
1790185235|20260924014035|922.64
1790185240|20260924014040|922.56
1790185245|20260924014045|922.58
1790185275|20260924014115|923.43
1790185285|20260924014125|923.96
1790185295|20260924014135|923.78
1790185300|20260924014140|923.97
1790185305|20260924014145|923.98
1790185310|20260924014150|923.99
1790185315|20260924014155|924.33
1790185325|20260924014205|924.05
1790185335|20260924014215|924.34
1790185340|20260924014220|924.42
1790185355|20260924014235|924.37
1790185360|20260924014240|924.35
1790185365|20260924014245|924.45
1790185370|20260924014250|924.89
1790185385|20260924014305|924.95
1790185390|20260924014310|925.21
1790185395|20260924014315|925.14
1790185400|20260924014320|924.96
1790185405|20260924014325|924.96
1790185415|20260924014335|924.80
1790185420|20260924014340|924.92
1790185425|20260924014345|925.02
1790185430|20260924014350|925.15
1790185435|20260924014355|925.20
1790185445|20260924014405|924.96
1790185450|20260924014410|924.80
1790185455|20260924014415|924.76
1790185460|20260924014420|924.96
1790185465|20260924014425|924.99
1790185500|20260924014500|925.32
1790185505|20260924014505|925.32
1790185510|20260924014510|925.37
1790185515|20260924014515|925.30
1790185520|20260924014520|925.33
1790185540|20260924014540|925.41
1790185545|20260924014545|925.51
1790185555|20260924014555|925.35
1790185565|20260924014605|925.58
1790185570|20260924014610|925.46
1790185600|20260924014640|925.56
1790185615|20260924014655|925.13
1790185630|20260924014710|925.13
1790185635|20260924014715|925.34
1790185645|20260924014725|925.26
1790185660|20260924014740|925.43
1790185685|20260924014805|925.63
1790185690|20260924014810|925.58
1790185695|20260924014815|925.63
1790185700|20260924014820|925.65
1790185705|20260924014825|925.62
1790185715|20260924014835|925.56
1790185720|20260924014840|925.46
1790185725|20260924014845|925.55
1790185730|20260924014850|925.59
1790185735|20260924014855|925.57
1790185745|20260924014905|925.46
1790185755|20260924014915|925.61
1790185765|20260924014925|925.78
1790185780|20260924014940|925.80
1790185800|20260924015000|925.82
1790185805|20260924015005|925.90
1790185820|20260924015020|925.81
1790185825|20260924015025|925.86
1790185835|20260924015035|925.86
1790185845|20260924015045|925.72
1790185850|20260924015050|925.74
1790185865|20260924015105|925.66
1790185870|20260924015110|925.72
1790185885|20260924015125|925.81
1790185895|20260924015135|925.54
1790185905|20260924015145|925.51
1790185910|20260924015150|925.53
1790185930|20260924015210|925.68
1790185940|20260924015220|925.67
1790185945|20260924015225|925.66
1790185955|20260924015235|925.81
1790185960|20260924015240|925.80
1790185965|20260924015245|925.82
1790185970|20260924015250|925.88
1790185975|20260924015255|925.86
1790185995|20260924015315|925.91
1790186020|20260924015340|925.92
1790186025|20260924015345|925.96
1790186030|20260924015350|925.93
1790186045|20260924015405|925.96
1790186050|20260924015410|925.87
1790186055|20260924015415|925.87
1790186060|20260924015420|925.87
1790186065|20260924015425|926.01
1790186090|20260924015450|925.84
1790186105|20260924015505|925.96
1790186110|20260924015510|925.84
1790186125|20260924015525|925.79
1790186135|20260924015535|925.69
1790186145|20260924015545|925.69
1790186165|20260924015605|925.53
1790186175|20260924015615|925.46
1790186180|20260924015620|925.57
1790186185|20260924015625|925.57
1790186195|20260924015635|925.70
1790186205|20260924015645|925.62
1790186210|20260924015650|925.54
1790186215|20260924015655|925.53
1790186225|20260924015705|925.68
1790186230|20260924015710|925.65
1790186235|20260924015715|925.63
1790186240|20260924015720|925.64
1790186265|20260924015745|926.00
1790186270|20260924015750|925.98
1790186275|20260924015755|925.98
1790186285|20260924015805|926.09
1790186295|20260924015815|926.11
1790186300|20260924015820|926.19
1790186335|20260924015855|926.35
1790186345|20260924015905|926.15
1790186350|20260924015910|926.16
1790186355|20260924015915|926.13
1790186360|20260924015920|926.15
1790186405|20260924020005|926.31
1790186415|20260924020015|926.34
1790186420|20260924020020|926.25
1790186425|20260924020025|926.28
1790186435|20260924020035|926.26
1790186440|20260924020040|926.25
1790186445|20260924020045|926.28
1790186455|20260924020055|926.43
1790186470|20260924020110|926.50
1790186495|20260924020135|926.51
1790186500|20260924020140|926.44
1790186505|20260924020145|926.41
1790186510|20260924020150|926.40
1790186535|20260924020215|926.66
1790186545|20260924020225|926.59
1790186555|20260924020235|926.61
1790186560|20260924020240|926.67
1790186565|20260924020245|926.65
1790186570|20260924020250|926.65
1790186585|20260924020305|926.36
1790186590|20260924020310|926.34
1790186595|20260924020315|926.32
1790186605|20260924020325|926.11
1790186615|20260924020335|926.07
1790186620|20260924020340|926.06
1790186625|20260924020345|926.03
1790186630|20260924020350|926.00
1790186635|20260924020355|925.95
1790186655|20260924020415|925.87
1790186660|20260924020420|925.90
1790186665|20260924020425|925.89
1790186710|20260924020510|925.65
1790186715|20260924020515|925.64
1790186725|20260924020525|925.61
1790186740|20260924020540|925.58
1790186745|20260924020545|925.57
1790186765|20260924020605|925.69
1790186770|20260924020610|925.78
1790186780|20260924020620|925.81
1790186785|20260924020625|925.78
1790186800|20260924020640|925.76
1790186805|20260924020645|925.81
1790186825|20260924020705|925.70
1790186830|20260924020710|925.62
1790186835|20260924020715|925.71
1790186840|20260924020720|925.73
1790186845|20260924020725|925.74
1790186855|20260924020735|925.76
1790186860|20260924020740|925.74
1790186865|20260924020745|925.81
1790186870|20260924020750|925.82
1790186875|20260924020755|925.77
1790186885|20260924020805|925.85
1790186900|20260924020820|925.81
1790186920|20260924020840|925.79
1790186930|20260924020850|925.83
1790186935|20260924020855|925.78
1790186940|20260924020900|925.81
1790186945|20260924020905|925.76
1790186950|20260924020910|925.77
1790186955|20260924020915|925.72
1790186960|20260924020920|925.80
1790187000|20260924021000|925.80
1790187005|20260924021005|925.76
1790187015|20260924021015|925.66
1790187020|20260924021020|925.62
1790187025|20260924021025|925.61
1790187035|20260924021035|925.74
1790187040|20260924021040|925.74
1790187045|20260924021045|925.73
1790187055|20260924021055|925.69
1790187065|20260924021105|925.63
1790187070|20260924021110|925.65
1790187075|20260924021115|925.68
1790187080|20260924021120|925.64
1790187085|20260924021125|925.64
1790187100|20260924021140|925.64
1790187105|20260924021145|925.63
1790187110|20260924021150|925.58
1790187125|20260924021205|925.56
1790187135|20260924021215|925.53
1790187140|20260924021220|925.55
1790187145|20260924021225|925.55
1790187155|20260924021235|925.38
1790187160|20260924021240|925.37
1790187165|20260924021245|925.36
1790187175|20260924021255|925.36
1790187185|20260924021305|925.39
1790187190|20260924021310|925.38
1790187195|20260924021315|925.38
1790187200|20260924021320|925.56
1790187205|20260924021325|925.58
1790187215|20260924021335|925.38
1790187220|20260924021340|925.51
1790187230|20260924021350|925.52
1790187235|20260924021355|925.55
1790187245|20260924021405|925.55
1790187250|20260924021410|925.57
1790187255|20260924021415|925.53
1790187260|20260924021420|925.55
1790187265|20260924021425|925.52
1790187305|20260924021505|925.50
1790187320|20260924021520|925.59
1790187325|20260924021525|925.59
1790187335|20260924021535|925.61
1790187345|20260924021545|925.68
1790187355|20260924021555|925.73
1790187365|20260924021605|925.75
1790187370|20260924021610|925.74
1790187380|20260924021620|925.78
1790187385|20260924021625|925.65
1790187395|20260924021635|925.55
1790187400|20260924021640|925.48
1790187415|20260924021655|925.38
1790187425|20260924021705|925.39
1790187440|20260924021720|925.44
1790187445|20260924021725|925.56
1790187455|20260924021735|925.78
1790187475|20260924021755|925.67
1790187490|20260924021810|925.76
1790187495|20260924021815|925.76
1790187500|20260924021820|925.77
1790187520|20260924021840|925.90
1790187530|20260924021850|925.73
1790187535|20260924021855|925.68
1790187565|20260924021925|925.96
1790187605|20260924022005|925.66
1790187620|20260924022020|925.75
1790187625|20260924022025|925.81
1790187635|20260924022035|925.81
1790187640|20260924022040|925.81
1790187645|20260924022045|925.77
1790187650|20260924022050|925.80
1790187665|20260924022105|925.83
1790187670|20260924022110|925.85
1790187675|20260924022115|925.83
1790187680|20260924022120|925.84
1790187700|20260924022140|925.41
1790187705|20260924022145|925.45
1790187710|20260924022150|925.28
1790187715|20260924022155|925.31
1790187735|20260924022215|925.60
1790187745|20260924022225|925.45
1790187755|20260924022235|925.50
1790187760|20260924022240|925.53
1790187765|20260924022245|925.51
1790187775|20260924022255|925.38
1790187785|20260924022305|925.41
1790187790|20260924022310|925.40
1790187800|20260924022320|925.33
1790187805|20260924022325|925.44
1790187820|20260924022340|925.53
1790187825|20260924022345|925.59
1790187835|20260924022355|925.32
1790187850|20260924022410|925.25
1790187865|20260924022425|925.22
1790187900|20260924022500|925.24
1790187905|20260924022505|925.24
1790187910|20260924022510|925.24
1790187915|20260924022515|925.26
1790187920|20260924022520|925.35
1790187925|20260924022525|925.34
1790187935|20260924022535|925.21
1790187945|20260924022545|925.19
1790187950|20260924022550|925.20
1790187955|20260924022555|925.14
1790187965|20260924022605|925.21
1790187970|20260924022610|925.19
1790187975|20260924022615|925.22
1790187980|20260924022620|925.20
1790187985|20260924022625|925.12
1790187995|20260924022635|925.12
1790188000|20260924022640|925.13
1790188010|20260924022650|925.03
1790188015|20260924022655|925.00
1790188040|20260924022720|925.08
1790188045|20260924022725|925.11
1790188055|20260924022735|924.92
1790188060|20260924022740|924.89
1790188065|20260924022745|924.85
1790188070|20260924022750|924.86
1790188075|20260924022755|924.91
1790188090|20260924022810|924.72
1790188095|20260924022815|924.71
1790188100|20260924022820|924.66
1790188120|20260924022840|924.55
1790188135|20260924022855|924.52
1790188145|20260924022905|924.58
1790188150|20260924022910|924.52
1790188155|20260924022915|924.45
1790188210|20260924023010|924.73
1790188215|20260924023015|924.63
1790188220|20260924023020|924.60
1790188225|20260924023025|924.81
1790188235|20260924023035|924.74
1790188240|20260924023040|924.61
1790188245|20260924023045|924.60
1790188250|20260924023050|924.59
1790188255|20260924023055|924.53
1790188265|20260924023105|924.71
1790188270|20260924023110|924.69
1790188280|20260924023120|924.69
1790188285|20260924023125|924.69
1790188295|20260924023135|924.81
1790188300|20260924023140|924.80
1790188315|20260924023155|924.95
1790188330|20260924023210|925.06
1790188335|20260924023215|925.02
1790188340|20260924023220|924.92
1790188355|20260924023235|924.92
1790188360|20260924023240|925.00
1790188365|20260924023245|924.97
1790188375|20260924023255|924.95
1790188390|20260924023310|925.03
1790188395|20260924023315|925.10
1790188400|20260924023320|924.96
1790188405|20260924023325|924.93
1790188415|20260924023335|925.00
1790188430|20260924023350|925.05
1790188435|20260924023355|924.96
1790188445|20260924023405|924.91
1790188450|20260924023410|924.89
1790188460|20260924023420|924.90
1790188465|20260924023425|924.95
1790188505|20260924023505|925.06
1790188510|20260924023510|925.14
1790188520|20260924023520|924.97
1790188525|20260924023525|925.01
1790188535|20260924023535|924.98
1790188540|20260924023540|924.93
1790188545|20260924023545|924.94
1790188550|20260924023550|924.95
1790188555|20260924023555|924.95
1790188565|20260924023605|924.98
1790188570|20260924023610|925.13
1790188575|20260924023615|925.16
1790188580|20260924023620|925.14
1790188585|20260924023625|925.11
1790188595|20260924023635|924.97
1790188600|20260924023640|924.96
1790188605|20260924023645|924.95
1790188610|20260924023650|925.01
1790188625|20260924023705|924.98
1790188630|20260924023710|924.95
1790188635|20260924023715|924.93
1790188640|20260924023720|924.92
1790188665|20260924023745|924.97
1790188675|20260924023755|924.99
1790188705|20260924023825|924.75
1790188720|20260924023840|924.68
1790188725|20260924023845|924.76
1790188745|20260924023905|924.76
1790188755|20260924023915|924.60
1790188760|20260924023920|924.70
1790188805|20260924024005|924.70
1790188810|20260924024010|924.69
1790188815|20260924024015|924.65
1790188820|20260924024020|924.66
1790188835|20260924024035|924.59
1790188840|20260924024040|924.58
1790188845|20260924024045|924.59
1790188850|20260924024050|924.58
1790188855|20260924024055|924.66
1790188885|20260924024125|924.56
1790188895|20260924024135|924.60
1790188905|20260924024145|924.73
1790188910|20260924024150|924.73
1790188925|20260924024205|924.75
1790188955|20260924024235|924.84
1790188960|20260924024240|924.78
1790188965|20260924024245|924.75
1790188975|20260924024255|924.76
1790188985|20260924024305|924.72
1790188990|20260924024310|924.76
1790189005|20260924024325|924.69
1790189025|20260924024345|924.73
1790189030|20260924024350|924.63
1790189035|20260924024355|924.62
1790189045|20260924024405|924.64
1790189050|20260924024410|924.62
1790189055|20260924024415|924.66
1790189060|20260924024420|924.57
1790189065|20260924024425|924.53
1790189110|20260924024510|924.42
1790189115|20260924024515|924.31
1790189120|20260924024520|924.31
1790189125|20260924024525|924.28
1790189145|20260924024545|924.21
1790189155|20260924024555|924.43
1790189175|20260924024615|924.45
1790189180|20260924024620|924.42
1790189185|20260924024625|924.47
1790189195|20260924024635|924.42
1790189200|20260924024640|924.36
1790189205|20260924024645|924.34
1790189210|20260924024650|924.32
1790189215|20260924024655|924.32
1790189225|20260924024705|924.38
1790189230|20260924024710|924.42
1790189235|20260924024715|924.48
1790189260|20260924024740|924.52
1790189265|20260924024745|924.57
1790189270|20260924024750|924.63
1790189275|20260924024755|924.58
1790189285|20260924024805|924.58
1790189300|20260924024820|924.54
1790189305|20260924024825|924.61
1790189315|20260924024835|924.67
1790189320|20260924024840|924.70
1790189325|20260924024845|924.80
1790189330|20260924024850|924.82
1790189355|20260924024915|924.95
1790189360|20260924024920|924.97
1790189400|20260924025000|925.01
1790189415|20260924025015|925.13
1790189420|20260924025020|925.14
1790189425|20260924025025|925.16
1790189445|20260924025045|925.10
1790189480|20260924025120|925.03
1790189495|20260924025135|925.14
1790189500|20260924025140|925.15
1790189510|20260924025150|925.16
1790189525|20260924025205|925.11
1790189535|20260924025215|925.17
1790189540|20260924025220|925.21
1790189545|20260924025225|925.20
1790189560|20260924025240|925.21
1790189570|20260924025250|925.16
1790189575|20260924025255|925.14
1790189585|20260924025305|925.16
1790189590|20260924025310|925.25
1790189605|20260924025325|925.22
1790189620|20260924025340|925.01
1790189625|20260924025345|925.08
1790189630|20260924025350|925.06
1790189635|20260924025355|925.07
1790189645|20260924025405|925.13
1790189650|20260924025410|925.15
1790189655|20260924025415|925.11
1790189660|20260924025420|925.12
1790189695|20260924025455|925.14
1790189705|20260924025505|925.30
1790189720|20260924025520|925.16
1790189725|20260924025525|925.17
1790189745|20260924025545|925.49
1790189750|20260924025550|925.48
1790189765|20260924025605|925.64
1790189770|20260924025610|925.65
1790189780|20260924025620|925.55
1790189785|20260924025625|925.54
1790189800|20260924025640|925.64
1790189805|20260924025645|925.56
1790189810|20260924025650|925.51
1790189815|20260924025655|925.51
1790189830|20260924025710|925.50
1790189835|20260924025715|925.51
1790189840|20260924025720|925.44
1790189845|20260924025725|925.47
1790189865|20260924025745|925.44
1790189890|20260924025810|925.54
1790189895|20260924025815|925.53
1790189905|20260924025825|925.52
1790189925|20260924025845|925.61
1790189955|20260924025915|925.76
1790189965|20260924025925|925.71
1790190000|20260924030000|925.69
1790190005|20260924030005|925.65
1790190015|20260924030015|925.67
1790190020|20260924030020|925.63
1790190025|20260924030025|925.66
1790190035|20260924030035|925.50
1790190040|20260924030040|925.49
1790190045|20260924030045|925.42
1790190050|20260924030050|925.52
1790190055|20260924030055|925.62
1790190060|20260924030100|925.58
1790190065|20260924030105|925.47
1790190070|20260924030110|925.55
1790190075|20260924030115|925.54
1790190080|20260924030120|925.50
1790190095|20260924030135|925.61
1790190110|20260924030150|925.66
1790190130|20260924030210|925.57
1790190135|20260924030215|925.61
1790190140|20260924030220|925.55
1790190145|20260924030225|925.59
1790190155|20260924030235|925.58
1790190170|20260924030250|925.62
1790190175|20260924030255|925.56
1790190185|20260924030305|925.65
1790190190|20260924030310|925.61
1790190205|20260924030325|925.27
1790190225|20260924030345|925.11
1790190230|20260924030350|925.17
1790190250|20260924030410|925.31
1790190255|20260924030415|925.30
1790190280|20260924030440|925.19
1790190310|20260924030510|925.30
1790190315|20260924030515|925.30
1790190320|20260924030520|925.40
1790190325|20260924030525|925.32
1790190335|20260924030535|925.23
1790190340|20260924030540|925.24
1790190345|20260924030545|925.39
1790190365|20260924030605|925.28
1790190380|20260924030620|925.30
1790190385|20260924030625|925.33
1790190400|20260924030640|925.31
1790190405|20260924030645|925.55
1790190410|20260924030650|925.59
1790190425|20260924030705|925.91
1790190430|20260924030710|925.72
1790190435|20260924030715|925.77
1790190440|20260924030720|925.78
1790190445|20260924030725|925.81
1790190455|20260924030735|926.10
1790190460|20260924030740|926.09
1790190465|20260924030745|926.18
1790190470|20260924030750|926.16
1790190475|20260924030755|926.07
1790190485|20260924030805|926.14
1790190495|20260924030815|926.18
1790190505|20260924030825|926.14
1790190510|20260924030830|926.19
1790190515|20260924030835|926.15
1790190520|20260924030840|926.20
1790190525|20260924030845|925.96
1790190530|20260924030850|925.98
1790190535|20260924030855|925.95
1790190545|20260924030905|925.92
1790190555|20260924030915|925.73
1790190560|20260924030920|925.73
1790190565|20260924030925|925.66
1790190605|20260924031005|925.53
1790190610|20260924031010|925.55
1790190615|20260924031015|925.52
1790190620|20260924031020|925.54
1790190625|20260924031025|925.53
1790190635|20260924031035|925.56
1790190640|20260924031040|925.48
1790190645|20260924031045|925.50
1790190650|20260924031050|925.48
1790190655|20260924031055|925.45
1790190665|20260924031105|925.45
1790190670|20260924031110|925.61
1790190680|20260924031120|925.50
1790190685|20260924031125|925.47
1790190700|20260924031140|925.54
1790190705|20260924031145|925.53
1790190710|20260924031150|925.59
1790190725|20260924031205|925.37
1790190735|20260924031215|925.47
1790190740|20260924031220|925.53
1790190745|20260924031225|925.49
1790190755|20260924031235|925.38
1790190760|20260924031240|925.33
1790190765|20260924031245|925.34
1790190770|20260924031250|925.14
1790190775|20260924031255|925.10
1790190785|20260924031305|924.99
1790190795|20260924031315|924.91
1790190805|20260924031325|924.79
1790190815|20260924031335|924.76
1790190825|20260924031345|924.74
1790190835|20260924031355|924.89
1790190850|20260924031410|924.88
1790190905|20260924031505|924.43
1790190910|20260924031510|924.52
1790190915|20260924031515|924.48
1790190920|20260924031520|924.52
1790190935|20260924031535|924.33
1790190940|20260924031540|924.36
1790190945|20260924031545|924.24
1790190965|20260924031605|924.24
1790190970|20260924031610|924.25
1790190980|20260924031620|924.21
1790190985|20260924031625|924.24
1790190995|20260924031635|924.17
1790191010|20260924031650|924.38
1790191025|20260924031705|924.48
1790191035|20260924031715|924.45
1790191040|20260924031720|924.47
1790191045|20260924031725|924.49
1790191060|20260924031740|924.42
1790191070|20260924031750|924.55
1790191075|20260924031755|924.53
1790191085|20260924031805|924.51
1790191090|20260924031810|924.57
1790191120|20260924031840|924.42
1790191125|20260924031845|924.48
1790191130|20260924031850|924.50
1790191135|20260924031855|924.55
1790191160|20260924031920|924.52
1790191205|20260924032005|924.31
1790191210|20260924032010|924.21
1790191215|20260924032015|924.38
1790191220|20260924032020|924.36
1790191225|20260924032025|924.36
1790191240|20260924032040|924.29
1790191255|20260924032055|924.33
1790191270|20260924032110|924.28
1790191275|20260924032115|924.25
1790191280|20260924032120|924.27
1790191285|20260924032125|924.22
1790191295|20260924032135|924.23
1790191310|20260924032150|924.23
1790191315|20260924032155|924.24
1790191325|20260924032205|924.23
1790191330|20260924032210|924.22
1790191335|20260924032215|924.23
1790191340|20260924032220|924.16
1790191345|20260924032225|924.24
1790191355|20260924032235|924.24
1790191370|20260924032250|924.30
1790191375|20260924032255|924.29
1790191385|20260924032305|924.33
1790191390|20260924032310|924.29
1790191395|20260924032315|924.23
1790191400|20260924032320|924.22
1790191420|20260924032340|924.51
1790191430|20260924032350|924.45
1790191435|20260924032355|924.49
1790191450|20260924032410|924.59
1790191455|20260924032415|924.54
1790191465|20260924032425|924.58
1790191505|20260924032505|924.66
1790191510|20260924032510|924.73
1790191515|20260924032515|924.72
1790191520|20260924032520|924.74
1790191535|20260924032535|924.72
1790191540|20260924032540|924.67
1790191550|20260924032550|924.65
1790191555|20260924032555|924.64
1790191565|20260924032605|924.54
1790191570|20260924032610|924.58
1790191575|20260924032615|924.61
1790191580|20260924032620|924.61
1790191585|20260924032625|924.66
1790191595|20260924032635|924.66
1790191600|20260924032640|924.52
1790191605|20260924032645|924.43
1790191610|20260924032650|924.46
1790191625|20260924032705|924.38
1790191630|20260924032710|924.45
1790191635|20260924032715|924.41
1790191640|20260924032720|924.43
1790191645|20260924032725|924.47
1790191655|20260924032735|924.58
1790191665|20260924032745|924.58
1790191670|20260924032750|924.78
1790191685|20260924032805|924.74
1790191690|20260924032810|924.70
1790191695|20260924032815|924.77
1790191700|20260924032820|924.77
1790191705|20260924032825|924.80
1790191715|20260924032835|924.81
1790191720|20260924032840|924.87
1790191730|20260924032850|924.83
1790191735|20260924032855|924.89
1790191745|20260924032905|924.89
1790191750|20260924032910|924.90
1790191755|20260924032915|924.87
1790191760|20260924032920|924.91
1790191765|20260924032925|924.93
1790191800|20260924033000|924.87
1790191805|20260924033005|924.79
1790191810|20260924033010|924.80
1790191815|20260924033015|924.70
1790191820|20260924033020|924.72
1790191825|20260924033025|924.81
1790191835|20260924033035|924.81
1790191845|20260924033045|924.82
1790191850|20260924033050|924.80
1790191855|20260924033055|924.78
1790191865|20260924033105|924.83
1790191875|20260924033115|924.80
1790191880|20260924033120|924.73
1790191885|20260924033125|924.63
1790191895|20260924033135|924.56
1790191905|20260924033145|924.47
1790191910|20260924033150|924.49
1790191915|20260924033155|924.53
1790191925|20260924033205|924.31
1790191930|20260924033210|924.31
1790191945|20260924033225|924.37
1790191960|20260924033240|924.23
1790191965|20260924033245|924.29
1790191970|20260924033250|924.38
1790191975|20260924033255|924.35
1790191985|20260924033305|924.38
1790191990|20260924033310|924.36
1790191995|20260924033315|924.37
1790192005|20260924033325|924.46
1790192015|20260924033335|924.49
1790192020|20260924033340|924.45
1790192025|20260924033345|924.45
1790192045|20260924033405|924.55
1790192050|20260924033410|924.54
1790192055|20260924033415|924.56
1790192060|20260924033420|924.54
1790192065|20260924033425|924.58
1790192105|20260924033505|924.61
1790192110|20260924033510|924.62
1790192115|20260924033515|924.61
1790192120|20260924033520|924.63
1790192125|20260924033525|924.61
1790192135|20260924033535|924.67
1790192140|20260924033540|924.67
1790192150|20260924033550|924.62
1790192155|20260924033555|924.46
1790192165|20260924033605|924.45
1790192170|20260924033610|924.51
1790192175|20260924033615|924.48
1790192180|20260924033620|924.54
1790192195|20260924033635|924.51
1790192200|20260924033640|924.37
1790192210|20260924033650|924.31
1790192215|20260924033655|924.26
1790192225|20260924033705|924.22
1790192230|20260924033710|924.21
1790192235|20260924033715|924.21
1790192240|20260924033720|924.16
1790192245|20260924033725|924.12
1790192260|20260924033740|924.18
1790192265|20260924033745|924.18
1790192270|20260924033750|924.13
1790192275|20260924033755|924.04
1790192285|20260924033805|923.77
1790192290|20260924033810|923.77
1790192295|20260924033815|923.78
1790192300|20260924033820|923.72
1790192305|20260924033825|923.78
1790192315|20260924033835|923.75
1790192330|20260924033850|923.91
1790192335|20260924033855|923.83
1790192345|20260924033905|923.84
1790192350|20260924033910|923.91
1790192355|20260924033915|923.93
1790192360|20260924033920|923.90
1790192365|20260924033925|923.85
1790192405|20260924034005|923.87
1790192410|20260924034010|924.00
1790192415|20260924034015|924.04
1790192420|20260924034020|924.09
1790192425|20260924034025|924.12
1790192440|20260924034040|924.25
1790192450|20260924034050|924.32
1790192455|20260924034055|924.31
1790192480|20260924034120|924.36
1790192485|20260924034125|924.35
1790192505|20260924034145|924.35
1790192510|20260924034150|924.36
1790192515|20260924034155|924.36
1790192525|20260924034205|924.17
1790192530|20260924034210|924.20
1790192535|20260924034215|924.05
1790192545|20260924034225|924.26
1790192555|20260924034235|924.29
1790192565|20260924034245|924.12
1790192575|20260924034255|924.09
1790192585|20260924034305|924.00
1790192590|20260924034310|923.99
1790192595|20260924034315|923.95
1790192600|20260924034320|924.07
1790192605|20260924034325|924.08
1790192615|20260924034335|924.05
1790192625|20260924034345|924.06
1790192630|20260924034350|924.05
1790192635|20260924034355|924.10
1790192650|20260924034410|923.94
1790192665|20260924034425|923.87
1790192705|20260924034505|923.95
1790192710|20260924034510|924.17
1790192715|20260924034515|924.31
1790192720|20260924034520|924.31
1790192725|20260924034525|924.29
1790192740|20260924034540|924.09
1790192745|20260924034545|924.16
1790192750|20260924034550|924.20
1790192755|20260924034555|924.21
1790192770|20260924034610|924.28
1790192780|20260924034620|924.24
1790192785|20260924034625|924.28
1790192800|20260924034640|924.37
1790192805|20260924034645|924.46
1790192810|20260924034650|924.58
1790192825|20260924034705|924.63
1790192835|20260924034715|924.77
1790192840|20260924034720|924.78
1790192845|20260924034725|924.82
1790192855|20260924034735|924.80
1790192865|20260924034745|924.63
1790192870|20260924034750|924.59
1790192875|20260924034755|924.59
1790192895|20260924034815|924.76
1790192905|20260924034825|924.72
1790192915|20260924034835|924.67
1790192920|20260924034840|924.63
1790192925|20260924034845|924.65
1790192930|20260924034850|924.62
1790192950|20260924034910|924.76
1790192960|20260924034920|924.80
1790193000|20260924035000|924.86
1790193010|20260924035010|924.84
1790193015|20260924035015|924.84
1790193020|20260924035020|924.92
1790193025|20260924035025|924.86
1790193035|20260924035035|924.79
1790193040|20260924035040|924.83
1790193055|20260924035055|924.59
1790193065|20260924035105|924.78
1790193070|20260924035110|924.84
1790193075|20260924035115|924.80
1790193085|20260924035125|924.73
1790193100|20260924035140|924.84
1790193110|20260924035150|924.88
1790193115|20260924035155|924.89
1790193125|20260924035205|924.93
1790193135|20260924035215|924.93
1790193140|20260924035220|924.94
1790193155|20260924035235|924.86
1790193160|20260924035240|924.87
1790193165|20260924035245|924.76
1790193170|20260924035250|924.56
1790193175|20260924035255|924.57
1790193185|20260924035305|924.44
1790193195|20260924035315|924.51
1790193200|20260924035320|924.54
1790193220|20260924035340|924.51
1790193225|20260924035345|924.47
1790193245|20260924035405|924.39
1790193250|20260924035410|924.45
1790193255|20260924035415|924.45
1790193260|20260924035420|924.41
1790193265|20260924035425|924.42
1790193290|20260924035450|924.38
1790193305|20260924035505|924.15
1790193315|20260924035515|924.10
1790193320|20260924035520|924.08
1790193325|20260924035525|924.06
1790193335|20260924035535|924.12
1790193340|20260924035540|924.22
1790193350|20260924035550|924.37
1790193355|20260924035555|924.28
1790193370|20260924035610|924.19
1790193375|20260924035615|924.19
1790193380|20260924035620|924.18
1790193395|20260924035635|924.25
1790193400|20260924035640|924.17
1790193405|20260924035645|924.18
1790193410|20260924035650|924.18
1790193415|20260924035655|924.17
1790193435|20260924035715|924.16
1790193440|20260924035720|924.14
1790193455|20260924035735|923.95
1790193465|20260924035745|924.07
1790193470|20260924035750|924.14
1790193490|20260924035810|924.25
1790193505|20260924035825|924.27
1790193520|20260924035840|924.27
1790193525|20260924035845|924.27
1790193530|20260924035850|924.24
1790193535|20260924035855|924.20
1790193545|20260924035905|924.17
1790193550|20260924035910|924.12
1790193555|20260924035915|924.14
1790193560|20260924035920|924.17
1790193565|20260924035925|924.13
1790193600|20260924040000|924.47
1790193605|20260924040005|924.42
1790193610|20260924040010|924.27
1790193620|20260924040020|924.44
1790193625|20260924040025|924.41
1790193635|20260924040035|924.38
1790193645|20260924040045|924.34
1790193680|20260924040120|924.38
1790193695|20260924040135|924.29
1790193700|20260924040140|924.33
1790193705|20260924040145|924.40
1790193710|20260924040150|924.39
1790193715|20260924040155|924.37
1790193725|20260924040205|924.53
1790193730|20260924040210|924.50
1790193735|20260924040215|924.50
1790193740|20260924040220|924.51
1790193745|20260924040225|924.52
1790193755|20260924040235|924.62
1790193765|20260924040245|924.58
1790193775|20260924040255|924.57
1790193785|20260924040305|924.52
1790193795|20260924040315|924.62
1790193800|20260924040320|924.62
1790193805|20260924040325|924.62
1790193815|20260924040335|924.52
1790193820|20260924040340|924.50
1790193825|20260924040345|924.52
1790193830|20260924040350|924.53
1790193850|20260924040410|924.59
1790193855|20260924040415|924.61
1790193860|20260924040420|924.62
1790193865|20260924040425|924.57
1790193900|20260924040500|924.46
1790193905|20260924040505|924.51
1790193910|20260924040510|924.52
1790193915|20260924040515|924.53
1790193925|20260924040525|924.82
1790193935|20260924040535|924.78
1790193940|20260924040540|924.80
1790193945|20260924040545|924.77
1790193955|20260924040555|924.76
1790193965|20260924040605|924.84
1790193970|20260924040610|924.89
1790193985|20260924040625|924.99
1790193995|20260924040635|925.09
1790194000|20260924040640|925.03
1790194005|20260924040645|925.01
1790194010|20260924040650|925.01
1790194015|20260924040655|925.06
1790194025|20260924040705|925.05
1790194030|20260924040710|924.98
1790194035|20260924040715|924.97
1790194040|20260924040720|924.98
1790194045|20260924040725|925.06
1790194055|20260924040735|925.03
1790194060|20260924040740|925.03
1790194065|20260924040745|925.02
1790194075|20260924040755|924.96
1790194085|20260924040805|924.97
1790194090|20260924040810|924.94
1790194095|20260924040815|924.88
1790194100|20260924040820|924.87
1790194105|20260924040825|924.89
1790194115|20260924040835|924.85
1790194120|20260924040840|924.85
1790194125|20260924040845|924.85
1790194130|20260924040850|924.80
1790194135|20260924040855|924.81
1790194145|20260924040905|924.89
1790194155|20260924040915|924.90
1790194165|20260924040925|924.95
1790194210|20260924041010|924.95
1790194215|20260924041015|924.90
1790194220|20260924041020|924.90
1790194235|20260924041035|924.90
1790194245|20260924041045|924.77
1790194250|20260924041050|924.77
1790194255|20260924041055|924.76
1790194265|20260924041105|924.70
1790194270|20260924041110|924.72
1790194275|20260924041115|924.70
1790194280|20260924041120|924.70
1790194300|20260924041140|924.63
1790194325|20260924041205|924.55
1790194335|20260924041215|924.54
1790194340|20260924041220|924.59
1790194355|20260924041235|924.57
1790194360|20260924041240|924.57
1790194370|20260924041250|924.61
1790194385|20260924041305|924.59
1790194390|20260924041310|924.57
1790194405|20260924041325|924.57
1790194420|20260924041340|924.63
1790194425|20260924041345|924.63
1790194430|20260924041350|924.63
1790194435|20260924041355|924.64
1790194445|20260924041405|924.66
1790194450|20260924041410|924.69
1790194455|20260924041415|924.65
1790194460|20260924041420|924.67
1790194505|20260924041505|924.47
1790194515|20260924041515|924.52
1790194545|20260924041545|924.58
1790194555|20260924041555|924.47
1790194565|20260924041605|924.54
1790194570|20260924041610|924.56
1790194575|20260924041615|924.52
1790194580|20260924041620|924.56
1790194585|20260924041625|924.54
1790194595|20260924041635|924.58
1790194615|20260924041655|924.65
1790194625|20260924041705|924.68
1790194630|20260924041710|924.59
1790194640|20260924041720|924.61
1790194645|20260924041725|924.60
1790194670|20260924041750|924.63
1790194695|20260924041815|924.69
1790194700|20260924041820|924.68
1790194705|20260924041825|924.71
1790194725|20260924041845|924.63
1790194730|20260924041850|924.64
1790194735|20260924041855|924.56
1790194760|20260924041920|924.44
1790194765|20260924041925|924.45
1790194820|20260924042020|924.25
1790194825|20260924042025|924.23
1790194835|20260924042035|924.24
1790194840|20260924042040|924.24
1790194845|20260924042045|924.28
1790194850|20260924042050|924.32
1790194855|20260924042055|924.31
1790194865|20260924042105|924.09
1790194880|20260924042120|924.08
1790194885|20260924042125|924.10
1790194895|20260924042135|924.04
1790194910|20260924042150|924.07
1790194915|20260924042155|924.16
1790194925|20260924042205|924.18
1790194935|20260924042215|924.23
1790194940|20260924042220|924.23
1790194945|20260924042225|924.25
1790194960|20260924042240|924.31
1790194975|20260924042255|924.24
1790194990|20260924042310|924.28
1790194995|20260924042315|924.29
1790195000|20260924042320|924.27
1790195005|20260924042325|924.29
1790195015|20260924042335|924.30
1790195020|20260924042340|924.33
1790195025|20260924042345|924.35
1790195030|20260924042350|924.31
1790195035|20260924042355|924.32
1790195045|20260924042405|924.32
1790195050|20260924042410|924.39
1790195055|20260924042415|924.38
1790195060|20260924042420|924.36
1790195105|20260924042505|924.29
1790195110|20260924042510|924.37
1790195115|20260924042515|924.38
1790195125|20260924042525|924.41
1790195135|20260924042535|924.38
1790195140|20260924042540|924.37
1790195145|20260924042545|924.31
1790195165|20260924042605|924.33
1790195170|20260924042610|924.32
1790195175|20260924042615|924.31
1790195180|20260924042620|924.28
1790195185|20260924042625|924.26
1790195195|20260924042635|924.33
1790195200|20260924042640|924.37
1790195205|20260924042645|924.40
1790195210|20260924042650|924.31
1790195215|20260924042655|924.31
1790195235|20260924042715|924.35
1790195240|20260924042720|924.34
1790195255|20260924042735|924.32
1790195265|20260924042745|924.29
1790195290|20260924042810|924.32
1790195295|20260924042815|924.32
1790195300|20260924042820|924.39
1790195305|20260924042825|924.36
1790195320|20260924042840|924.43
1790195330|20260924042850|924.37
1790195335|20260924042855|924.39
1790195345|20260924042905|924.35
1790195355|20260924042915|924.39
1790195365|20260924042925|924.41
1790195390|20260924042950|924.56
1790195405|20260924043005|924.64
1790195410|20260924043010|924.63
1790195469|20260924043109|924.72
