1786982405|20260818000005|959.49
1786982410|20260818000010|959.50
1786982415|20260818000015|959.51
1786982420|20260818000020|959.51
1786982425|20260818000025|959.57
1786982435|20260818000035|959.43
1786982440|20260818000040|959.42
1786982455|20260818000055|959.35
1786982465|20260818000105|959.40
1786982480|20260818000120|959.59
1786982485|20260818000125|959.62
1786982495|20260818000135|959.38
1786982500|20260818000140|959.30
1786982505|20260818000145|959.30
1786982510|20260818000150|959.10
1786982515|20260818000155|959.05
1786982520|20260818000200|959.13
1786982525|20260818000205|959.07
1786982530|20260818000210|959.10
1786982535|20260818000215|959.08
1786982540|20260818000220|959.03
1786982545|20260818000225|958.98
1786982555|20260818000235|959.03
1786982560|20260818000240|959.03
1786982565|20260818000245|958.95
1786982570|20260818000250|959.15
1786982575|20260818000255|959.10
1786982580|20260818000300|958.97
1786982585|20260818000305|958.97
1786982595|20260818000315|958.98
1786982600|20260818000320|958.96
1786982605|20260818000325|958.94
1786982615|20260818000335|959.03
1786982620|20260818000340|958.96
1786982625|20260818000345|958.98
1786982630|20260818000350|958.82
1786982635|20260818000355|958.86
1786982640|20260818000400|958.93
1786982645|20260818000405|958.98
1786982650|20260818000410|958.95
1786982655|20260818000415|958.94
1786982660|20260818000420|959.06
1786982685|20260818000445|959.09
1786982690|20260818000450|959.08
1786982700|20260818000500|959.07
1786982705|20260818000505|959.05
1786982710|20260818000510|959.05
1786982715|20260818000515|958.96
1786982720|20260818000520|959.01
1786982725|20260818000525|959.00
1786982735|20260818000535|958.95
1786982740|20260818000540|959.00
1786982745|20260818000545|959.00
1786982750|20260818000550|958.93
1786982755|20260818000555|958.98
1786982770|20260818000610|958.98
1786982775|20260818000615|959.14
1786982780|20260818000620|959.05
1786982785|20260818000625|958.99
1786982795|20260818000635|959.06
1786982800|20260818000640|959.06
1786982805|20260818000645|959.05
1786982810|20260818000650|958.96
1786982820|20260818000700|958.82
1786982825|20260818000705|958.82
1786982830|20260818000710|958.93
1786982835|20260818000715|958.96
1786982840|20260818000720|958.97
1786982845|20260818000725|958.96
1786982855|20260818000735|958.90
1786982860|20260818000740|959.07
1786982865|20260818000745|959.04
1786982870|20260818000750|959.10
1786982875|20260818000755|959.15
1786982885|20260818000805|959.17
1786982890|20260818000810|959.19
1786982895|20260818000815|959.31
1786982900|20260818000820|959.32
1786982905|20260818000825|959.49
1786982915|20260818000835|959.48
1786982920|20260818000840|959.52
1786982925|20260818000845|959.52
1786982930|20260818000850|959.52
1786982935|20260818000855|959.51
1786982940|20260818000900|959.41
1786982945|20260818000905|959.49
1786982950|20260818000910|959.58
1786982955|20260818000915|959.64
1786982960|20260818000920|959.64
1786982965|20260818000925|959.57
1786983000|20260818001000|959.56
1786983005|20260818001005|959.52
1786983010|20260818001010|959.43
1786983020|20260818001020|959.35
1786983025|20260818001025|959.82
1786983035|20260818001035|959.42
1786983040|20260818001040|959.46
1786983055|20260818001055|959.46
1786983075|20260818001115|959.51
1786983080|20260818001120|959.50
1786983085|20260818001125|959.47
1786983100|20260818001140|959.39
1786983105|20260818001145|959.48
1786983110|20260818001150|959.45
1786983115|20260818001155|959.47
1786983135|20260818001215|959.38
1786983140|20260818001220|959.36
1786983155|20260818001235|959.26
1786983160|20260818001240|959.27
1786983175|20260818001255|959.21
1786983190|20260818001310|959.25
1786983220|20260818001340|959.22
1786983225|20260818001345|959.26
1786983245|20260818001405|959.31
1786983250|20260818001410|959.37
1786983265|20260818001425|959.35
1786983300|20260818001500|959.24
1786983305|20260818001505|959.19
1786983310|20260818001510|959.28
1786983315|20260818001515|959.29
1786983320|20260818001520|959.30
1786983325|20260818001525|959.37
1786983335|20260818001535|959.20
1786983340|20260818001540|959.21
1786983345|20260818001545|959.22
1786983355|20260818001555|959.32
1786983365|20260818001605|959.48
1786983370|20260818001610|959.47
1786983375|20260818001615|959.48
1786983380|20260818001620|959.36
1786983385|20260818001625|959.40
1786983395|20260818001635|959.39
1786983405|20260818001645|959.45
1786983410|20260818001650|959.45
1786983415|20260818001655|959.40
1786983425|20260818001705|959.39
1786983430|20260818001710|959.35
1786983435|20260818001715|959.38
1786983440|20260818001720|959.36
1786983445|20260818001725|959.35
1786983455|20260818001735|959.35
1786983460|20260818001740|959.33
1786983470|20260818001750|959.18
1786983475|20260818001755|959.14
1786983490|20260818001810|959.17
1786983505|20260818001825|959.24
1786983515|20260818001835|959.14
1786983520|20260818001840|959.21
1786983525|20260818001845|959.16
1786983530|20260818001850|959.09
1786983535|20260818001855|959.11
1786983545|20260818001905|959.14
1786983560|20260818001920|959.18
1786983565|20260818001925|959.16
1786983600|20260818002000|959.10
1786983605|20260818002005|959.04
1786983615|20260818002015|959.01
1786983620|20260818002020|958.92
1786983625|20260818002025|958.97
1786983635|20260818002035|958.95
1786983640|20260818002040|958.99
1786983645|20260818002045|959.02
1786983650|20260818002050|959.26
1786983655|20260818002055|959.29
1786983665|20260818002105|959.22
1786983670|20260818002110|959.21
1786983680|20260818002120|959.28
1786983685|20260818002125|959.18
1786983700|20260818002140|959.47
1786983705|20260818002145|959.50
1786983710|20260818002150|959.48
1786983715|20260818002155|959.48
1786983730|20260818002210|959.48
1786983735|20260818002215|959.47
1786983745|20260818002225|959.49
1786983755|20260818002235|959.43
1786983765|20260818002245|959.43
1786983775|20260818002255|959.46
1786983785|20260818002305|959.34
1786983790|20260818002310|959.38
1786983795|20260818002315|959.31
1786983800|20260818002320|959.35
1786983805|20260818002325|959.30
1786983815|20260818002335|959.37
1786983825|20260818002345|959.18
1786983830|20260818002350|959.13
1786983835|20260818002355|959.13
1786983845|20260818002405|959.05
1786983860|20260818002420|959.05
1786983865|20260818002425|959.06
1786983895|20260818002455|959.00
1786983900|20260818002500|958.99
1786983905|20260818002505|958.99
1786983910|20260818002510|959.02
1786983915|20260818002515|958.87
1786983920|20260818002520|958.88
1786983925|20260818002525|958.90
1786983935|20260818002535|958.83
1786983940|20260818002540|958.83
1786983945|20260818002545|958.87
1786983965|20260818002605|958.75
1786983975|20260818002615|958.78
1786983980|20260818002620|958.78
1786983985|20260818002625|958.89
1786983995|20260818002635|958.85
1786984000|20260818002640|958.90
1786984005|20260818002645|958.87
1786984010|20260818002650|958.83
1786984015|20260818002655|958.76
1786984020|20260818002700|958.77
1786984025|20260818002705|958.79
1786984030|20260818002710|958.76
1786984035|20260818002715|958.74
1786984040|20260818002720|958.74
1786984045|20260818002725|958.53
1786984055|20260818002735|958.65
1786984060|20260818002740|958.72
1786984065|20260818002745|958.72
1786984070|20260818002750|958.71
1786984075|20260818002755|958.63
1786984080|20260818002800|958.61
1786984085|20260818002805|958.69
1786984090|20260818002810|958.69
1786984095|20260818002815|958.71
1786984100|20260818002820|958.69
1786984105|20260818002825|958.70
1786984115|20260818002835|958.72
1786984125|20260818002845|958.64
1786984130|20260818002850|958.62
1786984135|20260818002855|958.65
1786984140|20260818002900|958.65
1786984145|20260818002905|958.69
1786984150|20260818002910|958.68
1786984155|20260818002915|958.67
1786984160|20260818002920|958.71
1786984165|20260818002925|958.78
1786984200|20260818003000|958.96
1786984205|20260818003005|958.95
1786984210|20260818003010|959.01
1786984215|20260818003015|958.96
1786984220|20260818003020|958.89
1786984225|20260818003025|958.86
1786984235|20260818003035|958.79
1786984240|20260818003040|958.76
1786984245|20260818003045|958.84
1786984250|20260818003050|958.88
1786984255|20260818003055|958.88
1786984265|20260818003105|959.01
1786984270|20260818003110|959.05
1786984275|20260818003115|958.96
1786984280|20260818003120|958.93
1786984285|20260818003125|958.90
1786984295|20260818003135|958.99
1786984300|20260818003140|958.93
1786984305|20260818003145|958.94
1786984310|20260818003150|958.93
1786984315|20260818003155|958.97
1786984325|20260818003205|958.88
1786984330|20260818003210|958.88
1786984335|20260818003215|958.89
1786984340|20260818003220|958.90
1786984345|20260818003225|958.61
1786984355|20260818003235|958.58
1786984360|20260818003240|958.57
1786984365|20260818003245|958.57
1786984375|20260818003255|958.55
1786984380|20260818003300|958.52
1786984385|20260818003305|958.55
1786984390|20260818003310|958.57
1786984395|20260818003315|958.60
1786984400|20260818003320|958.62
1786984405|20260818003325|958.62
1786984415|20260818003335|958.58
1786984420|20260818003340|958.69
1786984425|20260818003345|958.69
1786984430|20260818003350|958.68
1786984435|20260818003355|958.73
1786984445|20260818003405|958.72
1786984450|20260818003410|958.73
1786984455|20260818003415|958.82
1786984460|20260818003420|958.79
1786984465|20260818003425|958.81
1786984500|20260818003500|958.78
1786984505|20260818003505|958.73
1786984510|20260818003510|958.72
1786984520|20260818003520|958.71
1786984525|20260818003525|958.74
1786984540|20260818003540|958.70
1786984545|20260818003545|958.73
1786984550|20260818003550|958.72
1786984555|20260818003555|958.77
1786984580|20260818003620|958.87
1786984585|20260818003625|958.93
1786984595|20260818003635|958.98
1786984600|20260818003640|958.98
1786984605|20260818003645|959.02
1786984610|20260818003650|959.05
1786984615|20260818003655|959.06
1786984625|20260818003705|959.14
1786984630|20260818003710|959.17
1786984635|20260818003715|959.09
1786984640|20260818003720|959.09
1786984645|20260818003725|959.08
1786984655|20260818003735|959.09
1786984665|20260818003745|959.19
1786984670|20260818003750|959.22
1786984685|20260818003805|959.29
1786984690|20260818003810|959.22
1786984695|20260818003815|959.25
1786984705|20260818003825|959.20
1786984715|20260818003835|959.37
1786984720|20260818003840|959.29
1786984725|20260818003845|959.38
1786984730|20260818003850|959.23
1786984735|20260818003855|959.27
1786984755|20260818003915|959.34
1786984760|20260818003920|959.31
1786984765|20260818003925|959.31
1786984800|20260818004000|959.32
1786984805|20260818004005|959.30
1786984810|20260818004010|959.33
1786984820|20260818004020|959.35
1786984825|20260818004025|959.32
1786984835|20260818004035|959.34
1786984840|20260818004040|959.28
1786984845|20260818004045|959.12
1786984850|20260818004050|959.12
1786984855|20260818004055|959.30
1786984865|20260818004105|959.31
1786984870|20260818004110|959.35
1786984875|20260818004115|959.27
1786984880|20260818004120|959.29
1786984885|20260818004125|959.28
1786984895|20260818004135|959.27
1786984900|20260818004140|959.29
1786984910|20260818004150|959.23
1786984915|20260818004155|959.26
1786984930|20260818004210|959.12
1786984935|20260818004215|959.13
1786984940|20260818004220|959.10
1786984945|20260818004225|959.01
1786984960|20260818004240|959.09
1786984965|20260818004245|959.09
1786984970|20260818004250|959.12
1786984975|20260818004255|959.12
1786984990|20260818004310|959.25
1786985005|20260818004325|959.16
1786985015|20260818004335|959.13
1786985020|20260818004340|959.11
1786985030|20260818004350|959.20
1786985035|20260818004355|959.20
1786985045|20260818004405|959.11
1786985050|20260818004410|959.05
1786985055|20260818004415|959.06
1786985060|20260818004420|959.05
1786985065|20260818004425|959.09
1786985100|20260818004500|958.90
1786985105|20260818004505|958.91
1786985110|20260818004510|958.87
1786985115|20260818004515|958.83
1786985120|20260818004520|958.84
1786985125|20260818004525|958.91
1786985135|20260818004535|958.91
1786985140|20260818004540|958.89
1786985145|20260818004545|958.90
1786985150|20260818004550|958.77
1786985155|20260818004555|958.76
1786985160|20260818004600|958.66
1786985170|20260818004610|958.65
1786985175|20260818004615|958.63
1786985180|20260818004620|958.63
1786985185|20260818004625|958.67
1786985195|20260818004635|958.72
1786985200|20260818004640|958.70
1786985205|20260818004645|958.73
1786985210|20260818004650|958.72
1786985215|20260818004655|958.65
1786985220|20260818004700|958.71
1786985225|20260818004705|958.66
1786985230|20260818004710|958.72
1786985235|20260818004715|958.63
1786985245|20260818004725|958.64
1786985255|20260818004735|958.69
1786985265|20260818004745|958.66
1786985275|20260818004755|958.62
1786985285|20260818004805|958.64
1786985290|20260818004810|958.60
1786985295|20260818004815|958.65
1786985300|20260818004820|958.68
1786985305|20260818004825|958.72
1786985310|20260818004830|958.73
1786985315|20260818004835|958.84
1786985320|20260818004840|958.82
1786985330|20260818004850|958.76
1786985335|20260818004855|958.69
1786985340|20260818004900|958.47
1786985345|20260818004905|958.49
1786985350|20260818004910|958.52
1786985355|20260818004915|958.48
1786985360|20260818004920|958.55
1786985365|20260818004925|958.52
1786985370|20260818004930|958.51
1786985395|20260818004955|958.83
1786985400|20260818005000|958.83
1786985405|20260818005005|958.79
1786985410|20260818005010|958.85
1786985415|20260818005015|958.91
1786985420|20260818005020|958.94
1786985425|20260818005025|959.03
1786985435|20260818005035|959.07
1786985440|20260818005040|958.95
1786985445|20260818005045|958.96
1786985450|20260818005050|958.98
1786985455|20260818005055|958.96
1786985465|20260818005105|959.06
1786985470|20260818005110|959.04
1786985475|20260818005115|959.06
1786985480|20260818005120|959.05
1786985495|20260818005135|959.07
1786985500|20260818005140|959.09
1786985510|20260818005150|959.05
1786985525|20260818005205|958.90
1786985535|20260818005215|958.73
1786985540|20260818005220|958.72
1786985545|20260818005225|958.67
1786985555|20260818005235|958.71
1786985560|20260818005240|958.73
1786985565|20260818005245|958.73
1786985570|20260818005250|958.62
1786985585|20260818005305|958.59
1786985590|20260818005310|958.51
1786985595|20260818005315|958.61
1786985600|20260818005320|958.61
1786985605|20260818005325|958.61
1786985615|20260818005335|958.56
1786985620|20260818005340|958.61
1786985625|20260818005345|958.60
1786985630|20260818005350|958.60
1786985645|20260818005405|958.58
1786985650|20260818005410|958.54
1786985655|20260818005415|958.56
1786985660|20260818005420|958.56
1786985665|20260818005425|958.59
1786985705|20260818005505|958.67
1786985710|20260818005510|958.67
1786985715|20260818005515|958.68
1786985720|20260818005520|958.76
1786985725|20260818005525|958.86
1786985735|20260818005535|958.95
1786985740|20260818005540|958.94
1786985745|20260818005545|959.05
1786985750|20260818005550|958.94
1786985755|20260818005555|958.95
1786985765|20260818005605|958.93
1786985770|20260818005610|958.97
1786985775|20260818005615|958.95
1786985780|20260818005620|958.97
1786985785|20260818005625|958.93
1786985795|20260818005635|958.94
1786985800|20260818005640|958.91
1786985805|20260818005645|958.89
1786985810|20260818005650|958.90
1786985815|20260818005655|958.94
1786985825|20260818005705|958.94
1786985830|20260818005710|958.99
1786985835|20260818005715|958.97
1786985840|20260818005720|959.03
1786985845|20260818005725|958.91
1786985855|20260818005735|958.93
1786985860|20260818005740|959.01
1786985865|20260818005745|959.01
1786985870|20260818005750|958.94
1786985875|20260818005755|958.84
1786985885|20260818005805|958.90
1786985890|20260818005810|958.87
1786985905|20260818005825|958.91
1786985915|20260818005835|958.98
1786985920|20260818005840|958.94
1786985925|20260818005845|958.95
1786985930|20260818005850|959.00
1786985935|20260818005855|959.00
1786985945|20260818005905|958.87
1786985950|20260818005910|958.91
1786985955|20260818005915|958.93
1786985960|20260818005920|958.89
1786985965|20260818005925|958.90
1786986000|20260818010000|958.80
1786986005|20260818010005|958.82
1786986010|20260818010010|958.78
1786986015|20260818010015|958.81
1786986020|20260818010020|958.81
1786986025|20260818010025|958.83
1786986035|20260818010035|958.83
1786986040|20260818010040|958.78
1786986045|20260818010045|958.85
1786986050|20260818010050|958.86
1786986055|20260818010055|958.86
1786986065|20260818010105|958.80
1786986070|20260818010110|958.78
1786986075|20260818010115|958.82
1786986080|20260818010120|958.85
1786986085|20260818010125|958.90
1786986095|20260818010135|958.98
1786986100|20260818010140|958.95
1786986105|20260818010145|958.92
1786986110|20260818010150|958.96
1786986115|20260818010155|959.00
1786986125|20260818010205|959.03
1786986130|20260818010210|959.01
1786986135|20260818010215|959.01
1786986140|20260818010220|958.98
1786986145|20260818010225|958.99
1786986155|20260818010235|959.03
1786986160|20260818010240|959.03
1786986170|20260818010250|959.04
1786986175|20260818010255|959.17
1786986185|20260818010305|959.18
1786986190|20260818010310|959.20
1786986200|20260818010320|959.18
1786986205|20260818010325|959.18
1786986215|20260818010335|959.10
1786986220|20260818010340|959.12
1786986230|20260818010350|959.06
1786986235|20260818010355|959.07
1786986240|20260818010400|958.99
1786986245|20260818010405|958.97
1786986250|20260818010410|959.02
1786986255|20260818010415|959.00
1786986260|20260818010420|959.04
1786986265|20260818010425|959.04
1786986300|20260818010500|958.89
1786986305|20260818010505|958.94
1786986310|20260818010510|958.88
1786986325|20260818010525|958.92
1786986335|20260818010535|958.77
1786986340|20260818010540|958.67
1786986345|20260818010545|958.53
1786986365|20260818010605|958.44
1786986370|20260818010610|958.44
1786986375|20260818010615|958.47
1786986380|20260818010620|958.46
1786986385|20260818010625|958.46
1786986395|20260818010635|958.42
1786986405|20260818010645|958.50
1786986410|20260818010650|958.53
1786986415|20260818010655|958.51
1786986425|20260818010705|958.30
1786986430|20260818010710|958.27
1786986435|20260818010715|958.34
1786986455|20260818010735|958.38
1786986485|20260818010805|958.27
1786986490|20260818010810|958.27
1786986500|20260818010820|958.24
1786986505|20260818010825|958.24
1786986515|20260818010835|958.24
1786986545|20260818010905|958.27
1786986550|20260818010910|958.30
1786986555|20260818010915|958.31
1786986560|20260818010920|958.30
1786986590|20260818010950|958.31
1786986600|20260818011000|958.39
1786986605|20260818011005|958.43
1786986615|20260818011015|958.40
1786986620|20260818011020|958.42
1786986625|20260818011025|958.40
1786986635|20260818011035|958.45
1786986640|20260818011040|958.49
1786986645|20260818011045|958.47
1786986650|20260818011050|958.52
1786986655|20260818011055|958.51
1786986665|20260818011105|958.47
1786986670|20260818011110|958.49
1786986675|20260818011115|958.48
1786986680|20260818011120|958.46
1786986685|20260818011125|958.47
1786986700|20260818011140|958.41
1786986705|20260818011145|958.42
1786986710|20260818011150|958.43
1786986715|20260818011155|958.41
1786986730|20260818011210|958.29
1786986735|20260818011215|958.30
1786986740|20260818011220|958.31
1786986745|20260818011225|958.38
1786986755|20260818011235|958.38
1786986760|20260818011240|958.38
1786986765|20260818011245|958.37
1786986770|20260818011250|958.38
1786986775|20260818011255|958.38
1786986785|20260818011305|958.40
1786986790|20260818011310|958.40
1786986795|20260818011315|958.39
1786986800|20260818011320|958.40
1786986820|20260818011340|958.35
1786986825|20260818011345|958.36
1786986830|20260818011350|958.28
1786986845|20260818011405|958.41
1786986850|20260818011410|958.40
1786986855|20260818011415|958.36
1786986860|20260818011420|958.38
1786986865|20260818011425|958.39
1786986905|20260818011505|958.58
1786986910|20260818011510|958.45
1786986915|20260818011515|958.48
1786986920|20260818011520|958.51
1786986925|20260818011525|958.51
1786986935|20260818011535|958.54
1786986940|20260818011540|958.53
1786986945|20260818011545|958.58
1786986955|20260818011555|958.55
1786986960|20260818011600|958.29
1786986965|20260818011605|958.21
1786986970|20260818011610|958.22
1786986975|20260818011615|958.09
1786986980|20260818011620|958.13
1786986985|20260818011625|958.15
1786986995|20260818011635|958.11
1786987000|20260818011640|958.13
1786987005|20260818011645|958.14
1786987010|20260818011650|958.13
1786987015|20260818011655|958.12
1786987025|20260818011705|958.15
1786987030|20260818011710|958.08
1786987035|20260818011715|958.09
1786987040|20260818011720|958.18
1786987045|20260818011725|958.13
1786987055|20260818011735|958.14
1786987060|20260818011740|958.14
1786987065|20260818011745|958.16
1786987070|20260818011750|958.14
1786987075|20260818011755|958.15
1786987085|20260818011805|958.05
1786987090|20260818011810|958.06
1786987095|20260818011815|958.08
1786987100|20260818011820|958.12
1786987105|20260818011825|958.24
1786987120|20260818011840|958.14
1786987125|20260818011845|957.98
1786987130|20260818011850|958.01
1786987135|20260818011855|958.08
1786987140|20260818011900|958.07
1786987145|20260818011905|958.12
1786987150|20260818011910|958.07
1786987155|20260818011915|958.05
1786987160|20260818011920|958.06
1786987165|20260818011925|957.97
1786987180|20260818011940|957.99
1786987200|20260818012000|957.70
1786987205|20260818012005|957.83
1786987210|20260818012010|957.81
1786987215|20260818012015|957.85
1786987220|20260818012020|957.79
1786987225|20260818012025|957.77
1786987235|20260818012035|957.71
1786987240|20260818012040|957.66
1786987245|20260818012045|957.62
1786987250|20260818012050|957.65
1786987255|20260818012055|957.64
1786987260|20260818012100|957.73
1786987265|20260818012105|957.77
1786987275|20260818012115|957.87
1786987280|20260818012120|957.86
1786987285|20260818012125|957.86
1786987295|20260818012135|957.96
1786987300|20260818012140|957.95
1786987305|20260818012145|957.92
1786987310|20260818012150|957.79
1786987315|20260818012155|957.79
1786987325|20260818012205|957.78
1786987330|20260818012210|957.72
1786987335|20260818012215|957.80
1786987340|20260818012220|957.78
1786987345|20260818012225|957.76
1786987355|20260818012235|957.71
1786987360|20260818012240|957.63
1786987370|20260818012250|957.86
1786987375|20260818012255|957.79
1786987385|20260818012305|957.74
1786987390|20260818012310|957.72
1786987395|20260818012315|957.62
1786987400|20260818012320|957.50
1786987405|20260818012325|957.51
1786987420|20260818012340|957.45
1786987425|20260818012345|957.49
1786987430|20260818012350|957.48
1786987445|20260818012405|957.21
1786987450|20260818012410|957.11
1786987455|20260818012415|957.07
1786987460|20260818012420|957.09
1786987465|20260818012425|957.06
1786987500|20260818012500|957.13
1786987505|20260818012505|957.17
1786987510|20260818012510|957.18
1786987515|20260818012515|957.21
1786987520|20260818012520|957.26
1786987525|20260818012525|957.31
1786987535|20260818012535|957.18
1786987540|20260818012540|957.17
1786987545|20260818012545|957.19
1786987555|20260818012555|957.24
1786987565|20260818012605|957.22
1786987570|20260818012610|957.29
1786987575|20260818012615|957.22
1786987580|20260818012620|957.25
1786987585|20260818012625|957.07
1786987595|20260818012635|956.62
1786987600|20260818012640|956.71
1786987605|20260818012645|956.69
1786987610|20260818012650|956.78
1786987615|20260818012655|956.81
1786987625|20260818012705|956.80
1786987630|20260818012710|956.80
1786987635|20260818012715|956.72
1786987640|20260818012720|956.66
1786987645|20260818012725|956.63
1786987655|20260818012735|956.59
1786987660|20260818012740|956.57
1786987665|20260818012745|956.58
1786987670|20260818012750|956.58
1786987675|20260818012755|956.59
1786987685|20260818012805|956.68
1786987695|20260818012815|956.65
1786987705|20260818012825|956.67
1786987715|20260818012835|956.71
1786987720|20260818012840|956.73
1786987725|20260818012845|956.67
1786987730|20260818012850|956.80
1786987735|20260818012855|956.76
1786987745|20260818012905|956.78
1786987750|20260818012910|957.05
1786987755|20260818012915|957.02
1786987760|20260818012920|957.09
1786987765|20260818012925|957.22
1786987780|20260818012940|957.11
1786987800|20260818013000|957.21
1786987805|20260818013005|957.19
1786987815|20260818013015|957.13
1786987820|20260818013020|957.09
1786987825|20260818013025|957.16
1786987835|20260818013035|957.14
1786987840|20260818013040|957.06
1786987855|20260818013055|957.02
1786987870|20260818013110|956.79
1786987875|20260818013115|956.77
1786987885|20260818013125|956.62
1786987895|20260818013135|956.66
1786987900|20260818013140|956.64
1786987905|20260818013145|956.68
1786987910|20260818013150|956.71
1786987915|20260818013155|956.66
1786987925|20260818013205|956.69
1786987930|20260818013210|956.77
1786987935|20260818013215|956.76
1786987940|20260818013220|956.78
1786987945|20260818013225|956.89
1786987955|20260818013235|956.98
1786987960|20260818013240|956.97
1786987965|20260818013245|957.09
1786987985|20260818013305|957.43
1786987990|20260818013310|957.22
1786987995|20260818013315|957.20
1786988000|20260818013320|957.18
1786988015|20260818013335|957.25
1786988020|20260818013340|957.28
1786988025|20260818013345|957.37
1786988030|20260818013350|957.40
1786988035|20260818013355|957.32
1786988045|20260818013405|957.34
1786988050|20260818013410|957.35
1786988055|20260818013415|957.34
1786988100|20260818013500|957.30
1786988105|20260818013505|957.30
1786988110|20260818013510|957.26
1786988115|20260818013515|957.25
1786988120|20260818013520|957.35
1786988125|20260818013525|957.30
1786988135|20260818013535|957.11
1786988140|20260818013540|957.08
1786988145|20260818013545|956.97
1786988150|20260818013550|956.97
1786988155|20260818013555|956.96
1786988165|20260818013605|956.99
1786988170|20260818013610|956.99
1786988175|20260818013615|956.97
1786988180|20260818013620|956.94
1786988195|20260818013635|957.08
1786988200|20260818013640|956.97
1786988205|20260818013645|956.95
1786988210|20260818013650|957.04
1786988215|20260818013655|957.13
1786988225|20260818013705|957.14
1786988240|20260818013720|957.00
1786988245|20260818013725|956.97
1786988255|20260818013735|956.96
1786988260|20260818013740|956.94
1786988265|20260818013745|956.93
1786988275|20260818013755|956.85
1786988285|20260818013805|956.92
1786988290|20260818013810|956.94
1786988295|20260818013815|956.92
1786988300|20260818013820|956.91
1786988305|20260818013825|956.85
1786988315|20260818013835|956.84
1786988320|20260818013840|956.89
1786988325|20260818013845|956.83
1786988330|20260818013850|956.74
1786988335|20260818013855|956.71
1786988345|20260818013905|956.80
1786988350|20260818013910|956.72
1786988355|20260818013915|956.65
1786988360|20260818013920|956.61
1786988365|20260818013925|956.48
1786988400|20260818014000|956.15
1786988405|20260818014005|956.16
1786988410|20260818014010|956.18
1786988415|20260818014015|956.21
1786988420|20260818014020|956.23
1786988425|20260818014025|956.21
1786988435|20260818014035|956.17
1786988445|20260818014045|956.18
1786988450|20260818014050|956.13
1786988455|20260818014055|956.15
1786988480|20260818014120|956.36
1786988495|20260818014135|956.27
1786988500|20260818014140|956.49
1786988510|20260818014150|956.46
1786988515|20260818014155|956.47
1786988525|20260818014205|956.41
1786988535|20260818014215|956.57
1786988540|20260818014220|956.53
1786988545|20260818014225|956.50
1786988565|20260818014245|956.55
1786988570|20260818014250|956.61
1786988575|20260818014255|956.79
1786988590|20260818014310|956.82
1786988605|20260818014325|956.93
1786988615|20260818014335|956.88
1786988620|20260818014340|956.89
1786988630|20260818014350|956.79
1786988635|20260818014355|956.86
1786988645|20260818014405|956.96
1786988650|20260818014410|956.93
1786988665|20260818014425|957.07
1786988700|20260818014500|957.29
1786988705|20260818014505|957.34
1786988710|20260818014510|957.49
1786988715|20260818014515|957.37
1786988720|20260818014520|957.43
1786988725|20260818014525|957.48
1786988735|20260818014535|957.39
1786988740|20260818014540|957.64
1786988745|20260818014545|957.56
1786988750|20260818014550|957.55
1786988755|20260818014555|957.58
1786988760|20260818014600|957.71
1786988765|20260818014605|957.80
1786988770|20260818014610|957.85
1786988775|20260818014615|957.94
1786988780|20260818014620|957.86
1786988795|20260818014635|957.66
1786988800|20260818014640|957.56
1786988805|20260818014645|957.48
1786988810|20260818014650|957.48
1786988815|20260818014655|957.47
1786988825|20260818014705|957.56
1786988830|20260818014710|957.53
1786988835|20260818014715|957.54
1786988840|20260818014720|957.52
1786988845|20260818014725|957.55
1786988855|20260818014735|957.57
1786988860|20260818014740|957.51
1786988865|20260818014745|957.54
1786988870|20260818014750|957.49
1786988875|20260818014755|957.48
1786988885|20260818014805|957.57
1786988890|20260818014810|957.63
1786988895|20260818014815|957.68
1786988900|20260818014820|957.71
1786988905|20260818014825|957.69
1786988915|20260818014835|957.64
1786988925|20260818014845|957.60
1786988930|20260818014850|957.57
1786988935|20260818014855|957.54
1786988945|20260818014905|957.55
1786988950|20260818014910|957.57
1786988955|20260818014915|957.57
1786988960|20260818014920|957.57
1786988965|20260818014925|957.57
1786989000|20260818015000|957.70
1786989005|20260818015005|957.70
1786989010|20260818015010|957.88
1786989015|20260818015015|957.84
1786989020|20260818015020|957.89
1786989025|20260818015025|957.84
1786989035|20260818015035|957.77
1786989040|20260818015040|957.85
1786989045|20260818015045|957.82
1786989050|20260818015050|957.80
1786989055|20260818015055|957.87
1786989065|20260818015105|957.89
1786989070|20260818015110|957.91
1786989075|20260818015115|957.92
1786989080|20260818015120|957.93
1786989085|20260818015125|957.90
1786989095|20260818015135|957.79
1786989100|20260818015140|957.57
1786989105|20260818015145|957.63
1786989115|20260818015155|957.60
1786989125|20260818015205|957.53
1786989130|20260818015210|957.51
1786989135|20260818015215|957.51
1786989140|20260818015220|957.51
1786989145|20260818015225|957.53
1786989155|20260818015235|957.52
1786989160|20260818015240|957.52
1786989165|20260818015245|957.52
1786989175|20260818015255|957.45
1786989185|20260818015305|957.45
1786989190|20260818015310|957.45
1786989195|20260818015315|957.46
1786989200|20260818015320|957.55
1786989205|20260818015325|957.51
1786989215|20260818015335|957.48
1786989220|20260818015340|957.44
1786989225|20260818015345|957.50
1786989235|20260818015355|957.49
1786989250|20260818015410|957.50
1786989260|20260818015420|957.57
1786989300|20260818015500|957.40
1786989305|20260818015505|957.30
1786989310|20260818015510|957.36
1786989315|20260818015515|957.41
1786989320|20260818015520|957.37
1786989325|20260818015525|957.36
1786989335|20260818015535|957.40
1786989340|20260818015540|957.40
1786989345|20260818015545|957.41
1786989350|20260818015550|957.38
1786989355|20260818015555|957.37
1786989365|20260818015605|957.27
1786989370|20260818015610|957.26
1786989375|20260818015615|957.14
1786989380|20260818015620|957.09
1786989395|20260818015635|957.13
1786989400|20260818015640|957.14
1786989405|20260818015645|957.04
1786989410|20260818015650|956.99
1786989415|20260818015655|956.97
1786989435|20260818015715|956.71
1786989440|20260818015720|956.72
1786989460|20260818015740|956.85
1786989465|20260818015745|956.70
1786989470|20260818015750|956.63
1786989480|20260818015800|956.62
1786989485|20260818015805|956.63
1786989490|20260818015810|956.63
1786989495|20260818015815|956.60
1786989500|20260818015820|956.58
1786989515|20260818015835|956.61
1786989520|20260818015840|956.70
1786989525|20260818015845|956.73
1786989530|20260818015850|956.69
1786989535|20260818015855|956.65
1786989545|20260818015905|956.50
1786989550|20260818015910|956.49
1786989555|20260818015915|956.44
1786989560|20260818015920|956.46
1786989580|20260818015940|956.50
1786989600|20260818020000|956.52
1786989605|20260818020005|956.53
1786989610|20260818020010|956.65
1786989615|20260818020015|956.53
1786989620|20260818020020|956.53
1786989625|20260818020025|956.58
1786989635|20260818020035|956.46
1786989640|20260818020040|956.60
1786989645|20260818020045|956.66
1786989650|20260818020050|956.64
1786989655|20260818020055|956.62
1786989665|20260818020105|956.54
1786989670|20260818020110|956.50
1786989675|20260818020115|956.55
1786989680|20260818020120|956.55
1786989685|20260818020125|956.51
1786989695|20260818020135|956.61
1786989700|20260818020140|956.61
1786989705|20260818020145|956.57
1786989710|20260818020150|956.61
1786989715|20260818020155|956.59
1786989725|20260818020205|956.58
1786989730|20260818020210|956.59
1786989735|20260818020215|956.60
1786989740|20260818020220|956.61
1786989745|20260818020225|956.58
1786989755|20260818020235|956.52
1786989760|20260818020240|956.42
1786989765|20260818020245|956.51
1786989770|20260818020250|956.41
1786989775|20260818020255|956.47
1786989785|20260818020305|956.24
1786989790|20260818020310|956.17
1786989795|20260818020315|956.06
1786989800|20260818020320|956.10
1786989805|20260818020325|956.07
1786989815|20260818020335|955.98
1786989825|20260818020345|956.04
1786989830|20260818020350|956.05
1786989835|20260818020355|956.00
1786989845|20260818020405|956.05
1786989850|20260818020410|956.00
1786989855|20260818020415|955.94
1786989860|20260818020420|955.96
1786989865|20260818020425|956.05
1786989910|20260818020510|956.02
1786989915|20260818020515|956.00
1786989920|20260818020520|955.97
1786989935|20260818020535|955.87
1786989940|20260818020540|955.81
1786989945|20260818020545|955.81
1786989950|20260818020550|955.95
1786989955|20260818020555|955.96
1786989960|20260818020600|955.95
1786989965|20260818020605|956.26
1786989970|20260818020610|956.26
1786989975|20260818020615|956.25
1786989980|20260818020620|956.26
1786989985|20260818020625|956.22
1786989995|20260818020635|956.11
1786990000|20260818020640|956.07
1786990005|20260818020645|956.20
1786990015|20260818020655|956.17
1786990020|20260818020700|956.28
1786990025|20260818020705|956.28
1786990030|20260818020710|956.22
1786990035|20260818020715|956.18
1786990040|20260818020720|956.04
1786990045|20260818020725|956.02
1786990055|20260818020735|956.12
1786990060|20260818020740|956.21
1786990070|20260818020750|956.27
1786990075|20260818020755|956.29
1786990080|20260818020800|956.32
1786990085|20260818020805|956.34
1786990090|20260818020810|956.33
1786990095|20260818020815|956.31
1786990100|20260818020820|956.29
1786990105|20260818020825|956.29
1786990115|20260818020835|956.31
1786990120|20260818020840|956.37
1786990125|20260818020845|956.27
1786990135|20260818020855|956.20
1786990140|20260818020900|956.17
1786990145|20260818020905|956.17
1786990150|20260818020910|956.15
1786990155|20260818020915|956.15
1786990160|20260818020920|956.18
1786990200|20260818021000|956.16
1786990205|20260818021005|956.01
1786990210|20260818021010|956.03
1786990215|20260818021015|955.99
1786990220|20260818021020|956.00
1786990225|20260818021025|955.85
1786990235|20260818021035|955.84
1786990240|20260818021040|955.88
1786990245|20260818021045|955.97
1786990255|20260818021055|955.97
1786990265|20260818021105|955.90
1786990270|20260818021110|955.88
1786990275|20260818021115|955.85
1786990280|20260818021120|955.86
1786990285|20260818021125|955.83
1786990295|20260818021135|955.88
1786990300|20260818021140|955.83
1786990305|20260818021145|955.83
1786990310|20260818021150|955.88
1786990315|20260818021155|955.90
1786990325|20260818021205|955.95
1786990330|20260818021210|955.95
1786990345|20260818021225|956.10
1786990355|20260818021235|956.12
1786990360|20260818021240|956.15
1786990365|20260818021245|956.06
1786990370|20260818021250|956.16
1786990375|20260818021255|956.15
1786990385|20260818021305|956.15
1786990390|20260818021310|956.22
1786990395|20260818021315|956.15
1786990400|20260818021320|956.12
1786990405|20260818021325|956.10
1786990415|20260818021335|956.13
1786990420|20260818021340|956.07
1786990430|20260818021350|955.97
1786990445|20260818021405|956.10
1786990450|20260818021410|956.27
1786990455|20260818021415|956.20
1786990460|20260818021420|956.16
1786990465|20260818021425|956.38
1786990480|20260818021440|956.43
1786990510|20260818021510|956.66
1786990515|20260818021515|956.80
1786990520|20260818021520|956.88
1786990525|20260818021525|956.68
1786990535|20260818021535|956.76
1786990540|20260818021540|956.68
1786990545|20260818021545|956.69
1786990550|20260818021550|956.72
1786990555|20260818021555|956.69
1786990565|20260818021605|956.57
1786990575|20260818021615|956.56
1786990580|20260818021620|956.56
1786990585|20260818021625|956.55
1786990595|20260818021635|956.54
1786990600|20260818021640|956.55
1786990605|20260818021645|956.71
1786990610|20260818021650|956.71
1786990625|20260818021705|956.75
1786990630|20260818021710|956.75
1786990635|20260818021715|956.69
1786990640|20260818021720|956.66
1786990645|20260818021725|956.71
1786990655|20260818021735|956.76
1786990660|20260818021740|956.74
1786990665|20260818021745|956.82
1786990670|20260818021750|956.79
1786990675|20260818021755|956.87
1786990685|20260818021805|956.85
1786990690|20260818021810|956.85
1786990695|20260818021815|956.80
1786990700|20260818021820|956.79
1786990715|20260818021835|956.96
1786990720|20260818021840|957.04
1786990730|20260818021850|956.96
1786990735|20260818021855|956.95
1786990745|20260818021905|956.96
1786990750|20260818021910|956.96
1786990755|20260818021915|956.94
1786990760|20260818021920|956.92
1786990765|20260818021925|956.90
1786990800|20260818022000|956.84
1786990805|20260818022005|956.79
1786990810|20260818022010|956.79
1786990815|20260818022015|956.76
1786990820|20260818022020|956.71
1786990825|20260818022025|956.61
1786990835|20260818022035|956.55
1786990840|20260818022040|956.58
1786990845|20260818022045|956.49
1786990850|20260818022050|956.54
1786990855|20260818022055|956.47
1786990865|20260818022105|956.39
1786990870|20260818022110|956.36
1786990875|20260818022115|956.38
1786990880|20260818022120|956.39
1786990885|20260818022125|956.36
1786990895|20260818022135|956.44
1786990900|20260818022140|956.42
1786990905|20260818022145|956.44
1786990915|20260818022155|956.44
1786990920|20260818022200|956.35
1786990925|20260818022205|956.39
1786990935|20260818022215|956.37
1786990940|20260818022220|956.29
1786990955|20260818022235|956.41
1786990960|20260818022240|956.38
1786990965|20260818022245|956.41
1786990970|20260818022250|956.51
1786990975|20260818022255|956.62
1786990980|20260818022300|956.56
1786990985|20260818022305|956.67
1786990990|20260818022310|956.71
1786990995|20260818022315|956.64
1786991000|20260818022320|956.63
1786991005|20260818022325|956.66
1786991015|20260818022335|956.89
1786991020|20260818022340|956.84
1786991025|20260818022345|956.79
1786991030|20260818022350|956.74
1786991035|20260818022355|956.73
1786991040|20260818022400|956.72
1786991045|20260818022405|956.54
1786991050|20260818022410|956.12
1786991055|20260818022415|956.15
1786991060|20260818022420|956.13
1786991065|20260818022425|956.04
1786991105|20260818022505|955.58
1786991115|20260818022515|955.45
1786991120|20260818022520|955.37
1786991125|20260818022525|955.46
1786991135|20260818022535|955.55
1786991140|20260818022540|955.41
1786991155|20260818022555|955.22
1786991160|20260818022600|955.33
1786991165|20260818022605|955.39
1786991170|20260818022610|955.41
1786991180|20260818022620|955.52
1786991185|20260818022625|955.52
1786991195|20260818022635|955.55
1786991200|20260818022640|955.59
1786991205|20260818022645|955.59
1786991210|20260818022650|955.63
1786991215|20260818022655|955.62
1786991220|20260818022700|955.65
1786991225|20260818022705|955.68
1786991230|20260818022710|955.42
1786991240|20260818022720|955.40
1786991245|20260818022725|955.51
1786991255|20260818022735|955.52
1786991260|20260818022740|955.42
1786991265|20260818022745|955.42
1786991275|20260818022755|955.26
1786991280|20260818022800|955.33
1786991285|20260818022805|955.33
1786991290|20260818022810|955.33
1786991295|20260818022815|955.37
1786991300|20260818022820|955.15
1786991305|20260818022825|954.87
1786991315|20260818022835|954.90
1786991320|20260818022840|954.92
1786991325|20260818022845|954.98
1786991330|20260818022850|954.98
1786991335|20260818022855|955.03
1786991340|20260818022900|955.04
1786991345|20260818022905|955.03
1786991350|20260818022910|954.78
1786991355|20260818022915|954.92
1786991360|20260818022920|954.98
1786991365|20260818022925|954.86
1786991400|20260818023000|954.93
1786991405|20260818023005|954.92
1786991410|20260818023010|954.95
1786991425|20260818023025|954.58
1786991435|20260818023035|954.72
1786991440|20260818023040|954.54
1786991445|20260818023045|954.58
1786991450|20260818023050|955.04
1786991455|20260818023055|954.79
1786991465|20260818023105|954.63
1786991470|20260818023110|954.23
1786991475|20260818023115|954.33
1786991480|20260818023120|954.37
1786991495|20260818023135|954.22
1786991500|20260818023140|954.46
1786991505|20260818023145|954.42
1786991510|20260818023150|954.21
1786991515|20260818023155|954.17
1786991530|20260818023210|953.91
1786991540|20260818023220|953.96
1786991545|20260818023225|953.97
1786991565|20260818023245|954.35
1786991570|20260818023250|954.33
1786991575|20260818023255|954.31
1786991585|20260818023305|954.41
1786991590|20260818023310|954.23
1786991595|20260818023315|954.18
1786991605|20260818023325|954.43
1786991615|20260818023335|954.16
1786991620|20260818023340|953.83
1786991625|20260818023345|953.75
1786991635|20260818023355|953.69
1786991645|20260818023405|953.49
1786991660|20260818023420|953.42
1786991700|20260818023500|953.59
1786991705|20260818023505|953.64
1786991710|20260818023510|953.67
1786991715|20260818023515|953.75
1786991720|20260818023520|953.94
1786991740|20260818023540|954.03
1786991745|20260818023545|954.03
1786991750|20260818023550|954.06
1786991755|20260818023555|954.02
1786991760|20260818023600|954.00
1786991765|20260818023605|953.95
1786991770|20260818023610|953.89
1786991775|20260818023615|953.92
1786991780|20260818023620|953.85
1786991785|20260818023625|953.83
1786991795|20260818023635|953.73
1786991800|20260818023640|953.74
1786991810|20260818023650|953.79
1786991815|20260818023655|953.79
1786991820|20260818023700|953.79
1786991825|20260818023705|953.69
1786991830|20260818023710|953.59
1786991835|20260818023715|953.63
1786991840|20260818023720|953.62
1786991845|20260818023725|953.63
1786991860|20260818023740|953.61
1786991865|20260818023745|953.64
1786991870|20260818023750|953.69
1786991875|20260818023755|953.84
1786991880|20260818023800|953.89
1786991885|20260818023805|953.91
1786991895|20260818023815|954.05
1786991900|20260818023820|954.06
1786991905|20260818023825|954.07
1786991920|20260818023840|954.02
1786991925|20260818023845|954.03
1786991930|20260818023850|954.03
1786991935|20260818023855|954.04
1786991945|20260818023905|953.83
1786991950|20260818023910|953.86
1786991955|20260818023915|953.93
1786991965|20260818023925|953.86
1786991970|20260818023930|953.92
1786991985|20260818023945|953.97
1786992000|20260818024000|953.99
1786992005|20260818024005|954.05
1786992010|20260818024010|954.04
1786992015|20260818024015|953.99
1786992020|20260818024020|954.00
1786992035|20260818024035|954.08
1786992040|20260818024040|954.17
1786992050|20260818024050|954.08
1786992055|20260818024055|954.10
1786992075|20260818024115|954.26
1786992080|20260818024120|954.26
1786992085|20260818024125|954.33
1786992095|20260818024135|954.20
1786992100|20260818024140|954.28
1786992110|20260818024150|954.31
1786992115|20260818024155|954.35
1786992130|20260818024210|954.17
1786992135|20260818024215|954.04
1786992140|20260818024220|954.14
1786992145|20260818024225|954.15
1786992160|20260818024240|954.36
1786992165|20260818024245|954.31
1786992170|20260818024250|954.36
1786992180|20260818024300|954.40
1786992185|20260818024305|954.37
1786992190|20260818024310|954.43
1786992195|20260818024315|954.53
1786992200|20260818024320|954.57
1786992205|20260818024325|954.57
1786992220|20260818024340|954.55
1786992225|20260818024345|954.55
1786992230|20260818024350|954.44
1786992235|20260818024355|954.44
1786992245|20260818024405|954.35
1786992250|20260818024410|954.26
1786992255|20260818024415|954.23
1786992260|20260818024420|954.17
1786992265|20260818024425|954.17
1786992275|20260818024435|954.12
1786992305|20260818024505|953.96
1786992310|20260818024510|954.05
1786992315|20260818024515|953.99
1786992320|20260818024520|954.01
1786992335|20260818024535|953.85
1786992340|20260818024540|953.84
1786992345|20260818024545|953.83
1786992350|20260818024550|953.83
1786992355|20260818024555|953.84
1786992365|20260818024605|953.74
1786992370|20260818024610|953.75
1786992375|20260818024615|953.78
1786992380|20260818024620|953.77
1786992385|20260818024625|953.79
1786992395|20260818024635|953.87
1786992400|20260818024640|954.04
1786992405|20260818024645|954.17
1786992410|20260818024650|954.12
1786992415|20260818024655|954.13
1786992430|20260818024710|954.18
1786992435|20260818024715|954.28
1786992440|20260818024720|954.30
1786992445|20260818024725|954.08
1786992455|20260818024735|954.09
1786992460|20260818024740|954.10
1786992465|20260818024745|954.08
1786992470|20260818024750|954.11
1786992475|20260818024755|954.11
1786992495|20260818024815|954.15
1786992500|20260818024820|954.21
1786992505|20260818024825|954.21
1786992515|20260818024835|954.27
1786992520|20260818024840|954.33
1786992525|20260818024845|954.48
1786992530|20260818024850|954.57
1786992535|20260818024855|954.56
1786992545|20260818024905|954.72
1786992550|20260818024910|954.73
1786992560|20260818024920|954.73
1786992580|20260818024940|954.75
1786992600|20260818025000|954.89
1786992605|20260818025005|954.93
1786992610|20260818025010|954.94
1786992620|20260818025020|955.02
1786992625|20260818025025|955.02
1786992635|20260818025035|955.04
1786992640|20260818025040|955.00
1786992665|20260818025105|954.82
1786992670|20260818025110|954.87
1786992675|20260818025115|954.86
1786992680|20260818025120|954.88
1786992695|20260818025135|955.02
1786992700|20260818025140|955.03
1786992705|20260818025145|955.00
1786992715|20260818025155|955.08
1786992725|20260818025205|955.18
1786992730|20260818025210|955.17
1786992735|20260818025215|955.17
1786992745|20260818025225|955.20
1786992760|20260818025240|955.17
1786992765|20260818025245|955.13
1786992770|20260818025250|955.16
1786992775|20260818025255|955.15
1786992785|20260818025305|955.17
1786992790|20260818025310|955.18
1786992800|20260818025320|955.19
1786992805|20260818025325|955.18
1786992815|20260818025335|955.15
1786992820|20260818025340|955.15
1786992825|20260818025345|955.13
1786992835|20260818025355|955.07
1786992845|20260818025405|955.11
1786992855|20260818025415|955.05
1786992860|20260818025420|955.07
1786992865|20260818025425|954.98
1786992900|20260818025500|955.05
1786992905|20260818025505|955.02
1786992910|20260818025510|955.05
1786992920|20260818025520|955.02
1786992925|20260818025525|955.04
1786992935|20260818025535|955.03
1786992940|20260818025540|955.06
1786992945|20260818025545|955.01
1786992950|20260818025550|955.05
1786992955|20260818025555|955.03
1786992965|20260818025605|955.07
1786992970|20260818025610|955.07
1786992975|20260818025615|955.04
1786992980|20260818025620|955.06
1786992995|20260818025635|955.05
1786993000|20260818025640|955.08
1786993005|20260818025645|955.06
1786993010|20260818025650|955.03
1786993015|20260818025655|955.05
1786993025|20260818025705|954.99
1786993030|20260818025710|955.06
1786993035|20260818025715|955.02
1786993040|20260818025720|954.96
1786993045|20260818025725|954.97
1786993055|20260818025735|954.90
1786993060|20260818025740|954.96
1786993065|20260818025745|955.00
1786993070|20260818025750|954.97
1786993075|20260818025755|954.95
1786993085|20260818025805|954.97
1786993090|20260818025810|954.98
1786993095|20260818025815|954.95
1786993100|20260818025820|954.96
1786993105|20260818025825|954.93
1786993115|20260818025835|954.96
1786993120|20260818025840|954.94
1786993125|20260818025845|954.96
1786993130|20260818025850|954.95
1786993135|20260818025855|954.94
1786993145|20260818025905|954.96
1786993150|20260818025910|955.01
1786993155|20260818025915|955.01
1786993160|20260818025920|955.01
1786993165|20260818025925|955.08
1786993205|20260818030005|955.11
1786993210|20260818030010|955.08
1786993215|20260818030015|955.02
1786993220|20260818030020|955.08
1786993225|20260818030025|955.14
1786993235|20260818030035|954.47
1786993240|20260818030040|954.62
1786993245|20260818030045|954.63
1786993250|20260818030050|954.73
1786993255|20260818030055|954.74
1786993265|20260818030105|954.78
1786993270|20260818030110|954.82
1786993275|20260818030115|954.78
1786993280|20260818030120|954.79
1786993285|20260818030125|954.78
1786993295|20260818030135|954.77
1786993300|20260818030140|954.77
1786993305|20260818030145|954.75
1786993310|20260818030150|954.62
1786993315|20260818030155|954.58
1786993325|20260818030205|954.58
1786993330|20260818030210|954.52
1786993335|20260818030215|954.58
1786993340|20260818030220|954.55
1786993345|20260818030225|954.57
1786993355|20260818030235|954.74
1786993360|20260818030240|954.67
1786993365|20260818030245|954.63
1786993370|20260818030250|954.55
1786993375|20260818030255|954.55
1786993385|20260818030305|954.41
1786993390|20260818030310|954.43
1786993395|20260818030315|954.41
1786993400|20260818030320|954.40
1786993405|20260818030325|954.43
1786993415|20260818030335|954.53
1786993420|20260818030340|954.48
1786993425|20260818030345|954.42
1786993435|20260818030355|954.44
1786993445|20260818030405|954.46
1786993450|20260818030410|954.55
1786993455|20260818030415|954.56
1786993460|20260818030420|954.54
1786993465|20260818030425|954.55
1786993500|20260818030500|954.43
1786993505|20260818030505|954.29
1786993510|20260818030510|954.23
1786993520|20260818030520|954.34
1786993525|20260818030525|954.32
1786993535|20260818030535|954.16
1786993540|20260818030540|954.17
1786993545|20260818030545|953.95
1786993550|20260818030550|953.93
1786993555|20260818030555|953.85
1786993560|20260818030600|953.77
1786993565|20260818030605|953.73
1786993570|20260818030610|953.77
1786993575|20260818030615|953.71
1786993580|20260818030620|953.67
1786993585|20260818030625|953.68
1786993595|20260818030635|953.73
1786993600|20260818030640|953.71
1786993620|20260818030700|953.82
1786993625|20260818030705|953.85
1786993630|20260818030710|953.78
1786993640|20260818030720|953.75
1786993645|20260818030725|953.79
1786993655|20260818030735|953.76
1786993660|20260818030740|953.78
1786993665|20260818030745|953.74
1786993670|20260818030750|953.74
1786993675|20260818030755|953.87
1786993680|20260818030800|953.93
1786993685|20260818030805|954.02
1786993690|20260818030810|954.04
1786993695|20260818030815|954.10
1786993700|20260818030820|954.19
1786993705|20260818030825|954.23
1786993720|20260818030840|954.21
1786993725|20260818030845|954.16
1786993730|20260818030850|954.17
1786993735|20260818030855|954.18
1786993745|20260818030905|954.16
1786993750|20260818030910|954.17
1786993755|20260818030915|954.17
1786993760|20260818030920|954.18
1786993765|20260818030925|954.20
1786993800|20260818031000|954.40
1786993805|20260818031005|954.39
1786993815|20260818031015|954.53
1786993820|20260818031020|954.48
1786993825|20260818031025|954.52
1786993840|20260818031040|954.48
1786993850|20260818031050|954.52
1786993865|20260818031105|954.57
1786993870|20260818031110|954.55
1786993880|20260818031120|954.59
1786993885|20260818031125|954.56
1786993895|20260818031135|954.63
1786993900|20260818031140|954.64
1786993905|20260818031145|954.66
1786993915|20260818031155|954.74
1786993925|20260818031205|954.80
1786993930|20260818031210|954.89
1786993935|20260818031215|954.91
1786993940|20260818031220|954.83
1786993945|20260818031225|954.81
1786993955|20260818031235|954.81
1786993960|20260818031240|954.82
1786993965|20260818031245|954.81
1786993970|20260818031250|954.80
1786993975|20260818031255|954.78
1786993990|20260818031310|954.77
1786993995|20260818031315|954.75
1786994000|20260818031320|954.74
1786994005|20260818031325|954.73
1786994015|20260818031335|954.81
1786994020|20260818031340|954.81
1786994030|20260818031350|954.80
1786994035|20260818031355|954.85
1786994045|20260818031405|955.06
1786994055|20260818031415|955.34
1786994060|20260818031420|955.39
1786994065|20260818031425|955.30
1786994110|20260818031510|955.59
1786994115|20260818031515|955.61
1786994120|20260818031520|956.01
1786994125|20260818031525|955.92
1786994140|20260818031540|955.90
1786994145|20260818031545|955.97
1786994150|20260818031550|955.98
1786994155|20260818031555|955.89
1786994170|20260818031610|956.08
1786994175|20260818031615|956.20
1786994180|20260818031620|956.15
1786994185|20260818031625|956.24
1786994195|20260818031635|956.46
1786994200|20260818031640|956.43
1786994205|20260818031645|956.45
1786994210|20260818031650|956.60
1786994215|20260818031655|956.59
1786994230|20260818031710|956.48
1786994240|20260818031720|956.56
1786994255|20260818031735|956.71
1786994260|20260818031740|956.73
1786994265|20260818031745|956.77
1786994275|20260818031755|956.70
1786994285|20260818031805|956.65
1786994290|20260818031810|956.66
1786994295|20260818031815|956.70
1786994300|20260818031820|956.69
1786994305|20260818031825|956.78
1786994320|20260818031840|956.66
1786994330|20260818031850|956.81
1786994345|20260818031905|956.97
1786994350|20260818031910|956.82
1786994355|20260818031915|956.91
1786994360|20260818031920|956.89
1786994365|20260818031925|956.93
1786994400|20260818032000|956.94
1786994405|20260818032005|956.97
1786994410|20260818032010|957.00
1786994415|20260818032015|957.07
1786994420|20260818032020|957.08
1786994425|20260818032025|956.98
1786994435|20260818032035|956.91
1786994440|20260818032040|956.94
1786994445|20260818032045|956.91
1786994450|20260818032050|956.95
1786994455|20260818032055|956.91
1786994465|20260818032105|956.89
1786994470|20260818032110|956.99
1786994480|20260818032120|956.95
1786994485|20260818032125|956.92
1786994500|20260818032140|957.02
1786994505|20260818032145|956.99
1786994510|20260818032150|956.93
1786994515|20260818032155|956.89
1786994520|20260818032200|957.02
1786994525|20260818032205|957.00
1786994530|20260818032210|957.02
1786994535|20260818032215|957.02
1786994540|20260818032220|957.01
1786994555|20260818032235|956.92
1786994560|20260818032240|956.98
1786994565|20260818032245|957.03
1786994570|20260818032250|957.03
1786994585|20260818032305|957.00
1786994590|20260818032310|957.15
1786994595|20260818032315|957.22
1786994600|20260818032320|957.18
1786994605|20260818032325|957.21
1786994615|20260818032335|957.16
1786994620|20260818032340|957.19
1786994625|20260818032345|957.22
1786994630|20260818032350|957.07
1786994635|20260818032355|957.01
1786994640|20260818032400|957.12
1786994645|20260818032405|957.12
1786994650|20260818032410|957.23
1786994655|20260818032415|957.24
1786994660|20260818032420|957.19
1786994665|20260818032425|957.12
1786994705|20260818032505|957.03
1786994710|20260818032510|957.10
1786994715|20260818032515|957.10
1786994720|20260818032520|957.11
1786994725|20260818032525|957.12
1786994735|20260818032535|957.16
1786994740|20260818032540|957.10
1786994745|20260818032545|957.07
1786994750|20260818032550|957.23
1786994755|20260818032555|957.31
1786994765|20260818032605|957.33
1786994770|20260818032610|957.34
1786994775|20260818032615|957.31
1786994780|20260818032620|957.26
1786994785|20260818032625|957.28
1786994795|20260818032635|957.30
1786994800|20260818032640|957.25
1786994805|20260818032645|957.20
1786994810|20260818032650|957.21
1786994815|20260818032655|957.21
1786994825|20260818032705|957.15
1786994830|20260818032710|957.19
1786994835|20260818032715|957.21
1786994840|20260818032720|957.05
1786994845|20260818032725|957.11
1786994855|20260818032735|957.03
1786994860|20260818032740|957.01
1786994865|20260818032745|957.10
1786994870|20260818032750|957.09
1786994875|20260818032755|957.11
1786994885|20260818032805|957.09
1786994890|20260818032810|957.10
1786994895|20260818032815|957.11
1786994900|20260818032820|957.11
1786994905|20260818032825|957.07
1786994925|20260818032845|957.01
1786994940|20260818032900|956.91
1786994945|20260818032905|956.88
1786994950|20260818032910|956.87
1786994955|20260818032915|956.88
1786994960|20260818032920|956.85
1786994965|20260818032925|956.86
1786995000|20260818033000|956.77
1786995010|20260818033010|956.79
1786995015|20260818033015|956.85
1786995020|20260818033020|956.86
1786995025|20260818033025|956.73
1786995035|20260818033035|956.85
1786995040|20260818033040|956.80
1786995045|20260818033045|956.79
1786995050|20260818033050|956.82
1786995055|20260818033055|956.88
1786995065|20260818033105|956.93
1786995075|20260818033115|957.13
1786995080|20260818033120|957.14
1786995085|20260818033125|957.14
1786995095|20260818033135|957.06
1786995105|20260818033145|956.98
1786995110|20260818033150|956.98
1786995115|20260818033155|956.97
1786995125|20260818033205|957.00
1786995130|20260818033210|956.94
1786995135|20260818033215|956.97
1786995140|20260818033220|956.97
1786995145|20260818033225|957.02
1786995155|20260818033235|957.00
1786995160|20260818033240|957.00
1786995165|20260818033245|957.00
1786995170|20260818033250|956.96
1786995175|20260818033255|956.89
1786995185|20260818033305|956.92
1786995190|20260818033310|956.86
1786995195|20260818033315|956.93
1786995200|20260818033320|956.93
1786995205|20260818033325|956.94
1786995220|20260818033340|956.92
1786995225|20260818033345|956.93
1786995230|20260818033350|956.93
1786995235|20260818033355|956.93
1786995240|20260818033400|956.96
1786995245|20260818033405|956.92
1786995255|20260818033415|956.94
1786995260|20260818033420|956.95
1786995265|20260818033425|956.93
1786995300|20260818033500|957.15
1786995305|20260818033505|957.16
1786995315|20260818033515|957.21
1786995320|20260818033520|957.23
1786995325|20260818033525|957.29
1786995335|20260818033535|957.30
1786995340|20260818033540|957.17
1786995345|20260818033545|957.12
1786995350|20260818033550|957.08
1786995355|20260818033555|957.10
1786995375|20260818033615|957.17
1786995380|20260818033620|957.15
1786995395|20260818033635|957.14
1786995400|20260818033640|957.00
1786995405|20260818033645|956.96
1786995410|20260818033650|956.96
1786995415|20260818033655|956.90
1786995425|20260818033705|956.91
1786995430|20260818033710|956.93
1786995435|20260818033715|957.03
1786995440|20260818033720|956.99
1786995445|20260818033725|957.01
1786995455|20260818033735|957.02
1786995465|20260818033745|957.13
1786995475|20260818033755|957.15
1786995485|20260818033805|957.10
1786995490|20260818033810|957.03
1786995495|20260818033815|957.02
1786995500|20260818033820|956.98
1786995505|20260818033825|957.05
1786995515|20260818033835|957.05
1786995520|20260818033840|957.07
1786995525|20260818033845|957.07
1786995530|20260818033850|957.08
1786995535|20260818033855|957.01
1786995540|20260818033900|957.02
1786995545|20260818033905|957.07
1786995550|20260818033910|957.08
1786995555|20260818033915|957.09
1786995560|20260818033920|957.11
1786995565|20260818033925|957.11
1786995600|20260818034000|957.16
1786995605|20260818034005|957.19
1786995610|20260818034010|957.18
1786995615|20260818034015|957.24
1786995620|20260818034020|957.22
1786995625|20260818034025|957.22
1786995635|20260818034035|957.20
1786995640|20260818034040|957.20
1786995645|20260818034045|957.18
1786995650|20260818034050|957.17
1786995655|20260818034055|957.11
1786995665|20260818034105|957.13
1786995670|20260818034110|957.12
1786995675|20260818034115|957.11
1786995695|20260818034135|957.11
1786995700|20260818034140|957.05
1786995710|20260818034150|957.11
1786995715|20260818034155|957.15
1786995730|20260818034210|957.22
1786995735|20260818034215|957.27
1786995740|20260818034220|957.32
1786995745|20260818034225|957.36
1786995755|20260818034235|957.41
1786995765|20260818034245|957.40
1786995770|20260818034250|957.40
1786995775|20260818034255|957.39
1786995795|20260818034315|957.46
1786995800|20260818034320|957.52
1786995805|20260818034325|957.54
1786995815|20260818034335|957.64
1786995825|20260818034345|957.62
1786995830|20260818034350|957.62
1786995835|20260818034355|957.64
1786995845|20260818034405|957.69
1786995850|20260818034410|957.74
1786995855|20260818034415|957.74
1786995860|20260818034420|957.99
1786995865|20260818034425|958.00
1786995900|20260818034500|957.78
1786995905|20260818034505|957.81
1786995915|20260818034515|957.67
1786995920|20260818034520|957.70
1786995925|20260818034525|957.68
1786995935|20260818034535|957.67
1786995940|20260818034540|957.67
1786995945|20260818034545|957.72
1786995950|20260818034550|957.70
1786995955|20260818034555|957.72
1786995965|20260818034605|957.80
1786995970|20260818034610|957.80
1786995975|20260818034615|957.77
1786995980|20260818034620|957.77
1786995985|20260818034625|957.71
1786996000|20260818034640|957.72
1786996005|20260818034645|957.65
1786996010|20260818034650|957.66
1786996015|20260818034655|957.76
1786996025|20260818034705|957.77
1786996030|20260818034710|957.83
1786996035|20260818034715|957.78
1786996040|20260818034720|957.79
1786996055|20260818034735|957.78
1786996060|20260818034740|957.81
1786996065|20260818034745|957.76
1786996070|20260818034750|957.78
1786996075|20260818034755|957.88
1786996080|20260818034800|957.84
1786996085|20260818034805|957.87
1786996090|20260818034810|957.81
1786996100|20260818034820|957.86
1786996105|20260818034825|957.91
1786996115|20260818034835|957.85
1786996120|20260818034840|957.85
1786996125|20260818034845|957.85
1786996130|20260818034850|957.88
1786996140|20260818034900|957.99
1786996145|20260818034905|958.01
1786996150|20260818034910|958.01
1786996155|20260818034915|958.06
1786996160|20260818034920|958.08
1786996165|20260818034925|958.11
1786996200|20260818035000|957.97
1786996205|20260818035005|957.92
1786996215|20260818035015|957.86
1786996225|20260818035025|957.79
1786996235|20260818035035|957.79
1786996240|20260818035040|957.77
1786996245|20260818035045|957.64
1786996255|20260818035055|957.68
1786996270|20260818035110|957.34
1786996275|20260818035115|957.34
1786996280|20260818035120|957.37
1786996285|20260818035125|957.44
1786996295|20260818035135|957.40
1786996300|20260818035140|957.36
1786996310|20260818035150|957.46
1786996315|20260818035155|957.44
1786996325|20260818035205|957.51
1786996330|20260818035210|957.52
1786996335|20260818035215|957.50
1786996340|20260818035220|957.50
1786996345|20260818035225|957.56
1786996360|20260818035240|957.50
1786996375|20260818035255|957.43
1786996385|20260818035305|957.44
1786996395|20260818035315|957.42
1786996400|20260818035320|957.32
1786996405|20260818035325|957.29
1786996415|20260818035335|957.44
1786996420|20260818035340|957.53
1786996425|20260818035345|957.53
1786996430|20260818035350|957.55
1786996435|20260818035355|957.58
1786996445|20260818035405|957.63
1786996450|20260818035410|957.60
1786996455|20260818035415|957.63
1786996460|20260818035420|957.65
1786996505|20260818035505|957.53
1786996510|20260818035510|957.52
1786996525|20260818035525|957.55
1786996535|20260818035535|957.55
1786996540|20260818035540|957.53
1786996545|20260818035545|957.53
1786996550|20260818035550|957.53
1786996555|20260818035555|957.50
1786996565|20260818035605|957.50
1786996570|20260818035610|957.47
1786996575|20260818035615|957.49
1786996580|20260818035620|957.50
1786996585|20260818035625|957.45
1786996600|20260818035640|957.50
1786996605|20260818035645|957.51
1786996610|20260818035650|957.54
1786996630|20260818035710|957.75
1786996635|20260818035715|957.72
1786996640|20260818035720|957.75
1786996645|20260818035725|957.73
1786996655|20260818035735|957.75
1786996660|20260818035740|957.65
1786996665|20260818035745|957.65
1786996675|20260818035755|957.75
1786996685|20260818035805|957.77
1786996690|20260818035810|957.78
1786996695|20260818035815|957.80
1786996700|20260818035820|957.84
1786996705|20260818035825|957.84
1786996715|20260818035835|957.82
1786996720|20260818035840|957.84
1786996725|20260818035845|957.97
1786996730|20260818035850|957.91
1786996735|20260818035855|957.90
1786996745|20260818035905|957.96
1786996750|20260818035910|957.95
1786996755|20260818035915|957.99
1786996760|20260818035920|957.99
1786996805|20260818040005|958.00
1786996810|20260818040010|958.03
1786996815|20260818040015|958.03
1786996820|20260818040020|958.07
1786996825|20260818040025|958.04
1786996835|20260818040035|958.25
1786996840|20260818040040|958.19
1786996845|20260818040045|958.11
1786996850|20260818040050|958.11
1786996865|20260818040105|957.71
1786996870|20260818040110|957.65
1786996880|20260818040120|957.76
1786996885|20260818040125|957.77
1786996895|20260818040135|957.80
1786996900|20260818040140|957.75
1786996905|20260818040145|957.73
1786996915|20260818040155|957.76
1786996925|20260818040205|957.82
1786996935|20260818040215|957.80
1786996940|20260818040220|957.80
1786996945|20260818040225|957.79
1786996955|20260818040235|957.82
1786996960|20260818040240|957.84
1786996965|20260818040245|957.86
1786996970|20260818040250|957.82
1786996975|20260818040255|957.79
1786996985|20260818040305|957.73
1786996990|20260818040310|957.72
1786996995|20260818040315|957.74
1786997000|20260818040320|957.70
1786997005|20260818040325|957.72
1786997015|20260818040335|957.63
1786997020|20260818040340|957.65
1786997025|20260818040345|957.60
1786997030|20260818040350|957.65
1786997035|20260818040355|957.69
1786997045|20260818040405|957.69
1786997055|20260818040415|957.74
1786997060|20260818040420|957.76
1786997100|20260818040500|957.69
1786997105|20260818040505|957.69
1786997110|20260818040510|957.62
1786997115|20260818040515|957.56
1786997120|20260818040520|957.55
1786997125|20260818040525|957.48
1786997135|20260818040535|957.53
1786997140|20260818040540|957.47
1786997145|20260818040545|957.47
1786997150|20260818040550|957.43
1786997165|20260818040605|957.41
1786997175|20260818040615|957.39
1786997180|20260818040620|957.38
1786997185|20260818040625|957.31
1786997210|20260818040650|957.26
1786997215|20260818040655|957.30
1786997225|20260818040705|957.24
1786997230|20260818040710|957.25
1786997270|20260818040750|957.43
1786997275|20260818040755|957.48
1786997285|20260818040805|957.47
1786997295|20260818040815|957.46
1786997300|20260818040820|957.47
1786997305|20260818040825|957.48
1786997320|20260818040840|957.36
1786997325|20260818040845|957.35
1786997330|20260818040850|957.33
1786997345|20260818040905|957.33
1786997350|20260818040910|957.40
1786997355|20260818040915|957.34
1786997365|20260818040925|957.32
1786997400|20260818041000|957.36
1786997405|20260818041005|957.35
1786997410|20260818041010|957.41
1786997420|20260818041020|957.30
1786997440|20260818041040|957.38
1786997445|20260818041045|957.39
1786997450|20260818041050|957.44
1786997465|20260818041105|957.41
1786997470|20260818041110|957.41
1786997475|20260818041115|957.37
1786997485|20260818041125|957.46
1786997495|20260818041135|957.45
1786997500|20260818041140|957.47
1786997505|20260818041145|957.47
1786997515|20260818041155|957.44
1786997525|20260818041205|957.36
1786997530|20260818041210|957.32
1786997535|20260818041215|957.32
1786997540|20260818041220|957.29
1786997545|20260818041225|957.26
1786997555|20260818041235|957.31
1786997560|20260818041240|957.31
1786997565|20260818041245|957.31
1786997570|20260818041250|957.33
1786997585|20260818041305|957.35
1786997590|20260818041310|957.42
1786997600|20260818041320|957.41
1786997605|20260818041325|957.45
1786997615|20260818041335|957.43
1786997620|20260818041340|957.44
1786997635|20260818041355|957.44
1786997645|20260818041405|957.42
1786997655|20260818041415|957.44
1786997660|20260818041420|957.43
1786997665|20260818041425|957.47
1786997700|20260818041500|957.49
1786997705|20260818041505|957.49
1786997710|20260818041510|957.45
1786997715|20260818041515|957.46
1786997720|20260818041520|957.46
1786997740|20260818041540|957.49
1786997745|20260818041545|957.50
1786997750|20260818041550|957.50
1786997765|20260818041605|957.51
1786997780|20260818041620|957.50
1786997795|20260818041635|957.48
1786997805|20260818041645|957.47
1786997810|20260818041650|957.46
1786997815|20260818041655|957.46
1786997825|20260818041705|957.48
1786997835|20260818041715|957.46
1786997840|20260818041720|957.47
1786997845|20260818041725|957.46
1786997855|20260818041735|957.39
1786997860|20260818041740|957.40
1786997870|20260818041750|957.43
1786997875|20260818041755|957.42
1786997890|20260818041810|957.50
1786997895|20260818041815|957.50
1786997900|20260818041820|957.50
1786997920|20260818041840|957.42
1786997925|20260818041845|957.43
1786997945|20260818041905|957.42
1786997955|20260818041915|957.41
1786997965|20260818041925|957.42
1786998005|20260818042005|957.49
1786998015|20260818042015|957.53
1786998020|20260818042020|957.51
1786998025|20260818042025|957.51
1786998045|20260818042045|957.49
1786998070|20260818042110|957.47
1786998075|20260818042115|957.47
1786998085|20260818042125|957.42
1786998095|20260818042135|957.41
1786998100|20260818042140|957.43
1786998130|20260818042210|957.46
1786998135|20260818042215|957.46
1786998140|20260818042220|957.41
1786998145|20260818042225|957.41
1786998155|20260818042235|957.41
1786998170|20260818042250|957.40
1786998175|20260818042255|957.41
1786998185|20260818042305|957.40
1786998190|20260818042310|957.40
1786998195|20260818042315|957.40
1786998200|20260818042320|957.41
1786998205|20260818042325|957.39
1786998215|20260818042335|957.40
1786998220|20260818042340|957.40
1786998225|20260818042345|957.40
1786998230|20260818042350|957.39
1786998235|20260818042355|957.40
1786998245|20260818042405|957.38
1786998255|20260818042415|957.32
1786998260|20260818042420|957.34
1786998305|20260818042505|957.32
1786998310|20260818042510|957.32
1786998320|20260818042520|957.33
1786998325|20260818042525|957.32
1786998335|20260818042535|957.15
1786998340|20260818042540|957.14
1786998345|20260818042545|957.14
1786998350|20260818042550|957.14
1786998355|20260818042555|957.15
1786998365|20260818042605|957.02
1786998370|20260818042610|956.98
1786998380|20260818042620|956.99
1786998385|20260818042625|957.00
1786998395|20260818042635|956.99
1786998400|20260818042640|956.99
1786998405|20260818042645|956.98
1786998410|20260818042650|956.99
1786998415|20260818042655|956.96
1786998425|20260818042705|956.99
1786998430|20260818042710|956.93
1786998435|20260818042715|956.93
1786998440|20260818042720|956.96
1786998445|20260818042725|956.95
1786998460|20260818042740|956.94
1786998465|20260818042745|956.95
1786998470|20260818042750|956.95
1786998475|20260818042755|956.92
1786998485|20260818042805|956.93
1786998495|20260818042815|956.91
1786998515|20260818042835|956.93
1786998520|20260818042840|956.92
1786998530|20260818042850|956.93
1786998535|20260818042855|956.93
1786998545|20260818042905|956.94
1786998550|20260818042910|956.94
1786998560|20260818042920|956.88
1786998565|20260818042925|956.87
1786998595|20260818042955|956.87
1786998600|20260818043000|956.88
1786998605|20260818043005|956.86
1786998610|20260818043010|956.88
1786998615|20260818043015|956.89
1786998620|20260818043020|956.90
1786998625|20260818043025|956.91
1786998635|20260818043035|956.92
1786998640|20260818043040|956.91
1786998645|20260818043045|956.93
1786998650|20260818043050|956.91
1786998655|20260818043055|956.91
1786998665|20260818043105|956.90
1786998670|20260818043110|956.92
1786998675|20260818043115|956.91
1786998680|20260818043120|956.89
1786998685|20260818043125|956.85
1786998695|20260818043135|956.85
1786998700|20260818043140|956.87
1786998705|20260818043145|956.88
1786998710|20260818043150|956.87
1786998715|20260818043155|956.86
1786998725|20260818043205|956.86
1786998730|20260818043210|956.87
1786998735|20260818043215|956.87
1786998760|20260818043240|956.97
1786998765|20260818043245|956.99
1786998770|20260818043250|956.98
1786998775|20260818043255|956.98
1786998785|20260818043305|956.96
1786998790|20260818043310|956.99
1786998795|20260818043315|956.99
1786998800|20260818043320|956.98
1786998805|20260818043325|956.99
1786998815|20260818043335|956.89
1786998820|20260818043340|956.88
1786998825|20260818043345|956.87
1786998830|20260818043350|956.88
1786998835|20260818043355|956.87
1786998845|20260818043405|956.95
1786998850|20260818043410|956.91
1786998855|20260818043415|956.93
1786998860|20260818043420|956.92
1786998865|20260818043425|956.89
1786998880|20260818043440|956.91
1786998900|20260818043500|956.89
1786998905|20260818043505|956.90
1786998910|20260818043510|956.93
1786998915|20260818043515|956.93
1786998920|20260818043520|956.93
1786998940|20260818043540|956.90
1786998945|20260818043545|956.91
1786998950|20260818043550|956.86
1786998955|20260818043555|956.86
1786998965|20260818043605|956.85
1786998970|20260818043610|956.86
1786998975|20260818043615|956.86
1786998980|20260818043620|956.86
1786998985|20260818043625|956.87
1786998995|20260818043635|956.86
1786999000|20260818043640|956.92
1786999005|20260818043645|956.92
1786999010|20260818043650|956.93
1786999015|20260818043655|956.93
1786999025|20260818043705|956.89
1786999035|20260818043715|956.89
1786999040|20260818043720|956.88
1786999045|20260818043725|956.89
1786999055|20260818043735|956.89
1786999060|20260818043740|956.89
1786999065|20260818043745|956.88
1786999070|20260818043750|956.89
1786999075|20260818043755|956.92
1786999080|20260818043800|956.90
1786999090|20260818043810|956.89
1786999095|20260818043815|956.89
1786999100|20260818043820|956.88
1786999115|20260818043835|956.90
1786999120|20260818043840|956.92
1786999125|20260818043845|956.93
1786999135|20260818043855|956.93
1786999145|20260818043905|956.93
1786999150|20260818043910|956.83
1786999155|20260818043915|956.83
1786999160|20260818043920|956.83
1786999165|20260818043925|956.83
1786999200|20260818044000|956.88
1786999205|20260818044005|957.01
1786999210|20260818044010|956.95
1786999215|20260818044015|956.96
1786999220|20260818044020|956.95
1786999225|20260818044025|956.96
1786999235|20260818044035|956.95
1786999240|20260818044040|956.95
1786999245|20260818044045|956.90
1786999250|20260818044050|956.90
1786999265|20260818044105|956.90
1786999270|20260818044110|956.91
1786999275|20260818044115|956.93
1786999280|20260818044120|956.90
1786999285|20260818044125|956.95
1786999295|20260818044135|956.94
1786999300|20260818044140|956.91
1786999305|20260818044145|956.91
1786999310|20260818044150|956.94
1786999315|20260818044155|956.90
1786999320|20260818044200|956.90
1786999325|20260818044205|956.92
1786999330|20260818044210|956.95
1786999335|20260818044215|956.92
1786999340|20260818044220|956.91
1786999355|20260818044235|957.04
1786999360|20260818044240|957.03
1786999365|20260818044245|957.06
1786999370|20260818044250|957.06
1786999375|20260818044255|956.97
1786999385|20260818044305|956.97
1786999390|20260818044310|956.97
1786999395|20260818044315|956.96
1786999400|20260818044320|956.97
1786999405|20260818044325|956.97
1786999415|20260818044335|956.97
1786999420|20260818044340|956.96
1786999425|20260818044345|956.97
1786999430|20260818044350|956.97
1786999435|20260818044355|956.98
1786999445|20260818044405|956.94
1786999450|20260818044410|956.93
1786999455|20260818044415|956.99
1786999460|20260818044420|956.98
1786999465|20260818044425|956.97
1786999500|20260818044500|956.99
1786999505|20260818044505|956.94
1786999510|20260818044510|956.96
1786999520|20260818044520|956.90
1786999525|20260818044525|956.95
1786999535|20260818044535|957.11
1786999540|20260818044540|957.07
1786999545|20260818044545|957.03
1786999555|20260818044555|957.03
1786999560|20260818044600|957.01
1786999565|20260818044605|957.00
1786999575|20260818044615|957.06
1786999580|20260818044620|957.01
1786999585|20260818044625|957.06
1786999595|20260818044635|957.04
1786999600|20260818044640|957.02
1786999605|20260818044645|957.06
1786999615|20260818044655|957.06
1786999620|20260818044700|957.23
1786999625|20260818044705|957.22
1786999630|20260818044710|957.23
1786999635|20260818044715|957.21
1786999640|20260818044720|957.21
1786999645|20260818044725|957.19
1786999655|20260818044735|957.15
1786999660|20260818044740|957.17
1786999665|20260818044745|957.17
1786999670|20260818044750|957.16
1786999675|20260818044755|957.17
1786999685|20260818044805|957.04
1786999690|20260818044810|957.02
1786999700|20260818044820|957.03
1786999705|20260818044825|957.05
1786999710|20260818044830|957.04
1786999715|20260818044835|957.06
1786999720|20260818044840|957.06
1786999725|20260818044845|957.03
1786999730|20260818044850|957.03
1786999735|20260818044855|957.03
1786999740|20260818044900|957.02
1786999745|20260818044905|957.06
1786999750|20260818044910|957.11
1786999755|20260818044915|957.08
1786999760|20260818044920|957.10
1786999765|20260818044925|957.05
1786999800|20260818045000|956.97
1786999805|20260818045005|957.01
1786999810|20260818045010|957.01
1786999815|20260818045015|957.04
1786999820|20260818045020|957.08
1786999825|20260818045025|957.08
1786999835|20260818045035|957.08
1786999845|20260818045045|957.11
1786999850|20260818045050|957.11
1786999855|20260818045055|957.07
1786999865|20260818045105|957.06
1786999870|20260818045110|957.03
1786999880|20260818045120|957.07
1786999895|20260818045135|957.05
1786999900|20260818045140|957.05
1786999925|20260818045205|956.98
1786999930|20260818045210|956.96
1786999935|20260818045215|956.95
1786999945|20260818045225|956.93
1786999955|20260818045235|956.94
1786999965|20260818045245|956.94
1786999970|20260818045250|956.94
1786999975|20260818045255|956.97
1786999990|20260818045310|956.95
1786999995|20260818045315|956.93
1787000000|20260818045320|956.93
1787000005|20260818045325|956.95
1787000015|20260818045335|956.94
1787000020|20260818045340|956.93
1787000025|20260818045345|956.93
1787000030|20260818045350|956.93
1787000035|20260818045355|956.93
1787000045|20260818045405|957.00
1787000050|20260818045410|956.97
1787000060|20260818045420|956.93
1787000065|20260818045425|956.97
1787000100|20260818045500|957.01
1787000105|20260818045505|957.06
1787000110|20260818045510|957.03
1787000115|20260818045515|957.05
1787000120|20260818045520|957.15
1787000125|20260818045525|957.11
1787000140|20260818045540|957.16
1787000145|20260818045545|957.16
1787000150|20260818045550|957.12
1787000165|20260818045605|957.10
1787000170|20260818045610|957.11
1787000175|20260818045615|957.08
1787000180|20260818045620|957.09
1787000185|20260818045625|957.08
1787000195|20260818045635|957.09
1787000200|20260818045640|957.04
1787000205|20260818045645|957.08
1787000210|20260818045650|957.14
1787000215|20260818045655|957.16
1787000225|20260818045705|957.17
1787000230|20260818045710|957.17
1787000235|20260818045715|957.17
1787000240|20260818045720|957.17
1787000245|20260818045725|957.15
1787000255|20260818045735|957.11
1787000260|20260818045740|957.14
1787000265|20260818045745|957.14
1787000270|20260818045750|957.22
1787000275|20260818045755|957.21
1787000285|20260818045805|957.15
1787000290|20260818045810|957.15
1787000295|20260818045815|957.11
1787000300|20260818045820|957.19
1787000305|20260818045825|957.19
1787000315|20260818045835|957.18
1787000320|20260818045840|957.17
1787000335|20260818045855|957.15
1787000340|20260818045900|957.23
1787000345|20260818045905|957.21
1787000350|20260818045910|957.24
1787000355|20260818045915|957.32
1787004010|20260818060010|957.44
1787004015|20260818060015|957.58
1787004020|20260818060020|957.55
1787004035|20260818060035|957.45
1787004040|20260818060040|957.57
1787004045|20260818060045|957.72
1787004050|20260818060050|957.65
1787004055|20260818060055|957.63
1787004065|20260818060105|957.58
1787004070|20260818060110|957.48
1787004075|20260818060115|957.40
1787004080|20260818060120|957.41
1787004085|20260818060125|957.28
1787004095|20260818060135|957.09
1787004110|20260818060150|957.05
1787004115|20260818060155|957.08
1787004125|20260818060205|957.19
1787004130|20260818060210|957.22
1787004135|20260818060215|957.19
1787004140|20260818060220|957.13
1787004145|20260818060225|957.17
1787004160|20260818060240|957.02
1787004165|20260818060245|957.07
1787004170|20260818060250|957.07
1787004175|20260818060255|957.11
1787004180|20260818060300|957.11
1787004185|20260818060305|957.06
1787004205|20260818060325|957.22
1787004225|20260818060345|957.21
1787004230|20260818060350|957.17
1787004250|20260818060410|957.23
1787004260|20260818060420|957.23
1787004305|20260818060505|957.20
1787004315|20260818060515|957.07
1787004320|20260818060520|957.12
1787004325|20260818060525|957.06
1787004335|20260818060535|957.05
1787004340|20260818060540|957.11
1787004345|20260818060545|957.10
1787004350|20260818060550|957.15
1787004355|20260818060555|957.12
1787004370|20260818060610|957.03
1787004375|20260818060615|957.03
1787004385|20260818060625|957.02
1787004395|20260818060635|957.00
1787004400|20260818060640|957.01
1787004405|20260818060645|957.01
1787004410|20260818060650|957.00
1787004425|20260818060705|957.07
1787004430|20260818060710|957.08
1787004435|20260818060715|957.08
1787004440|20260818060720|957.04
1787004445|20260818060725|957.06
1787004455|20260818060735|957.12
1787004460|20260818060740|957.01
1787004465|20260818060745|956.92
1787004475|20260818060755|956.95
1787004490|20260818060810|956.92
1787004495|20260818060815|956.95
1787004500|20260818060820|956.96
1787004505|20260818060825|956.96
1787004515|20260818060835|956.96
1787004520|20260818060840|956.95
1787004525|20260818060845|956.93
1787004530|20260818060850|957.00
1787004550|20260818060910|957.09
1787004555|20260818060915|957.07
1787004560|20260818060920|957.07
1787004565|20260818060925|957.07
1787004600|20260818061000|957.01
1787004605|20260818061005|957.01
1787004610|20260818061010|956.95
1787004615|20260818061015|956.97
1787004620|20260818061020|957.01
1787004640|20260818061040|956.99
1787004645|20260818061045|956.99
1787004650|20260818061050|957.03
1787004655|20260818061055|957.06
1787004665|20260818061105|957.06
1787004675|20260818061115|957.24
1787004685|20260818061125|957.03
1787004695|20260818061135|957.06
1787004700|20260818061140|957.01
1787004710|20260818061150|957.04
1787004715|20260818061155|957.02
1787004720|20260818061200|957.20
1787004725|20260818061205|957.24
1787004730|20260818061210|957.21
1787004735|20260818061215|957.21
1787004740|20260818061220|957.20
1787004755|20260818061235|957.21
1787004760|20260818061240|957.17
1787004765|20260818061245|957.24
1787004770|20260818061250|957.19
1787004775|20260818061255|957.23
1787004785|20260818061305|957.19
1787004790|20260818061310|957.22
1787004800|20260818061320|957.23
1787004805|20260818061325|957.20
1787004815|20260818061335|957.22
1787004820|20260818061340|957.16
1787004825|20260818061345|957.16
1787004845|20260818061405|957.20
1787004850|20260818061410|957.25
1787004855|20260818061415|957.22
1787004860|20260818061420|957.27
1787004865|20260818061425|957.27
1787004870|20260818061430|957.27
1787004875|20260818061435|957.27
1787004900|20260818061500|957.25
1787004920|20260818061520|957.16
1787004925|20260818061525|957.16
1787004935|20260818061535|957.27
1787004940|20260818061540|957.20
1787004950|20260818061550|957.16
1787004965|20260818061605|957.18
1787004970|20260818061610|957.23
1787004975|20260818061615|957.26
1787004980|20260818061620|957.26
1787005000|20260818061640|957.26
1787005005|20260818061645|957.22
1787005015|20260818061655|957.36
1787005025|20260818061705|957.29
1787005035|20260818061715|957.28
1787005040|20260818061720|957.27
1787005045|20260818061725|957.27
1787005055|20260818061735|957.24
1787005060|20260818061740|957.25
1787005065|20260818061745|957.19
1787005070|20260818061750|957.20
1787005075|20260818061755|957.12
1787005085|20260818061805|957.19
1787005090|20260818061810|957.22
1787005105|20260818061825|957.23
1787005115|20260818061835|957.12
1787005120|20260818061840|957.10
1787005125|20260818061845|957.10
1787005130|20260818061850|957.09
1787005135|20260818061855|957.09
1787005150|20260818061910|957.09
1787005155|20260818061915|957.10
1787005160|20260818061920|957.08
1787005165|20260818061925|957.08
1787005180|20260818061940|957.10
1787005200|20260818062000|957.04
1787005210|20260818062010|957.07
1787005215|20260818062015|957.06
1787005225|20260818062025|957.05
1787005235|20260818062035|957.07
1787005240|20260818062040|957.01
1787005250|20260818062050|957.15
1787005255|20260818062055|957.16
1787005265|20260818062105|957.08
1787005275|20260818062115|957.05
1787005280|20260818062120|957.07
1787005285|20260818062125|957.05
1787005295|20260818062135|956.99
1787005300|20260818062140|956.98
1787005305|20260818062145|956.98
1787005310|20260818062150|957.02
1787005315|20260818062155|957.02
1787005325|20260818062205|957.01
1787005330|20260818062210|956.99
1787005340|20260818062220|956.99
1787005345|20260818062225|956.99
1787005360|20260818062240|957.02
1787005370|20260818062250|957.05
1787005390|20260818062310|957.03
1787005400|20260818062320|957.03
1787005405|20260818062325|957.04
1787005415|20260818062335|957.07
1787005420|20260818062340|957.05
1787005425|20260818062345|957.00
1787005430|20260818062350|956.99
1787005435|20260818062355|956.96
1787005450|20260818062410|956.96
1787005460|20260818062420|956.95
1787005465|20260818062425|956.99
1787005510|20260818062510|957.01
1787005515|20260818062515|956.96
1787005520|20260818062520|956.95
1787005535|20260818062535|956.95
1787005540|20260818062540|956.97
1787005545|20260818062545|956.96
1787005550|20260818062550|956.91
1787005555|20260818062555|956.93
1787005565|20260818062605|956.95
1787005570|20260818062610|956.91
1787005575|20260818062615|956.92
1787005600|20260818062640|956.80
1787005605|20260818062645|956.72
1787005615|20260818062655|956.58
1787005625|20260818062705|956.56
1787005630|20260818062710|956.37
1787005635|20260818062715|956.37
1787005640|20260818062720|956.39
1787005655|20260818062735|956.34
1787005665|20260818062745|956.34
1787005670|20260818062750|956.37
1787005685|20260818062805|956.45
1787005690|20260818062810|956.36
1787005695|20260818062815|956.32
1787005705|20260818062825|956.27
1787005715|20260818062835|956.25
1787005720|20260818062840|956.24
1787005725|20260818062845|956.24
1787005730|20260818062850|956.26
1787005735|20260818062855|956.27
1787005745|20260818062905|956.27
1787005750|20260818062910|956.26
1787005755|20260818062915|956.25
1787005760|20260818062920|956.29
1787005765|20260818062925|956.32
1787005805|20260818063005|956.28
1787005810|20260818063010|956.29
1787005820|20260818063020|956.44
1787005825|20260818063025|956.39
1787005835|20260818063035|956.52
1787005840|20260818063040|956.39
1787005845|20260818063045|956.37
1787005850|20260818063050|956.41
1787005855|20260818063055|956.40
1787005865|20260818063105|956.34
1787005870|20260818063110|956.33
1787005875|20260818063115|956.33
1787005880|20260818063120|956.30
1787005895|20260818063135|956.21
1787005900|20260818063140|956.25
1787005905|20260818063145|956.28
1787005915|20260818063155|956.29
1787005925|20260818063205|956.32
1787005930|20260818063210|956.28
1787005940|20260818063220|956.28
1787005945|20260818063225|956.21
1787005955|20260818063235|956.23
1787005960|20260818063240|956.25
1787005965|20260818063245|956.31
1787005970|20260818063250|956.29
1787005975|20260818063255|956.31
1787005985|20260818063305|956.30
1787005990|20260818063310|956.32
1787005995|20260818063315|956.30
1787006000|20260818063320|956.23
1787006005|20260818063325|956.23
1787006020|20260818063340|956.24
1787006025|20260818063345|956.20
1787006030|20260818063350|956.22
1787006035|20260818063355|956.24
1787006055|20260818063415|956.38
1787006060|20260818063420|956.41
1787006065|20260818063425|956.41
1787006120|20260818063520|956.36
1787006135|20260818063535|956.40
1787006145|20260818063545|956.40
1787006170|20260818063610|956.36
1787006175|20260818063615|956.39
1787006180|20260818063620|956.49
1787006200|20260818063640|956.63
1787006210|20260818063650|956.67
1787006215|20260818063655|956.70
1787006225|20260818063705|956.68
1787006230|20260818063710|956.67
1787006235|20260818063715|956.68
1787006240|20260818063720|956.71
1787006245|20260818063725|956.69
1787006255|20260818063735|956.80
1787006260|20260818063740|956.77
1787006270|20260818063750|956.76
1787006275|20260818063755|956.77
1787006285|20260818063805|956.76
1787006290|20260818063810|956.73
1787006295|20260818063815|956.55
1787006315|20260818063835|956.57
1787006330|20260818063850|956.58
1787006335|20260818063855|956.54
1787006340|20260818063900|956.52
1787006350|20260818063910|956.55
1787006355|20260818063915|956.56
1787006365|20260818063925|956.57
1787006400|20260818064000|956.48
1787006405|20260818064005|956.52
1787006410|20260818064010|956.50
1787006415|20260818064015|956.52
1787006420|20260818064020|956.53
1787006435|20260818064035|956.54
1787006440|20260818064040|956.55
1787006445|20260818064045|956.53
1787006450|20260818064050|956.52
1787006455|20260818064055|956.44
1787006465|20260818064105|956.48
1787006470|20260818064110|956.49
1787006475|20260818064115|956.49
1787006480|20260818064120|956.52
1787006485|20260818064125|956.59
1787006495|20260818064135|956.69
1787006500|20260818064140|956.64
1787006505|20260818064145|956.65
1787006510|20260818064150|956.62
1787006515|20260818064155|956.62
1787006525|20260818064205|956.64
1787006530|20260818064210|956.62
1787006535|20260818064215|956.62
1787006540|20260818064220|956.65
1787006545|20260818064225|956.61
1787006555|20260818064235|956.65
1787006560|20260818064240|956.62
1787006565|20260818064245|956.66
1787006570|20260818064250|956.71
1787006575|20260818064255|956.72
1787006585|20260818064305|956.77
1787006595|20260818064315|956.76
1787006600|20260818064320|956.79
1787006605|20260818064325|956.81
1787006620|20260818064340|956.78
1787006625|20260818064345|956.86
1787006630|20260818064350|956.86
1787006635|20260818064355|956.87
1787006640|20260818064400|957.01
1787006645|20260818064405|956.87
1787006650|20260818064410|956.90
1787006655|20260818064415|956.84
1787006715|20260818064515|956.78
