1791561600|20261010000000|901.33
1791561605|20261010000005|901.25
1791561615|20261010000015|901.27
1791561620|20261010000020|901.27
1791561625|20261010000025|901.16
1791561645|20261010000045|901.33
1791561665|20261010000105|901.57
1791561675|20261010000115|901.58
1791561680|20261010000120|901.74
1791561685|20261010000125|901.79
1791561695|20261010000135|901.93
1791561700|20261010000140|901.95
1791561705|20261010000145|901.93
1791561710|20261010000150|902.02
1791561715|20261010000155|902.11
1791561725|20261010000205|902.02
1791561730|20261010000210|901.94
1791561735|20261010000215|901.94
1791561740|20261010000220|901.93
1791561745|20261010000225|901.95
1791561755|20261010000235|901.96
1791561770|20261010000250|901.81
1791561790|20261010000310|901.82
1791561795|20261010000315|901.76
1791561800|20261010000320|901.88
1791561805|20261010000325|901.82
1791561820|20261010000340|901.86
1791561825|20261010000345|901.88
1791561835|20261010000355|901.93
1791561845|20261010000405|902.06
1791561850|20261010000410|902.06
1791561855|20261010000415|902.08
1791561860|20261010000420|901.99
1791561865|20261010000425|902.02
1791561900|20261010000500|902.06
1791561905|20261010000505|902.07
1791561910|20261010000510|902.10
1791561915|20261010000515|902.10
1791561920|20261010000520|902.21
1791561925|20261010000525|902.18
1791561935|20261010000535|902.18
1791561945|20261010000545|902.17
1791561950|20261010000550|902.18
1791561965|20261010000605|902.07
1791561970|20261010000610|901.88
1791561975|20261010000615|901.87
1791561985|20261010000625|901.80
1791562000|20261010000640|901.97
1791562005|20261010000645|901.98
1791562010|20261010000650|902.01
1791562025|20261010000705|902.04
1791562030|20261010000710|902.10
1791562035|20261010000715|902.06
1791562040|20261010000720|902.13
1791562055|20261010000735|902.27
1791562060|20261010000740|902.30
1791562070|20261010000750|902.21
1791562095|20261010000815|902.27
1791562100|20261010000820|902.32
1791562105|20261010000825|902.30
1791562115|20261010000835|902.24
1791562145|20261010000905|902.30
1791562160|20261010000920|902.34
1791562165|20261010000925|902.26
1791562210|20261010001010|902.07
1791562215|20261010001015|902.08
1791562225|20261010001025|902.14
1791562235|20261010001035|902.06
1791562250|20261010001050|902.10
1791562255|20261010001055|902.24
1791562265|20261010001105|902.20
1791562275|20261010001115|902.21
1791562285|20261010001125|902.01
1791562295|20261010001135|901.95
1791562300|20261010001140|901.96
1791562305|20261010001145|901.98
1791562330|20261010001210|902.02
1791562335|20261010001215|902.00
1791562345|20261010001225|902.01
1791562395|20261010001315|901.99
1791562400|20261010001320|901.99
1791562405|20261010001325|902.01
1791562420|20261010001340|901.97
1791562445|20261010001405|902.09
1791562450|20261010001410|902.07
1791562455|20261010001415|902.08
1791562460|20261010001420|902.08
1791562465|20261010001425|902.24
1791562475|20261010001435|902.22
1791562510|20261010001510|902.13
1791562520|20261010001520|902.14
1791562535|20261010001535|902.16
1791562545|20261010001545|902.07
1791562550|20261010001550|902.05
1791562555|20261010001555|902.06
1791562580|20261010001620|902.11
1791562600|20261010001640|902.17
1791562605|20261010001645|902.15
1791562610|20261010001650|902.17
1791562630|20261010001710|902.17
1791562635|20261010001715|902.18
1791562645|20261010001725|902.13
1791562655|20261010001735|902.27
1791562660|20261010001740|902.26
1791562665|20261010001745|902.26
1791562685|20261010001805|902.17
1791562690|20261010001810|902.19
1791562695|20261010001815|902.16
1791562700|20261010001820|902.12
1791562705|20261010001825|902.13
1791562725|20261010001845|902.03
1791562740|20261010001900|901.91
1791562745|20261010001905|901.88
1791562750|20261010001910|901.88
1791562755|20261010001915|901.88
1791562760|20261010001920|901.87
1791562800|20261010002000|901.75
1791562805|20261010002005|901.83
1791562815|20261010002015|901.83
1791562825|20261010002025|901.73
1791562835|20261010002035|901.71
1791562845|20261010002045|901.67
1791562850|20261010002050|901.65
1791562910|20261010002150|901.41
