1790697607|20260930000007|896.64
1790697892|20260930000452|895.35
1790697902|20260930000502|895.44
1790698027|20260930000707|894.94
1790698350|20260930001230|895.58
1790698482|20260930001442|894.86
1790698563|20260930001603|895.28
1790698733|20260930001853|894.69
1790698929|20260930002209|894.65
1790699048|20260930002408|895.32
1790699109|20260930002509|895.16
1790699332|20260930002852|895.71
1790699412|20260930003012|895.60
1790699431|20260930003031|895.26
1790699810|20260930003650|895.82
1790699965|20260930003925|895.07
1790700003|20260930004003|895.38
1790700292|20260930004452|894.34
1790700346|20260930004546|893.72
1790700540|20260930004900|894.58
1790700696|20260930005136|895.02
1790700898|20260930005458|894.21
1790700901|20260930005501|894.32
1790701011|20260930005651|893.70
1790701392|20260930010312|893.69
1790701499|20260930010459|894.35
1790701577|20260930010617|894.40
1790701737|20260930010857|893.63
1790701801|20260930011001|893.89
1790701966|20260930011246|894.45
1790702202|20260930011642|894.05
1790702375|20260930011935|894.59
1790702464|20260930012104|893.99
1790702601|20260930012321|894.57
1790702961|20260930012921|894.06
1790702996|20260930012956|894.52
1790703069|20260930013109|894.63
1790703255|20260930013415|894.15
1790703326|20260930013526|894.43
1790703554|20260930013914|893.76
1790703708|20260930014148|893.52
1790703889|20260930014449|893.94
1790703976|20260930014616|894.26
1790704028|20260930014708|893.45
1790704267|20260930015107|894.10
1790704488|20260930015448|893.29
1790704710|20260930015830|893.21
1790704778|20260930015938|893.59
1790704800|20260930020000|893.57
1790705096|20260930020456|897.80
1790705220|20260930020700|897.90
1790705398|20260930020958|896.26
1790705405|20260930021005|896.22
1790705632|20260930021352|898.71
1790705786|20260930021626|899.16
1790705993|20260930021953|898.30
1790706193|20260930022313|898.87
1790706299|20260930022459|897.69
1790706313|20260930022513|897.58
1790706536|20260930022856|898.87
1790706619|20260930023019|898.86
1790706832|20260930023352|897.09
1790706937|20260930023537|897.87
1790707192|20260930023952|900.40
1790707215|20260930024015|900.44
1790707455|20260930024415|899.08
1790707501|20260930024501|899.31
1790707791|20260930024951|898.13
1790707848|20260930025048|898.04
1790708001|20260930025321|899.43
1790708132|20260930025532|898.76
1790708354|20260930025914|899.59
1790708556|20260930030236|899.19
1790708691|20260930030451|899.88
1790708920|20260930030840|899.77
1790708981|20260930030941|899.17
1790709003|20260930031003|899.30
1790709177|20260930031257|898.72
1790709334|20260930031534|898.75
1790709540|20260930031900|899.33
1790709703|20260930032143|899.51
1790709898|20260930032458|899.02
1790710013|20260930032653|898.87
1790710194|20260930032954|899.52
1790710202|20260930033002|899.51
1790710426|20260930033346|899.08
1790710539|20260930033539|899.31
1790710762|20260930033922|900.03
1790710800|20260930034000|899.76
1790710951|20260930034231|899.24
1790711100|20260930034500|899.73
1790711160|20260930034600|899.25
1790711460|20260930035100|899.17
1790711684|20260930035444|900.26
1790711881|20260930035801|899.81
1790711995|20260930035955|900.76
1790712000|20260930040000|900.77
1790712123|20260930040203|899.96
1790712338|20260930040538|900.02
1790712588|20260930040948|900.48
1790712600|20260930041000|900.44
1790712897|20260930041457|899.67
1790712988|20260930041628|899.53
1790713137|20260930041857|900.05
1790713213|20260930042013|899.86
1790713379|20260930042259|900.34
1790713510|20260930042510|900.03
1790713751|20260930042911|900.55
1790713855|20260930043055|900.29
1790714043|20260930043403|901.09
1790714128|20260930043528|900.83
1790714372|20260930043932|901.65
1790714402|20260930044002|901.56
1790714605|20260930044325|902.34
1790714718|20260930044518|902.47
1790714993|20260930044953|901.75
1790715001|20260930045001|901.76
1790715242|20260930045402|901.19
1790715310|20260930045510|901.38
1790715553|20260930045913|901.93
1790719213|20260930060013|902.28
1790719335|20260930060215|901.96
1790719504|20260930060504|902.08
1790719507|20260930060507|901.54
1790719887|20260930061127|902.00
1790720033|20260930061353|901.59
1790720347|20260930061907|901.50
1790720387|20260930061947|901.72
1790720463|20260930062103|901.62
1790720487|20260930062127|901.85
1790720832|20260930062712|901.88
1790720984|20260930062944|901.29
1790721005|20260930063005|901.37
1790721299|20260930063459|901.06
1790721302|20260930063502|901.11
1790721365|20260930063605|900.63
1790721651|20260930064051|900.83
1790721746|20260930064226|901.03
1790721909|20260930064509|900.79
1790722099|20260930064819|901.04
1790722401|20260930065321|900.81
1790722491|20260930065451|901.15
1790722584|20260930065624|901.34
1790722793|20260930065953|901.04
1790722800|20260930070000|901.08
1790723002|20260930070322|901.50
1790723100|20260930070500|901.25
1790723220|20260930070700|901.59
1790723419|20260930071019|901.41
1790723682|20260930071442|901.79
1790723700|20260930071500|901.77
1790723889|20260930071809|902.12
1790724040|20260930072040|901.92
1790724188|20260930072308|901.32
1790724415|20260930072655|901.43
1790724500|20260930072820|901.73
1790724606|20260930073006|901.52
1790724768|20260930073248|901.05
1790724932|20260930073532|901.34
1790725157|20260930073917|901.14
1790725260|20260930074100|901.14
1790725326|20260930074206|901.47
1790725502|20260930074502|901.34
1790725787|20260930074947|902.49
1790725990|20260930075310|902.16
1790726093|20260930075453|902.91
1790726157|20260930075557|902.97
1790726389|20260930075949|902.34
1790726450|20260930080050|902.91
1790726648|20260930080408|901.92
1790726717|20260930080517|901.99
1790726869|20260930080749|902.49
1790727207|20260930081327|902.60
1790727278|20260930081438|902.12
1790727310|20260930081510|902.46
1790727482|20260930081802|901.65
1790727710|20260930082150|902.24
1790727752|20260930082232|901.62
1790727908|20260930082508|901.64
1790728161|20260930082921|902.06
1790728365|20260930083245|901.48
1790728448|20260930083408|902.26
1790728522|20260930083522|902.21
1790728662|20260930083742|901.06
1790728896|20260930084136|901.70
1790729084|20260930084444|900.95
1790729214|20260930084654|901.29
1790729348|20260930084908|900.75
1790729427|20260930085027|900.67
1790729515|20260930085155|901.31
1790729747|20260930085547|901.37
1790729995|20260930085955|900.64
1790730021|20260930090021|900.37
1790730078|20260930090118|901.67
1790730306|20260930090506|901.18
1790730499|20260930090819|900.12
1790730658|20260930091058|899.65
1790730741|20260930091221|900.40
1790731039|20260930091719|900.17
1790731147|20260930091907|899.40
1790731293|20260930092133|899.66
1790731464|20260930092424|898.98
1790731559|20260930092559|899.30
1790731790|20260930092950|898.73
1790731802|20260930093002|898.71
1790731857|20260930093057|899.78
1790732167|20260930093607|899.34
1790732338|20260930093858|898.62
1790732598|20260930094318|898.44
1790732663|20260930094423|899.04
1790732753|20260930094553|898.57
1790732880|20260930094800|899.38
1790733094|20260930095134|899.01
1790733217|20260930095337|899.48
1790733478|20260930095758|899.65
1790733558|20260930095918|899.12
1790733601|20260930100001|899.37
1790733703|20260930100143|899.89
1790733913|20260930100513|899.56
1790734054|20260930100734|900.61
1790734330|20260930101210|900.69
1790734378|20260930101258|900.09
1790734505|20260930101505|900.31
1790734719|20260930101839|900.91
1790734804|20260930102004|900.48
1790734994|20260930102314|901.17
1790735174|20260930102614|900.78
1790735274|20260930102754|900.09
1790735405|20260930103005|900.29
1790735578|20260930103258|899.19
1790735700|20260930103500|899.55
1790735909|20260930103829|900.76
1790736134|20260930104214|900.10
1790736293|20260930104453|900.71
1790736304|20260930104504|900.71
1790736480|20260930104800|901.83
1790736686|20260930105126|901.94
1790736881|20260930105441|901.14
1790737051|20260930105731|901.59
1790737163|20260930105923|900.62
1790737202|20260930110002|900.82
1790737341|20260930110221|901.51
1790737504|20260930110504|901.45
1790737746|20260930110906|900.93
1790737814|20260930111014|901.15
1790738073|20260930111433|900.55
1790738208|20260930111648|900.44
1790738316|20260930111836|901.03
1790738441|20260930112041|900.55
1790738656|20260930112416|901.04
1790738832|20260930112712|900.59
1790738996|20260930112956|901.05
1790739003|20260930113003|901.07
1790739297|20260930113457|899.81
1790739373|20260930113613|899.63
1790739588|20260930113948|900.37
1790739617|20260930114017|900.32
1790739765|20260930114245|899.73
1790739909|20260930114509|899.97
1790740162|20260930114922|899.40
1790740408|20260930115328|899.07
1790740491|20260930115451|899.64
1790740587|20260930115627|899.86
1790740788|20260930115948|899.34
1790740810|20260930120010|899.34
1790741063|20260930120423|900.09
1790741111|20260930120511|900.10
1790741355|20260930120915|899.28
1790741645|20260930121405|899.28
1790741685|20260930121445|899.66
1790741701|20260930121501|899.62
1790741915|20260930121835|900.54
1790742215|20260930122335|900.20
1790742281|20260930122441|900.49
1790742342|20260930122542|900.35
1790742422|20260930122702|900.81
1790742692|20260930123132|900.38
1790742882|20260930123442|900.72
1790742901|20260930123501|900.64
1790743136|20260930123856|901.66
1790743237|20260930124037|901.99
1790743484|20260930124444|901.21
1790743572|20260930124612|901.34
1790743797|20260930124957|900.61
1790743932|20260930125212|900.46
1790744053|20260930125413|900.85
1790744181|20260930125621|900.54
1790744393|20260930125953|900.81
1790744405|20260930130005|900.71
1790744476|20260930130116|901.48
1790744781|20260930130621|901.12
1790744966|20260930130926|900.18
1790745096|20260930131136|900.48
1790745297|20260930131457|899.38
1790745300|20260930131500|899.39
1790745483|20260930131803|897.90
1790745627|20260930132027|898.48
1790745696|20260930132136|899.10
1790745968|20260930132608|898.83
1790746186|20260930132946|899.90
1790746205|20260930133005|899.44
1790746401|20260930133321|900.91
1790746577|20260930133617|900.98
1790746718|20260930133838|899.87
1790746849|20260930134049|899.80
1790747075|20260930134435|900.51
1790747197|20260930134637|900.41
1790747260|20260930134740|899.88
1790747406|20260930135006|900.14
1790747629|20260930135349|899.75
1790747772|20260930135612|899.60
1790747951|20260930135911|901.02
1790748137|20260930140217|900.03
1790748295|20260930140455|901.14
1790748429|20260930140709|901.31
1790748537|20260930140857|900.83
1790748606|20260930141006|901.19
1790748752|20260930141232|901.85
1790749023|20260930141703|901.95
1790749198|20260930141958|900.96
1790749271|20260930142111|900.68
1790749467|20260930142427|901.61
1790749512|20260930142512|901.43
1790749773|20260930142933|900.84
1790749848|20260930143048|900.68
1790749914|20260930143154|901.11
1790750156|20260930143556|900.84
1790750307|20260930143827|901.66
1790750498|20260930144138|900.76
1790750680|20260930144440|901.53
1790750710|20260930144510|901.54
1790750923|20260930144843|900.92
