1788796807|20260908000007|952.62
1788797001|20260908000321|952.18
1788797114|20260908000514|952.35
1788797399|20260908000959|952.77
1788797631|20260908001351|953.15
1788797698|20260908001458|952.68
1788797713|20260908001513|952.86
1788797981|20260908001941|952.11
1788798160|20260908002240|952.20
1788798269|20260908002429|952.44
1788798319|20260908002519|952.21
1788798430|20260908002710|952.52
1788798810|20260908003330|952.42
1788798887|20260908003447|952.09
1788798948|20260908003548|952.34
1788799168|20260908003928|951.94
1788799210|20260908004010|952.02
1788799479|20260908004439|952.48
1788799515|20260908004515|952.52
1788799669|20260908004749|952.18
1788799821|20260908005021|952.52
1788800074|20260908005434|952.20
1788800128|20260908005528|952.22
1788800384|20260908005944|952.49
1788800485|20260908010125|952.65
1788800655|20260908010415|952.29
1788800733|20260908010533|952.58
1788800866|20260908010746|952.10
1788801003|20260908011003|952.25
1788801151|20260908011231|951.98
1788801394|20260908011634|952.03
1788801537|20260908011857|952.38
1788801600|20260908012000|952.29
1788801809|20260908012329|952.04
1788801950|20260908012550|952.21
1788801965|20260908012605|952.01
1788802241|20260908013041|952.16
1788802470|20260908013430|951.53
1788802544|20260908013544|951.55
1788802690|20260908013810|951.74
1788802833|20260908014033|951.59
1788802955|20260908014235|951.75
1788803116|20260908014516|951.77
1788803132|20260908014532|951.50
1788803423|20260908015023|951.76
1788803629|20260908015349|951.34
1788803702|20260908015502|951.42
1788803979|20260908015939|950.92
1788804134|20260908020214|950.67
1788804236|20260908020356|951.26
1788804328|20260908020528|950.84
1788804490|20260908020810|951.39
1788804613|20260908021013|951.34
1788804887|20260908021447|950.36
1788804948|20260908021548|950.55
1788805009|20260908021649|950.16
1788805235|20260908022035|950.33
1788805397|20260908022317|950.77
1788805541|20260908022541|950.04
1788805735|20260908022855|950.80
1788805810|20260908023010|950.78
1788805810|20260908023010|950.78
1788806103|20260908023503|950.78
1788806103|20260908023503|950.78
1788806413|20260908024013|950.78
1788806413|20260908024013|950.78
1788806706|20260908024506|950.78
1788806706|20260908024506|950.78
1788807000|20260908025000|950.78
1788807000|20260908025000|950.78
1788807309|20260908025509|950.78
1788807309|20260908025509|950.78
1788807603|20260908030003|950.78
1788807603|20260908030003|950.78
1788818466|20260908060106|952.47
1788818623|20260908060343|951.68
1788818771|20260908060611|952.30
1788818938|20260908060858|951.96
1788819119|20260908061159|952.25
1788819242|20260908061402|952.02
1788819318|20260908061518|952.24
1788819405|20260908061645|952.03
1788819601|20260908062001|952.27
1788819808|20260908062328|951.79
1788819901|20260908062501|951.90
1788820197|20260908062957|951.46
1788820200|20260908063000|951.49
1788820321|20260908063201|951.25
1788820657|20260908063737|951.54
1788820770|20260908063930|951.20
1788820847|20260908064047|951.46
1788821006|20260908064326|951.05
1788821111|20260908064511|951.23
1788821326|20260908064846|950.73
1788821402|20260908065002|950.77
1788821697|20260908065457|951.05
1788821715|20260908065515|951.16
1788821894|20260908065814|950.92
1788822001|20260908070001|950.95
1788822297|20260908070457|952.00
1788822339|20260908070539|952.08
1788822587|20260908070947|951.60
1788822620|20260908071020|951.87
1788822890|20260908071450|951.59
1788823031|20260908071711|951.89
1788823135|20260908071855|951.40
1788823344|20260908072224|952.13
1788823456|20260908072416|951.48
1788823558|20260908072558|951.40
1788823619|20260908072659|952.14
1788823800|20260908073000|951.71
1788824096|20260908073456|953.24
1788824239|20260908073719|954.34
1788824269|20260908073749|953.20
1788824449|20260908074049|953.53
1788824698|20260908074458|955.43
1788824704|20260908074504|955.41
1788824822|20260908074702|954.39
1788825038|20260908075038|955.16
1788825287|20260908075447|953.97
1788825333|20260908075533|953.73
1788825474|20260908075754|954.53
1788825603|20260908080003|954.63
1788825733|20260908080213|953.43
1788826023|20260908080703|953.11
1788826198|20260908080958|953.84
1788826200|20260908081000|953.83
1788826373|20260908081253|952.69
1788826545|20260908081545|952.93
1788826737|20260908081857|955.87
1788826908|20260908082148|955.86
1788827059|20260908082419|953.63
1788827260|20260908082740|953.27
1788827368|20260908082928|954.40
1788827472|20260908083112|953.93
1788827618|20260908083338|955.01
1788827820|20260908083700|954.92
1788827975|20260908083935|953.98
1788828060|20260908084100|955.01
1788828242|20260908084402|953.56
1788828381|20260908084621|954.32
1788828528|20260908084848|953.13
1788828801|20260908085321|952.69
1788828891|20260908085451|954.02
1788828903|20260908085503|953.94
1788829194|20260908085954|955.34
1788829294|20260908090134|955.54
1788829486|20260908090446|953.17
1788829628|20260908090708|953.28
1788829799|20260908090959|954.23
1788829818|20260908091018|953.98
1788830062|20260908091422|956.11
1788830236|20260908091716|955.24
1788830290|20260908091810|956.12
1788830403|20260908092003|955.47
1788830633|20260908092353|957.00
1788830872|20260908092752|957.19
1788830925|20260908092845|956.32
1788831115|20260908093155|957.34
1788831282|20260908093442|956.29
1788831405|20260908093645|956.54
1788831557|20260908093917|956.08
1788831667|20260908094107|956.32
1788831769|20260908094249|957.01
1788831900|20260908094500|956.63
1788832195|20260908094955|958.18
1788832200|20260908095000|958.22
1788832346|20260908095226|957.22
1788832632|20260908095712|957.98
1788832683|20260908095803|957.20
1788832875|20260908100115|957.73
1788833025|20260908100345|956.32
1788833112|20260908100512|956.73
1788833399|20260908100959|955.54
1788833486|20260908101126|955.00
1788833580|20260908101300|955.92
1788833705|20260908101505|955.43
1788833781|20260908101621|954.92
1788834087|20260908102127|954.78
1788834257|20260908102417|955.78
1788834311|20260908102511|955.57
1788834525|20260908102845|954.60
1788834646|20260908103046|954.94
1788834703|20260908103143|954.32
1788835069|20260908103749|953.99
1788835185|20260908103945|954.70
1788835425|20260908104345|954.24
1788835480|20260908104440|955.12
1788835538|20260908104538|955.45
1788835778|20260908104938|954.31
1788835823|20260908105023|954.85
1788836015|20260908105335|953.95
1788836128|20260908105528|954.16
1788836365|20260908105925|954.73
1788836508|20260908110148|954.23
1788836622|20260908110342|954.84
1788836808|20260908110648|954.73
1788836999|20260908110959|955.93
1788837063|20260908111103|956.18
1788837242|20260908111402|955.53
1788837381|20260908111621|955.55
1788837573|20260908111933|957.09
1788837668|20260908112108|957.95
1788837763|20260908112243|956.83
1788837909|20260908112509|957.48
1788838128|20260908112848|956.10
1788838250|20260908113050|956.91
1788838409|20260908113329|956.03
1788838575|20260908113615|956.25
1788838736|20260908113856|955.92
1788838805|20260908114005|956.02
1788839077|20260908114437|956.50
1788839130|20260908114530|956.33
1788839387|20260908114947|957.44
1788839443|20260908115043|957.42
1788839532|20260908115212|956.91
1788839777|20260908115617|957.11
1788839993|20260908115953|957.73
1788840001|20260908120001|957.52
1788840272|20260908120432|958.44
1788840346|20260908120546|958.65
1788840554|20260908120914|957.83
1788840636|20260908121036|958.50
1788840839|20260908121359|957.81
1788840972|20260908121612|958.16
1788841197|20260908121957|957.53
1788841208|20260908122008|957.77
1788841445|20260908122405|956.44
1788841514|20260908122514|956.72
1788841663|20260908122743|956.14
1788841955|20260908123235|956.28
1788842056|20260908123416|956.84
1788842224|20260908123704|956.87
1788842342|20260908123902|956.44
1788842409|20260908124009|956.69
1788842623|20260908124343|957.23
1788842713|20260908124513|957.27
1788842990|20260908124950|956.78
