1790611303|20260929000143|889.88
1790611422|20260929000342|889.13
1790611597|20260929000637|889.91
1790611784|20260929000944|889.13
1790611801|20260929001001|889.43
1790612099|20260929001459|888.39
1790612181|20260929001621|888.22
1790612299|20260929001819|890.86
1790612400|20260929002000|890.29
1790612687|20260929002447|892.31
1790612705|20260929002505|892.04
1790612926|20260929002846|895.00
1790613011|20260929003011|894.43
1790613295|20260929003455|892.29
1790613310|20260929003510|892.19
1790613430|20260929003710|893.27
1790613625|20260929004025|892.61
1790613893|20260929004453|891.46
1790613932|20260929004532|891.81
1790614032|20260929004712|890.97
1790614342|20260929005222|890.83
1790614475|20260929005435|891.74
1790614500|20260929005500|891.72
1790614664|20260929005744|890.77
1790614804|20260929010004|891.09
1790614952|20260929010232|890.54
1790615122|20260929010522|890.98
1790615213|20260929010653|890.33
1790615464|20260929011104|890.31
1790615554|20260929011234|894.71
1790615705|20260929011505|893.81
1790615991|20260929011951|892.02
1790616005|20260929012005|891.93
1790616189|20260929012309|892.65
1790616340|20260929012540|892.83
1790616545|20260929012905|892.11
1790616604|20260929013004|892.27
1790616719|20260929013159|893.13
1790617047|20260929013727|892.93
1790617196|20260929013956|891.98
1790617205|20260929014005|891.99
1790617330|20260929014210|893.06
1790617691|20260929014811|892.36
1790617790|20260929014950|893.01
1790617824|20260929015024|893.31
1790618046|20260929015406|892.69
1790618105|20260929015505|893.05
1790618379|20260929015939|892.02
1790618497|20260929020137|891.96
1790618671|20260929020431|892.69
1790618771|20260929020611|892.85
1790618845|20260929020725|892.28
1790619037|20260929021037|892.96
1790619209|20260929021329|892.17
1790619302|20260929021502|892.42
1790619498|20260929021818|891.96
1790619602|20260929022002|892.02
1790619763|20260929022243|892.73
1790619937|20260929022537|892.10
1790620025|20260929022705|892.44
1790620258|20260929023058|892.38
1790620455|20260929023415|891.52
1790620501|20260929023501|891.61
1790620675|20260929023755|892.27
1790620809|20260929024009|892.01
1790621033|20260929024353|893.13
1790621334|20260929024854|892.72
1790621336|20260929024856|893.23
1790621486|20260929025126|892.89
1790621596|20260929025316|893.71
1790621724|20260929025524|893.00
1790621930|20260929025850|893.45
1790622002|20260929030002|893.21
1790622129|20260929030209|891.54
1790622304|20260929030504|892.26
1790622453|20260929030733|891.33
1790622649|20260929031049|891.42
1790622692|20260929031132|891.84
1790622936|20260929031536|891.60
1790623179|20260929031939|892.18
1790623215|20260929032015|892.49
1790623394|20260929032314|891.55
1790623566|20260929032606|891.34
1790623741|20260929032901|892.16
1790623895|20260929033135|892.19
1790624055|20260929033415|891.02
1790624195|20260929033635|892.09
1790624396|20260929033956|891.00
1790624533|20260929034213|891.38
1790624567|20260929034247|890.75
1790624701|20260929034501|891.00
1790624990|20260929034950|890.10
1790625120|20260929035200|890.46
1790625296|20260929035456|889.81
1790625386|20260929035626|889.48
1790625436|20260929035716|890.01
1790625619|20260929040019|889.73
1790625710|20260929040150|889.02
1790625916|20260929040516|889.43
1790626117|20260929040837|888.38
1790626242|20260929041042|888.54
1790626486|20260929041446|889.36
1790626546|20260929041546|889.25
1790626734|20260929041854|889.60
1790627026|20260929042346|889.74
1790627094|20260929042454|889.14
1790627104|20260929042504|889.16
1790627296|20260929042816|888.35
1790627447|20260929043047|888.65
1790627672|20260929043432|888.06
1790627773|20260929043613|887.98
1790627979|20260929043939|888.29
1790628140|20260929044220|888.53
1790628251|20260929044411|887.61
1790628428|20260929044708|887.79
1790628498|20260929044818|887.20
1790628607|20260929045007|887.13
1790628893|20260929045453|887.77
1790628940|20260929045540|887.43
1790629138|20260929045858|887.98
1790632895|20260929060135|887.97
1790633094|20260929060454|889.20
1790633108|20260929060508|889.11
1790633344|20260929060904|889.64
1790633410|20260929061010|889.61
1790633526|20260929061206|888.99
1790633777|20260929061617|889.46
1790633892|20260929061812|889.77
1790634000|20260929062000|889.62
1790634220|20260929062340|890.39
1790634407|20260929062647|889.85
1790634505|20260929062825|890.37
1790634601|20260929063001|890.17
1790634730|20260929063210|889.28
1790634995|20260929063635|889.83
1790635192|20260929063952|889.43
1790635200|20260929064000|889.44
1790635272|20260929064112|890.12
1790635504|20260929064504|889.80
1790635600|20260929064640|890.09
1790635820|20260929065020|889.88
1790635998|20260929065318|889.06
1790636118|20260929065518|889.20
1790636280|20260929065800|889.40
1790636402|20260929070002|889.27
1790636468|20260929070108|889.69
1790636702|20260929070502|889.38
1790636802|20260929070642|889.72
1790637040|20260929071040|889.49
1790637299|20260929071459|890.10
1790637394|20260929071634|890.22
1790637584|20260929071944|889.82
1790637706|20260929072146|889.87
1790637895|20260929072455|890.35
1790637904|20260929072504|890.35
1790638010|20260929072650|890.91
1790638240|20260929073040|890.91
1790638497|20260929073457|890.52
1790638612|20260929073652|890.20
1790638786|20260929073946|890.69
1790638807|20260929074007|890.74
1790638913|20260929074153|890.24
1790639102|20260929074502|890.42
1790639211|20260929074651|889.44
1790639424|20260929075024|889.63
1790639609|20260929075329|890.10
1790639826|20260929075706|889.82
1790639993|20260929075953|890.61
1790640005|20260929080005|890.64
1790640253|20260929080413|889.73
1790640409|20260929080649|890.29
1790640584|20260929080944|889.60
1790640627|20260929081027|889.74
1790640750|20260929081230|889.04
1790640908|20260929081508|889.56
1790641109|20260929081829|887.78
1790641288|20260929082128|888.80
1790641433|20260929082353|887.86
1790641568|20260929082608|887.97
1790641763|20260929082923|889.67
1790641891|20260929083131|888.88
1790642064|20260929083424|890.28
1790642125|20260929083525|890.45
1790642373|20260929083933|889.51
1790642497|20260929084137|889.94
1790642671|20260929084431|888.96
1790642703|20260929084503|889.19
1790642904|20260929084824|887.89
1790643068|20260929085108|889.09
1790643158|20260929085238|887.79
1790643472|20260929085752|888.28
1790643536|20260929085856|889.45
1790643626|20260929090026|887.58
1790643753|20260929090233|890.05
1790644000|20260929090640|889.73
1790644056|20260929090736|887.79
1790644316|20260929091156|888.48
1790644498|20260929091458|890.08
1790644573|20260929091613|890.70
1790644708|20260929091828|888.38
1790644800|20260929092000|889.86
1790645085|20260929092445|891.52
1790645172|20260929092612|891.70
1790645199|20260929092639|890.45
1790645422|20260929093022|891.57
1790645547|20260929093227|890.19
1790645705|20260929093505|891.07
1790645998|20260929093958|889.62
1790646045|20260929094045|889.47
1790646290|20260929094450|891.65
1790646315|20260929094515|891.32
1790646562|20260929094922|892.53
1790646613|20260929095013|892.28
1790646730|20260929095210|890.80
1790646991|20260929095631|891.51
1790647099|20260929095819|892.15
