1791561600|20261010000000|901.33
1791561605|20261010000005|901.25
1791561615|20261010000015|901.27
1791561620|20261010000020|901.27
1791561625|20261010000025|901.16
1791561645|20261010000045|901.33
1791561665|20261010000105|901.57
1791561675|20261010000115|901.58
1791561680|20261010000120|901.74
1791561685|20261010000125|901.79
1791561695|20261010000135|901.93
1791561700|20261010000140|901.95
1791561705|20261010000145|901.93
1791561710|20261010000150|902.02
1791561715|20261010000155|902.11
1791561725|20261010000205|902.02
1791561730|20261010000210|901.94
1791561735|20261010000215|901.94
1791561740|20261010000220|901.93
1791561745|20261010000225|901.95
1791561755|20261010000235|901.96
1791561770|20261010000250|901.81
1791561790|20261010000310|901.82
1791561795|20261010000315|901.76
1791561800|20261010000320|901.88
1791561805|20261010000325|901.82
1791561820|20261010000340|901.86
1791561825|20261010000345|901.88
1791561835|20261010000355|901.93
1791561845|20261010000405|902.06
1791561850|20261010000410|902.06
1791561855|20261010000415|902.08
1791561860|20261010000420|901.99
1791561865|20261010000425|902.02
1791561900|20261010000500|902.06
1791561905|20261010000505|902.07
1791561910|20261010000510|902.10
1791561915|20261010000515|902.10
1791561920|20261010000520|902.21
1791561925|20261010000525|902.18
1791561935|20261010000535|902.18
1791561945|20261010000545|902.17
1791561950|20261010000550|902.18
1791561965|20261010000605|902.07
1791561970|20261010000610|901.88
1791561975|20261010000615|901.87
1791561985|20261010000625|901.80
1791562000|20261010000640|901.97
1791562005|20261010000645|901.98
1791562010|20261010000650|902.01
1791562025|20261010000705|902.04
1791562030|20261010000710|902.10
1791562035|20261010000715|902.06
1791562040|20261010000720|902.13
1791562055|20261010000735|902.27
1791562060|20261010000740|902.30
1791562070|20261010000750|902.21
1791562095|20261010000815|902.27
1791562100|20261010000820|902.32
1791562105|20261010000825|902.30
1791562115|20261010000835|902.24
1791562145|20261010000905|902.30
1791562160|20261010000920|902.34
1791562165|20261010000925|902.26
1791562210|20261010001010|902.07
1791562215|20261010001015|902.08
1791562225|20261010001025|902.14
1791562235|20261010001035|902.06
1791562250|20261010001050|902.10
1791562255|20261010001055|902.24
1791562265|20261010001105|902.20
1791562275|20261010001115|902.21
1791562285|20261010001125|902.01
1791562295|20261010001135|901.95
1791562300|20261010001140|901.96
1791562305|20261010001145|901.98
1791562330|20261010001210|902.02
1791562335|20261010001215|902.00
1791562345|20261010001225|902.01
1791562395|20261010001315|901.99
1791562400|20261010001320|901.99
1791562405|20261010001325|902.01
1791562420|20261010001340|901.97
1791562445|20261010001405|902.09
1791562450|20261010001410|902.07
1791562455|20261010001415|902.08
1791562460|20261010001420|902.08
1791562465|20261010001425|902.24
1791562475|20261010001435|902.22
1791562510|20261010001510|902.13
1791562520|20261010001520|902.14
1791562535|20261010001535|902.16
1791562545|20261010001545|902.07
1791562550|20261010001550|902.05
1791562555|20261010001555|902.06
1791562580|20261010001620|902.11
1791562600|20261010001640|902.17
1791562605|20261010001645|902.15
1791562610|20261010001650|902.17
1791562630|20261010001710|902.17
1791562635|20261010001715|902.18
1791562645|20261010001725|902.13
1791562655|20261010001735|902.27
1791562660|20261010001740|902.26
1791562665|20261010001745|902.26
1791562685|20261010001805|902.17
1791562690|20261010001810|902.19
1791562695|20261010001815|902.16
1791562700|20261010001820|902.12
1791562705|20261010001825|902.13
1791562725|20261010001845|902.03
1791562740|20261010001900|901.91
1791562745|20261010001905|901.88
1791562750|20261010001910|901.88
1791562755|20261010001915|901.88
1791562760|20261010001920|901.87
1791562800|20261010002000|901.75
1791562805|20261010002005|901.83
1791562815|20261010002015|901.83
1791562825|20261010002025|901.73
1791562835|20261010002035|901.71
1791562845|20261010002045|901.67
1791562850|20261010002050|901.65
1791562855|20261010002055|901.65
1791562865|20261010002105|901.69
1791562875|20261010002115|901.53
1791562880|20261010002120|901.55
1791562885|20261010002125|901.55
1791562895|20261010002135|901.39
1791562905|20261010002145|901.35
1791562910|20261010002150|901.41
1791562925|20261010002205|901.39
1791562930|20261010002210|901.44
1791562935|20261010002215|901.46
1791562940|20261010002220|901.47
1791562945|20261010002225|901.44
1791562960|20261010002240|901.39
1791562965|20261010002245|901.38
1791562970|20261010002250|901.41
1791562985|20261010002305|901.47
1791562990|20261010002310|901.46
1791563000|20261010002320|901.44
1791563005|20261010002325|901.46
1791563025|20261010002345|901.28
1791563030|20261010002350|901.32
1791563045|20261010002405|901.40
1791563050|20261010002410|901.35
1791563055|20261010002415|901.33
1791563060|20261010002420|901.30
1791563065|20261010002425|901.32
1791563085|20261010002445|901.37
1791563105|20261010002505|901.29
1791563110|20261010002510|901.30
1791563120|20261010002520|901.34
1791563125|20261010002525|901.31
1791563135|20261010002535|901.27
1791563145|20261010002545|901.25
1791563150|20261010002550|901.23
1791563170|20261010002610|901.33
1791563175|20261010002615|901.35
1791563195|20261010002635|901.27
1791563225|20261010002705|901.40
1791563230|20261010002710|901.40
1791563235|20261010002715|901.44
1791563245|20261010002725|901.53
1791563265|20261010002745|901.54
1791563270|20261010002750|901.35
1791563275|20261010002755|901.37
1791563285|20261010002805|901.32
1791563290|20261010002810|901.36
1791563305|20261010002825|901.41
1791563325|20261010002845|901.35
1791563350|20261010002910|901.37
1791563360|20261010002920|901.35
1791563400|20261010003000|901.36
1791563405|20261010003005|901.24
1791563410|20261010003010|901.29
1791563415|20261010003015|901.27
1791563420|20261010003020|901.28
1791563425|20261010003025|901.21
1791563435|20261010003035|901.21
1791563440|20261010003040|901.28
1791563445|20261010003045|901.26
1791563450|20261010003050|901.12
1791563455|20261010003055|901.12
1791563465|20261010003105|901.08
1791563475|20261010003115|901.04
1791563480|20261010003120|901.02
1791563495|20261010003135|901.01
1791563500|20261010003140|900.89
1791563510|20261010003150|900.93
1791563530|20261010003210|900.88
1791563535|20261010003215|900.88
1791563540|20261010003220|900.84
1791563545|20261010003225|900.93
1791563575|20261010003255|900.85
1791563585|20261010003305|900.92
1791563590|20261010003310|900.94
1791563595|20261010003315|900.84
1791563615|20261010003335|900.85
1791563620|20261010003340|900.81
1791563650|20261010003410|900.81
1791563655|20261010003415|900.82
1791563710|20261010003510|900.65
1791563740|20261010003540|900.78
1791563755|20261010003555|900.80
1791563765|20261010003605|900.68
1791563770|20261010003610|900.62
1791563775|20261010003615|900.61
1791563780|20261010003620|900.63
1791563785|20261010003625|900.67
1791563800|20261010003640|900.79
1791563805|20261010003645|900.85
1791563810|20261010003650|900.75
1791563815|20261010003655|900.77
1791563825|20261010003705|900.79
1791563830|20261010003710|900.92
1791563835|20261010003715|900.90
1791563840|20261010003720|900.90
1791563845|20261010003725|900.91
1791563855|20261010003735|900.98
1791563860|20261010003740|900.95
1791563870|20261010003750|900.98
1791563875|20261010003755|900.99
1791563885|20261010003805|900.98
1791563890|20261010003810|900.97
1791563900|20261010003820|901.00
1791563905|20261010003825|900.93
1791563915|20261010003835|900.97
1791563920|20261010003840|900.96
1791563925|20261010003845|900.97
1791563930|20261010003850|900.93
1791563945|20261010003905|900.96
1791563950|20261010003910|900.90
1791563960|20261010003920|901.00
1791563965|20261010003925|900.99
1791564000|20261010004000|901.09
1791564005|20261010004005|901.10
1791564010|20261010004010|901.16
1791564015|20261010004015|901.18
1791564020|20261010004020|901.24
1791564025|20261010004025|901.24
1791564035|20261010004035|901.25
1791564040|20261010004040|901.31
1791564045|20261010004045|901.32
1791564050|20261010004050|901.35
1791564055|20261010004055|901.34
1791564065|20261010004105|901.37
1791564070|20261010004110|901.37
1791564075|20261010004115|901.35
1791564080|20261010004120|901.39
1791564085|20261010004125|901.45
1791564095|20261010004135|901.43
1791564100|20261010004140|901.44
1791564105|20261010004145|901.46
1791564110|20261010004150|901.43
1791564115|20261010004155|901.38
1791564125|20261010004205|901.43
1791564130|20261010004210|901.44
1791564135|20261010004215|901.45
1791564140|20261010004220|901.54
1791564145|20261010004225|901.59
1791564160|20261010004240|901.67
1791564170|20261010004250|901.66
1791564175|20261010004255|901.72
1791564185|20261010004305|901.70
1791564190|20261010004310|901.72
1791564195|20261010004315|901.71
1791564200|20261010004320|901.70
1791564215|20261010004335|901.70
1791564230|20261010004350|901.76
1791564245|20261010004405|901.74
1791564250|20261010004410|901.71
1791564255|20261010004415|901.72
1791564260|20261010004420|901.75
1791564265|20261010004425|901.74
1791564300|20261010004500|901.78
1791564305|20261010004505|901.81
1791564315|20261010004515|901.79
1791564320|20261010004520|901.85
1791564325|20261010004525|901.93
1791564345|20261010004545|902.08
1791564350|20261010004550|902.02
1791564355|20261010004555|902.09
1791564365|20261010004605|902.25
1791564375|20261010004615|902.33
1791564380|20261010004620|902.04
1791564385|20261010004625|902.09
1791564395|20261010004635|902.01
1791564405|20261010004645|901.90
1791564415|20261010004655|901.92
1791564430|20261010004710|901.96
1791564435|20261010004715|901.99
1791564440|20261010004720|901.99
1791564445|20261010004725|901.99
1791564465|20261010004745|901.99
1791564470|20261010004750|901.98
1791564475|20261010004755|902.00
1791564485|20261010004805|901.90
1791564490|20261010004810|901.90
1791564495|20261010004815|901.87
1791564500|20261010004820|901.88
1791564525|20261010004845|901.96
1791564560|20261010004920|901.94
1791564565|20261010004925|901.93
1791564600|20261010005000|901.87
1791564605|20261010005005|901.88
1791564610|20261010005010|901.88
1791564615|20261010005015|901.94
1791564625|20261010005025|901.93
1791564635|20261010005035|901.87
1791564640|20261010005040|901.92
1791564645|20261010005045|901.92
1791564650|20261010005050|901.93
1791564655|20261010005055|901.94
1791564665|20261010005105|901.97
1791564670|20261010005110|901.94
1791564675|20261010005115|901.94
1791564680|20261010005120|901.93
1791564685|20261010005125|901.95
1791564700|20261010005140|901.96
1791564710|20261010005150|901.90
1791564715|20261010005155|901.91
1791564725|20261010005205|901.88
1791564730|20261010005210|901.89
1791564735|20261010005215|901.92
1791564740|20261010005220|901.93
1791564745|20261010005225|901.94
1791564755|20261010005235|901.87
1791564760|20261010005240|901.87
1791564795|20261010005315|901.86
1791564800|20261010005320|901.85
1791564805|20261010005325|901.85
1791564815|20261010005335|901.82
1791564820|20261010005340|901.81
1791564825|20261010005345|901.92
1791564830|20261010005350|901.88
1791564835|20261010005355|901.89
1791564845|20261010005405|901.89
1791564850|20261010005410|901.91
1791564860|20261010005420|901.85
1791564865|20261010005425|901.88
1791564895|20261010005455|901.76
1791564910|20261010005510|901.79
1791564915|20261010005515|901.79
1791564920|20261010005520|901.81
1791564925|20261010005525|901.78
1791564940|20261010005540|901.80
1791564950|20261010005550|901.86
1791564965|20261010005605|901.90
1791564970|20261010005610|901.96
1791564975|20261010005615|901.97
1791564985|20261010005625|901.97
1791564995|20261010005635|901.96
1791565000|20261010005640|901.99
1791565005|20261010005645|902.00
1791565015|20261010005655|901.98
1791565035|20261010005715|902.02
1791565040|20261010005720|902.03
1791565045|20261010005725|901.92
1791565055|20261010005735|901.89
1791565070|20261010005750|901.88
1791565075|20261010005755|901.88
1791565085|20261010005805|901.86
1791565090|20261010005810|901.87
1791565095|20261010005815|901.83
1791565100|20261010005820|901.81
1791565105|20261010005825|901.82
1791565115|20261010005835|901.82
1791565125|20261010005845|901.86
1791565130|20261010005850|901.81
1791565160|20261010005920|902.01
1791565165|20261010005925|901.97
1791565200|20261010010000|901.82
1791565205|20261010010005|901.91
1791565210|20261010010010|901.91
1791565215|20261010010015|901.86
1791565220|20261010010020|901.98
1791565225|20261010010025|901.99
1791565235|20261010010035|902.06
1791565245|20261010010045|901.93
1791565250|20261010010050|901.98
1791565265|20261010010105|901.96
1791565270|20261010010110|901.97
1791565275|20261010010115|901.98
1791565280|20261010010120|901.98
1791565285|20261010010125|901.93
1791565310|20261010010150|901.92
1791565315|20261010010155|901.89
1791565325|20261010010205|901.87
1791565330|20261010010210|901.90
1791565335|20261010010215|901.84
1791565340|20261010010220|901.89
1791565345|20261010010225|901.87
1791565355|20261010010235|901.87
1791565360|20261010010240|901.83
1791565365|20261010010245|901.89
1791565385|20261010010305|902.01
1791565390|20261010010310|902.01
1791565395|20261010010315|902.02
1791565400|20261010010320|902.03
1791565405|20261010010325|902.03
1791565425|20261010010345|902.09
1791565435|20261010010355|902.06
1791565455|20261010010415|902.07
1791565460|20261010010420|902.05
1791565465|20261010010425|902.13
1791565505|20261010010505|902.04
1791565510|20261010010510|902.01
1791565515|20261010010515|902.03
1791565520|20261010010520|902.01
1791565525|20261010010525|901.96
1791565535|20261010010535|902.00
1791565540|20261010010540|902.04
1791565545|20261010010545|902.05
1791565550|20261010010550|902.03
1791565555|20261010010555|901.97
1791565565|20261010010605|901.79
1791565570|20261010010610|901.90
1791565575|20261010010615|901.76
1791565580|20261010010620|901.74
1791565605|20261010010645|901.61
1791565615|20261010010655|901.56
1791565625|20261010010705|901.55
1791565630|20261010010710|901.57
1791565635|20261010010715|901.55
1791565640|20261010010720|901.54
1791565645|20261010010725|901.59
1791565655|20261010010735|901.54
1791565675|20261010010755|901.68
1791565690|20261010010810|901.69
1791565695|20261010010815|901.65
1791565700|20261010010820|901.63
1791565735|20261010010855|901.44
1791565745|20261010010905|901.21
1791565750|20261010010910|901.14
1791565755|20261010010915|901.10
1791565760|20261010010920|901.07
1791565765|20261010010925|901.04
1791565780|20261010010940|901.17
1791565805|20261010011005|901.24
1791565810|20261010011010|901.23
1791565815|20261010011015|901.24
1791565820|20261010011020|901.35
1791565835|20261010011035|901.36
1791565840|20261010011040|901.34
1791565845|20261010011045|901.35
1791565865|20261010011105|901.44
1791565870|20261010011110|901.47
1791565875|20261010011115|901.44
1791565880|20261010011120|901.44
1791565895|20261010011135|901.53
1791565905|20261010011145|901.58
1791565910|20261010011150|901.56
1791565925|20261010011205|901.62
1791565930|20261010011210|901.63
1791565940|20261010011220|901.60
1791565945|20261010011225|901.59
1791565960|20261010011240|901.55
1791565990|20261010011310|901.62
1791565995|20261010011315|901.62
1791566000|20261010011320|901.64
1791566005|20261010011325|901.71
1791566025|20261010011345|901.73
1791566030|20261010011350|901.71
1791566045|20261010011405|901.96
1791566050|20261010011410|901.92
1791566060|20261010011420|901.91
1791566065|20261010011425|901.84
1791566105|20261010011505|901.93
1791566110|20261010011510|901.95
1791566115|20261010011515|901.98
1791566120|20261010011520|902.12
1791566125|20261010011525|902.11
1791566135|20261010011535|902.16
1791566140|20261010011540|902.15
1791566145|20261010011545|902.15
1791566170|20261010011610|902.37
1791566175|20261010011615|902.32
1791566180|20261010011620|902.33
1791566185|20261010011625|902.44
1791566195|20261010011635|902.50
1791566205|20261010011645|902.36
1791566225|20261010011705|902.57
1791566230|20261010011710|902.58
1791566235|20261010011715|902.54
1791566245|20261010011725|902.47
1791566255|20261010011735|902.45
1791566265|20261010011745|902.51
1791566285|20261010011805|902.62
1791566295|20261010011815|902.67
1791566300|20261010011820|902.61
1791566305|20261010011825|902.60
1791566315|20261010011835|902.64
1791566325|20261010011845|902.62
1791566330|20261010011850|902.67
1791566350|20261010011910|902.50
1791566355|20261010011915|902.56
1791566360|20261010011920|902.53
1791566365|20261010011925|902.53
1791566400|20261010012000|902.29
1791566420|20261010012020|902.38
1791566425|20261010012025|902.38
1791566435|20261010012035|902.43
1791566440|20261010012040|902.41
1791566445|20261010012045|902.53
1791566455|20261010012055|902.60
1791566465|20261010012105|902.56
1791566470|20261010012110|902.56
1791566475|20261010012115|902.58
1791566480|20261010012120|902.58
1791566485|20261010012125|902.56
1791566495|20261010012135|902.43
1791566510|20261010012150|902.39
1791566515|20261010012155|902.50
1791566525|20261010012205|902.54
1791566530|20261010012210|902.54
1791566545|20261010012225|902.55
1791566555|20261010012235|902.52
1791566560|20261010012240|902.58
1791566565|20261010012245|902.56
1791566570|20261010012250|902.49
1791566595|20261010012315|902.39
1791566605|20261010012325|902.38
1791566615|20261010012335|902.43
1791566635|20261010012355|902.25
1791566645|20261010012405|902.25
1791566650|20261010012410|902.29
1791566655|20261010012415|902.19
1791566660|20261010012420|902.19
1791566665|20261010012425|902.19
1791566710|20261010012510|902.17
1791566715|20261010012515|902.10
1791566720|20261010012520|902.09
1791566725|20261010012525|901.98
1791566735|20261010012535|902.07
1791566745|20261010012545|902.11
1791566750|20261010012550|902.07
1791566755|20261010012555|902.08
1791566765|20261010012605|902.00
1791566770|20261010012610|901.90
1791566775|20261010012615|901.90
1791566780|20261010012620|901.89
1791566785|20261010012625|901.97
1791566795|20261010012635|901.97
1791566800|20261010012640|901.97
1791566810|20261010012650|902.03
1791566815|20261010012655|901.86
1791566825|20261010012705|901.87
1791566830|20261010012710|901.85
1791566835|20261010012715|901.89
1791566840|20261010012720|901.87
1791566855|20261010012735|901.98
1791566860|20261010012740|902.00
1791566865|20261010012745|902.13
1791566870|20261010012750|902.14
1791566875|20261010012755|902.14
1791566885|20261010012805|901.97
1791566895|20261010012815|902.06
1791566900|20261010012820|902.03
1791566905|20261010012825|902.06
1791566915|20261010012835|902.08
1791566930|20261010012850|902.05
1791566935|20261010012855|902.04
1791566945|20261010012905|901.89
1791566955|20261010012915|901.90
1791566965|20261010012925|901.88
1791567000|20261010013000|901.78
1791567015|20261010013015|901.89
1791567020|20261010013020|901.90
1791567025|20261010013025|901.88
1791567045|20261010013045|902.01
1791567055|20261010013055|901.98
1791567065|20261010013105|901.91
1791567070|20261010013110|901.91
1791567075|20261010013115|901.93
1791567080|20261010013120|901.94
1791567085|20261010013125|902.01
1791567095|20261010013135|901.96
1791567100|20261010013140|901.94
1791567105|20261010013145|901.99
1791567115|20261010013155|901.90
1791567125|20261010013205|901.88
1791567130|20261010013210|902.13
1791567135|20261010013215|902.39
1791567140|20261010013220|902.36
1791567145|20261010013225|902.39
1791567155|20261010013235|902.30
1791567160|20261010013240|902.30
1791567165|20261010013245|902.06
1791567170|20261010013250|902.00
1791567175|20261010013255|902.02
1791567185|20261010013305|902.04
1791567190|20261010013310|902.06
1791567195|20261010013315|901.99
1791567200|20261010013320|901.98
1791567205|20261010013325|901.96
1791567215|20261010013335|901.97
1791567225|20261010013345|901.99
1791567230|20261010013350|901.96
1791567245|20261010013405|902.00
1791567255|20261010013415|901.96
1791567260|20261010013420|901.95
1791567265|20261010013425|901.96
1791567305|20261010013505|901.87
1791567315|20261010013515|901.97
1791567340|20261010013540|902.20
1791567350|20261010013550|902.25
1791567355|20261010013555|902.34
1791567365|20261010013605|902.33
1791567370|20261010013610|902.34
1791567385|20261010013625|902.37
1791567395|20261010013635|902.45
1791567400|20261010013640|902.49
1791567405|20261010013645|902.52
1791567410|20261010013650|902.50
1791567415|20261010013655|902.50
1791567425|20261010013705|902.42
1791567435|20261010013715|902.46
1791567440|20261010013720|902.45
1791567445|20261010013725|902.45
1791567455|20261010013735|902.48
1791567460|20261010013740|902.46
1791567465|20261010013745|902.47
1791567470|20261010013750|902.44
1791567475|20261010013755|902.34
1791567495|20261010013815|902.45
1791567500|20261010013820|902.45
1791567505|20261010013825|902.39
1791567515|20261010013835|902.45
1791567520|20261010013840|902.38
1791567525|20261010013845|902.39
1791567545|20261010013905|902.52
1791567550|20261010013910|902.49
1791567565|20261010013925|902.45
1791567600|20261010014000|902.27
1791567605|20261010014005|902.30
1791567610|20261010014010|902.29
1791567615|20261010014015|902.27
1791567620|20261010014020|902.30
1791567625|20261010014025|902.28
1791567640|20261010014040|902.35
1791567645|20261010014045|902.36
1791567650|20261010014050|902.37
1791567655|20261010014055|902.35
1791567665|20261010014105|902.39
1791567670|20261010014110|902.34
1791567675|20261010014115|902.33
1791567680|20261010014120|902.35
1791567685|20261010014125|902.34
1791567695|20261010014135|902.34
1791567700|20261010014140|902.38
1791567705|20261010014145|902.39
1791567710|20261010014150|902.31
1791567725|20261010014205|902.33
1791567730|20261010014210|902.40
1791567735|20261010014215|902.43
1791567740|20261010014220|902.43
1791567745|20261010014225|902.43
1791567755|20261010014235|902.42
1791567760|20261010014240|902.43
1791567765|20261010014245|902.43
1791567770|20261010014250|902.40
1791567775|20261010014255|902.37
1791567785|20261010014305|902.40
1791567790|20261010014310|902.41
1791567795|20261010014315|902.41
1791567800|20261010014320|902.44
1791567805|20261010014325|902.49
1791567815|20261010014335|902.49
1791567820|20261010014340|902.47
1791567825|20261010014345|902.49
1791567830|20261010014350|902.45
1791567835|20261010014355|902.42
1791567845|20261010014405|902.31
1791567850|20261010014410|902.33
1791567860|20261010014420|902.38
1791567880|20261010014440|902.31
1791567910|20261010014510|902.24
1791567920|20261010014520|902.26
1791567925|20261010014525|902.26
1791567945|20261010014545|902.34
1791567965|20261010014605|902.35
1791567970|20261010014610|902.37
1791567975|20261010014615|902.35
1791567980|20261010014620|902.35
1791567985|20261010014625|902.34
1791568000|20261010014640|902.32
1791568005|20261010014645|902.31
1791568010|20261010014650|902.30
1791568015|20261010014655|902.61
1791568025|20261010014705|902.48
1791568030|20261010014710|902.67
1791568045|20261010014725|902.61
1791568055|20261010014735|902.52
1791568060|20261010014740|902.54
1791568065|20261010014745|902.53
1791568070|20261010014750|902.52
1791568085|20261010014805|902.53
1791568115|20261010014835|902.44
1791568120|20261010014840|902.48
1791568125|20261010014845|902.49
1791568155|20261010014915|902.42
1791568200|20261010015000|902.52
1791568205|20261010015005|902.51
1791568210|20261010015010|902.50
1791568215|20261010015015|902.47
1791568220|20261010015020|902.47
1791568235|20261010015035|902.54
1791568245|20261010015045|902.49
1791568250|20261010015050|902.49
1791568255|20261010015055|902.56
1791568265|20261010015105|902.57
1791568270|20261010015110|902.59
1791568295|20261010015135|902.66
1791568305|20261010015145|902.73
1791568315|20261010015155|902.75
1791568325|20261010015205|902.93
1791568330|20261010015210|903.01
1791568335|20261010015215|902.98
1791568340|20261010015220|903.19
1791568345|20261010015225|903.19
1791568355|20261010015235|903.08
1791568360|20261010015240|903.09
1791568365|20261010015245|903.06
1791568375|20261010015255|903.13
1791568385|20261010015305|903.13
1791568395|20261010015315|903.16
1791568400|20261010015320|903.12
1791568405|20261010015325|903.15
1791568415|20261010015335|903.13
1791568420|20261010015340|903.07
1791568425|20261010015345|903.02
1791568430|20261010015350|903.04
1791568450|20261010015410|902.92
1791568455|20261010015415|902.96
1791568460|20261010015420|902.97
1791568465|20261010015425|902.99
1791568480|20261010015440|902.96
1791568505|20261010015505|903.09
1791568510|20261010015510|903.15
1791568515|20261010015515|903.16
1791568520|20261010015520|903.14
1791568525|20261010015525|903.14
1791568535|20261010015535|903.16
1791568540|20261010015540|903.14
1791568545|20261010015545|903.03
1791568550|20261010015550|903.03
1791568555|20261010015555|903.04
1791568565|20261010015605|903.05
1791568570|20261010015610|903.07
1791568575|20261010015615|903.04
1791568580|20261010015620|903.06
1791568585|20261010015625|903.05
1791568595|20261010015635|903.05
1791568600|20261010015640|903.01
1791568605|20261010015645|902.99
1791568610|20261010015650|903.02
1791568615|20261010015655|902.98
1791568620|20261010015700|903.00
1791568630|20261010015710|902.97
1791568635|20261010015715|902.99
1791568640|20261010015720|902.92
1791568645|20261010015725|902.87
1791568655|20261010015735|902.87
1791568660|20261010015740|902.88
1791568665|20261010015745|902.88
1791568670|20261010015750|902.91
1791568675|20261010015755|902.89
1791568685|20261010015805|902.81
1791568690|20261010015810|902.80
1791568695|20261010015815|902.80
1791568700|20261010015820|902.82
1791568715|20261010015835|902.77
1791568720|20261010015840|902.80
1791568735|20261010015855|902.75
1791568750|20261010015910|902.79
1791568755|20261010015915|902.76
1791568760|20261010015920|902.72
1791568765|20261010015925|902.74
1791568800|20261010020000|902.77
1791568805|20261010020005|902.77
1791568815|20261010020015|902.91
1791568820|20261010020020|902.94
1791568825|20261010020025|902.77
1791568835|20261010020035|903.06
1791568840|20261010020040|903.09
1791568875|20261010020115|903.03
1791568880|20261010020120|903.02
1791568885|20261010020125|903.02
1791568895|20261010020135|903.02
1791568900|20261010020140|903.09
1791568905|20261010020145|903.08
1791568915|20261010020155|903.15
1791568925|20261010020205|903.11
1791568930|20261010020210|903.06
1791568935|20261010020215|903.09
1791568940|20261010020220|903.07
1791568960|20261010020240|903.05
1791568965|20261010020245|903.05
1791568975|20261010020255|903.06
1791568985|20261010020305|903.03
1791568995|20261010020315|903.11
1791569015|20261010020335|903.03
1791569020|20261010020340|903.05
1791569025|20261010020345|903.01
1791569060|20261010020420|903.03
1791569065|20261010020425|902.99
1791569110|20261010020510|903.00
1791569115|20261010020515|902.98
1791569120|20261010020520|902.97
1791569125|20261010020525|902.98
1791569135|20261010020535|903.01
1791569150|20261010020550|903.06
1791569155|20261010020555|903.15
1791569165|20261010020605|903.18
1791569175|20261010020615|903.15
1791569180|20261010020620|903.12
1791569185|20261010020625|903.19
1791569195|20261010020635|903.35
1791569205|20261010020645|903.28
1791569215|20261010020655|903.18
1791569225|20261010020705|903.15
1791569230|20261010020710|903.16
1791569235|20261010020715|903.15
1791569240|20261010020720|903.15
1791569245|20261010020725|903.14
1791569265|20261010020745|903.17
1791569270|20261010020750|903.21
1791569290|20261010020810|903.23
1791569305|20261010020825|903.20
1791569320|20261010020840|903.27
1791569325|20261010020845|903.26
1791569335|20261010020855|903.25
1791569350|20261010020910|903.26
1791569355|20261010020915|903.42
1791569360|20261010020920|903.51
1791569400|20261010021000|903.52
1791569405|20261010021005|903.56
1791569410|20261010021010|903.70
1791569415|20261010021015|903.67
1791569420|20261010021020|903.68
1791569425|20261010021025|903.67
1791569435|20261010021035|903.68
1791569450|20261010021050|903.77
1791569470|20261010021110|903.69
1791569475|20261010021115|903.70
1791569485|20261010021125|903.69
1791569495|20261010021135|903.59
1791569500|20261010021140|903.54
1791569505|20261010021145|903.50
1791569525|20261010021205|903.37
1791569530|20261010021210|903.35
1791569535|20261010021215|903.39
1791569540|20261010021220|903.39
1791569545|20261010021225|903.33
1791569575|20261010021255|903.35
1791569590|20261010021310|903.40
1791569600|20261010021320|903.38
1791569605|20261010021325|903.37
1791569615|20261010021335|903.31
1791569620|20261010021340|903.31
1791569630|20261010021350|903.37
1791569635|20261010021355|903.33
1791569645|20261010021405|903.32
1791569650|20261010021410|903.33
1791569655|20261010021415|903.33
1791569660|20261010021420|903.37
1791569665|20261010021425|903.35
1791569705|20261010021505|903.23
1791569710|20261010021510|903.16
1791569715|20261010021515|903.19
1791569720|20261010021520|903.20
1791569725|20261010021525|903.19
1791569735|20261010021535|903.14
1791569745|20261010021545|903.14
1791569755|20261010021555|903.09
1791569770|20261010021610|902.98
1791569775|20261010021615|902.91
1791569785|20261010021625|902.91
1791569795|20261010021635|902.95
1791569800|20261010021640|902.95
1791569805|20261010021645|902.94
1791569810|20261010021650|903.00
1791569815|20261010021655|902.98
1791569820|20261010021700|902.99
1791569825|20261010021705|903.07
1791569830|20261010021710|903.06
1791569835|20261010021715|903.06
1791569840|20261010021720|903.02
1791569855|20261010021735|903.04
1791569860|20261010021740|903.04
1791569865|20261010021745|903.03
1791569870|20261010021750|902.97
1791569885|20261010021805|902.93
1791569890|20261010021810|902.94
1791569900|20261010021820|902.88
1791569905|20261010021825|902.90
1791569915|20261010021835|902.85
1791569920|20261010021840|902.89
1791569925|20261010021845|902.89
1791569930|20261010021850|902.92
1791569935|20261010021855|902.97
1791569950|20261010021910|902.96
1791569955|20261010021915|902.98
1791569965|20261010021925|903.06
1791570005|20261010022005|903.05
1791570015|20261010022015|902.98
1791570025|20261010022025|903.05
1791570035|20261010022035|903.01
1791570050|20261010022050|903.07
1791570065|20261010022105|903.10
1791570070|20261010022110|903.11
1791570075|20261010022115|903.11
1791570095|20261010022135|903.07
1791570100|20261010022140|903.06
1791570105|20261010022145|903.05
1791570115|20261010022155|902.99
1791570125|20261010022205|903.02
1791570130|20261010022210|902.94
1791570135|20261010022215|902.99
1791570140|20261010022220|903.01
1791570145|20261010022225|902.99
1791570160|20261010022240|903.13
1791570165|20261010022245|903.08
1791570190|20261010022310|903.02
1791570195|20261010022315|903.04
1791570200|20261010022320|903.04
1791570205|20261010022325|903.01
1791570215|20261010022335|903.01
1791570220|20261010022340|903.02
1791570230|20261010022350|903.02
1791570235|20261010022355|902.94
1791570245|20261010022405|903.00
1791570250|20261010022410|903.01
1791570255|20261010022415|902.97
1791570260|20261010022420|902.95
1791570265|20261010022425|902.95
1791570305|20261010022505|902.91
1791570310|20261010022510|902.88
1791570335|20261010022535|902.95
1791570345|20261010022545|902.90
1791570355|20261010022555|902.91
1791570365|20261010022605|902.91
1791570370|20261010022610|902.92
1791570375|20261010022615|902.96
1791570380|20261010022620|902.99
1791570385|20261010022625|902.97
1791570405|20261010022645|902.94
1791570410|20261010022650|902.95
1791570415|20261010022655|902.89
1791570430|20261010022710|902.86
1791570435|20261010022715|902.85
1791570440|20261010022720|902.83
1791570445|20261010022725|902.83
1791570455|20261010022735|902.85
1791570465|20261010022745|902.84
1791570485|20261010022805|902.94
1791570490|20261010022810|902.94
1791570495|20261010022815|902.93
1791570505|20261010022825|902.82
1791570515|20261010022835|902.83
1791570530|20261010022850|902.83
1791570545|20261010022905|902.82
1791570550|20261010022910|902.81
1791570555|20261010022915|902.81
1791570560|20261010022920|902.84
1791570565|20261010022925|902.84
1791570575|20261010022935|902.82
1791570605|20261010023005|902.84
1791570610|20261010023010|902.83
1791570615|20261010023015|902.87
1791570620|20261010023020|902.89
1791570625|20261010023025|902.89
1791570640|20261010023040|902.85
1791570645|20261010023045|902.85
1791570650|20261010023050|902.87
1791570655|20261010023055|902.77
1791570665|20261010023105|902.68
1791570670|20261010023110|902.68
1791570675|20261010023115|902.67
1791570680|20261010023120|902.57
1791570685|20261010023125|902.51
1791570705|20261010023145|902.38
1791570710|20261010023150|902.41
1791570715|20261010023155|902.33
1791570725|20261010023205|902.30
1791570730|20261010023210|902.29
1791570735|20261010023215|902.31
1791570740|20261010023220|902.27
1791570745|20261010023225|902.35
1791570755|20261010023235|902.31
1791570760|20261010023240|902.29
1791570765|20261010023245|902.30
1791570775|20261010023255|902.24
1791570785|20261010023305|902.28
1791570790|20261010023310|902.26
1791570795|20261010023315|902.25
1791570815|20261010023335|902.18
1791570820|20261010023340|902.18
1791570825|20261010023345|902.19
1791570830|20261010023350|902.20
1791570840|20261010023400|902.23
1791570845|20261010023405|902.26
1791570850|20261010023410|902.27
1791570855|20261010023415|902.21
1791570860|20261010023420|902.24
1791570865|20261010023425|902.24
1791570895|20261010023455|902.24
1791570900|20261010023500|902.21
1791570905|20261010023505|902.19
1791570910|20261010023510|902.22
1791570915|20261010023515|902.18
1791570920|20261010023520|902.17
1791570925|20261010023525|902.19
1791570940|20261010023540|902.18
1791570945|20261010023545|902.21
1791570950|20261010023550|902.20
1791570965|20261010023605|902.21
1791570970|20261010023610|902.20
1791570975|20261010023615|902.22
1791570980|20261010023620|902.24
1791570985|20261010023625|902.35
1791571010|20261010023650|902.30
1791571025|20261010023705|902.27
1791571030|20261010023710|902.27
1791571035|20261010023715|902.24
1791571040|20261010023720|902.27
1791571045|20261010023725|902.27
1791571060|20261010023740|902.37
1791571075|20261010023755|902.38
1791571085|20261010023805|902.40
1791571090|20261010023810|902.42
1791571100|20261010023820|902.37
1791571120|20261010023840|902.38
1791571125|20261010023845|902.39
1791571145|20261010023905|902.33
1791571150|20261010023910|902.34
1791571155|20261010023915|902.35
1791571160|20261010023920|902.34
1791571165|20261010023925|902.34
1791571195|20261010023955|902.48
1791571205|20261010024005|902.55
1791571215|20261010024015|902.60
1791571220|20261010024020|902.64
1791571225|20261010024025|902.64
1791571235|20261010024035|902.68
1791571245|20261010024045|902.58
1791571250|20261010024050|902.60
1791571255|20261010024055|902.64
1791571265|20261010024105|902.59
1791571275|20261010024115|902.59
1791571280|20261010024120|902.63
1791571285|20261010024125|902.68
1791571305|20261010024145|902.63
1791571310|20261010024150|902.64
1791571325|20261010024205|902.80
1791571330|20261010024210|902.88
1791571335|20261010024215|902.93
1791571340|20261010024220|902.95
1791571345|20261010024225|902.95
1791571355|20261010024235|902.93
1791571365|20261010024245|902.98
1791571370|20261010024250|903.05
1791571375|20261010024255|903.04
1791571385|20261010024305|903.08
1791571390|20261010024310|903.08
1791571395|20261010024315|903.08
1791571405|20261010024325|903.07
1791571415|20261010024335|903.10
1791571425|20261010024345|903.13
1791571430|20261010024350|903.13
1791571455|20261010024415|903.17
1791571460|20261010024420|903.18
1791571465|20261010024425|903.07
1791571510|20261010024510|903.04
1791571520|20261010024520|902.95
1791571525|20261010024525|902.97
1791571555|20261010024555|902.74
1791571565|20261010024605|902.72
1791571570|20261010024610|902.69
1791571575|20261010024615|902.70
1791571585|20261010024625|902.66
1791571595|20261010024635|903.24
1791571605|20261010024645|903.38
1791571610|20261010024650|903.53
1791571615|20261010024655|903.72
1791571635|20261010024715|903.61
1791571645|20261010024725|903.62
1791571660|20261010024740|903.89
1791571665|20261010024745|903.76
1791571675|20261010024755|903.61
1791571685|20261010024805|903.26
1791571690|20261010024810|903.12
1791571695|20261010024815|903.11
1791571700|20261010024820|903.22
1791571705|20261010024825|903.22
1791571720|20261010024840|902.94
1791571725|20261010024845|902.93
1791571730|20261010024850|902.94
1791571750|20261010024910|902.77
1791571755|20261010024915|902.76
1791571760|20261010024920|902.64
1791571765|20261010024925|902.72
1791571775|20261010024935|902.76
1791571780|20261010024940|902.79
1791571810|20261010025010|903.55
1791571845|20261010025045|903.77
1791571850|20261010025050|904.09
1791571855|20261010025055|903.93
1791571870|20261010025110|904.10
1791571880|20261010025120|904.04
1791571885|20261010025125|903.98
1791571905|20261010025145|903.91
1791571915|20261010025155|903.55
1791571925|20261010025205|903.45
1791571930|20261010025210|903.40
1791571935|20261010025215|903.43
1791571940|20261010025220|903.44
1791571945|20261010025225|903.48
1791571985|20261010025305|903.36
1791571995|20261010025315|903.37
1791572000|20261010025320|903.32
1791572015|20261010025335|903.38
1791572020|20261010025340|903.36
1791572025|20261010025345|903.29
1791572030|20261010025350|903.33
1791572035|20261010025355|903.21
1791572045|20261010025405|903.33
1791572050|20261010025410|903.35
1791572055|20261010025415|903.36
1791572060|20261010025420|903.26
1791572110|20261010025510|903.33
1791572115|20261010025515|903.29
1791572120|20261010025520|903.29
1791572125|20261010025525|903.29
1791572140|20261010025540|903.04
1791572145|20261010025545|903.00
1791572150|20261010025550|902.99
1791572165|20261010025605|902.89
1791572170|20261010025610|902.91
1791572175|20261010025615|902.91
1791572185|20261010025625|902.82
1791572195|20261010025635|902.89
1791572200|20261010025640|902.91
1791572210|20261010025650|902.94
1791572215|20261010025655|902.96
1791572225|20261010025705|902.94
1791572230|20261010025710|902.87
1791572235|20261010025715|902.88
1791572240|20261010025720|902.90
1791572245|20261010025725|902.87
1791572265|20261010025745|902.84
1791572270|20261010025750|902.84
1791572290|20261010025810|902.84
1791572295|20261010025815|902.79
1791572300|20261010025820|902.81
1791572325|20261010025845|902.73
1791572330|20261010025850|902.74
1791572335|20261010025855|902.75
1791572345|20261010025905|902.70
1791572355|20261010025915|902.88
1791572365|20261010025925|902.95
1791572400|20261010030000|903.52
1791572405|20261010030005|903.53
1791572410|20261010030010|903.45
1791572415|20261010030015|903.47
1791572420|20261010030020|903.54
1791572425|20261010030025|903.45
1791572435|20261010030035|903.61
1791572440|20261010030040|903.75
1791572455|20261010030055|903.65
1791572465|20261010030105|903.57
1791572470|20261010030110|903.53
1791572480|20261010030120|903.53
1791572485|20261010030125|903.55
1791572495|20261010030135|903.40
1791572500|20261010030140|903.44
1791572505|20261010030145|903.49
1791572515|20261010030155|903.48
1791572525|20261010030205|903.53
1791572530|20261010030210|903.56
1791572535|20261010030215|903.65
1791572545|20261010030225|903.63
1791572560|20261010030240|903.62
1791572565|20261010030245|903.56
1791572575|20261010030255|903.54
1791572585|20261010030305|903.85
1791572590|20261010030310|903.93
1791572600|20261010030320|903.94
1791572605|20261010030325|903.96
1791572615|20261010030335|903.91
1791572625|20261010030345|903.90
1791572635|20261010030355|903.80
1791572650|20261010030410|903.89
1791572660|20261010030420|903.87
1791572665|20261010030425|903.88
1791572705|20261010030505|903.79
1791572710|20261010030510|903.77
1791572715|20261010030515|903.78
1791572740|20261010030540|903.73
1791572765|20261010030605|903.69
1791572780|20261010030620|903.62
1791572785|20261010030625|903.65
1791572800|20261010030640|903.61
1791572805|20261010030645|903.60
1791572825|20261010030705|903.60
1791572830|20261010030710|903.60
1791572840|20261010030720|903.52
1791572845|20261010030725|903.48
1791572860|20261010030740|903.51
1791572865|20261010030745|903.55
1791572870|20261010030750|903.55
1791572875|20261010030755|903.54
1791572890|20261010030810|903.55
1791572900|20261010030820|903.53
1791572905|20261010030825|903.55
1791572915|20261010030835|903.53
1791572920|20261010030840|903.36
1791572925|20261010030845|903.41
1791572930|20261010030850|903.40
1791572945|20261010030905|903.37
1791572950|20261010030910|903.38
1791572955|20261010030915|903.41
1791572960|20261010030920|903.41
1791573000|20261010031000|903.53
1791573005|20261010031005|903.51
1791573010|20261010031010|903.52
1791573015|20261010031015|903.52
1791573020|20261010031020|903.51
1791573035|20261010031035|903.66
1791573050|20261010031050|903.69
1791573065|20261010031105|903.70
1791573075|20261010031115|903.70
1791573080|20261010031120|903.71
1791573105|20261010031145|903.64
1791573125|20261010031205|903.63
1791573130|20261010031210|903.61
1791573140|20261010031220|903.54
1791573145|20261010031225|903.57
1791573155|20261010031235|903.58
1791573160|20261010031240|903.62
1791573175|20261010031255|903.58
1791573185|20261010031305|903.56
1791573190|20261010031310|903.52
1791573195|20261010031315|903.52
1791573200|20261010031320|903.54
1791573205|20261010031325|903.51
1791573215|20261010031335|903.59
1791573225|20261010031345|903.36
1791573245|20261010031405|903.32
1791573305|20261010031505|903.20
1791573310|20261010031510|903.16
1791573315|20261010031515|903.16
1791573320|20261010031520|903.15
1791573325|20261010031525|903.11
1791573340|20261010031540|903.16
1791573345|20261010031545|903.16
1791573350|20261010031550|903.14
1791573375|20261010031615|903.18
1791573380|20261010031620|903.14
1791573395|20261010031635|903.24
1791573405|20261010031645|903.33
1791573410|20261010031650|903.34
1791573430|20261010031710|903.31
1791573435|20261010031715|903.28
1791573460|20261010031740|903.17
1791573465|20261010031745|903.15
1791573470|20261010031750|903.20
1791573485|20261010031805|903.22
1791573490|20261010031810|903.25
1791573500|20261010031820|903.31
1791573515|20261010031835|903.27
1791573520|20261010031840|903.30
1791573530|20261010031850|903.42
1791573535|20261010031855|903.38
1791573550|20261010031910|903.39
1791573565|20261010031925|903.39
1791573600|20261010032000|903.36
1791573605|20261010032005|903.38
1791573610|20261010032010|903.34
1791573615|20261010032015|903.35
1791573620|20261010032020|903.26
1791573640|20261010032040|902.99
1791573645|20261010032045|902.98
1791573665|20261010032105|902.84
1791573680|20261010032120|902.63
1791573685|20261010032125|902.66
1791573695|20261010032135|902.61
1791573700|20261010032140|902.59
1791573705|20261010032145|902.58
1791573710|20261010032150|902.60
1791573735|20261010032215|902.61
1791573740|20261010032220|902.58
1791573745|20261010032225|902.66
1791573770|20261010032250|902.67
1791573790|20261010032310|902.66
1791573795|20261010032315|902.64
1791573800|20261010032320|902.64
1791573805|20261010032325|902.67
1791573825|20261010032345|902.66
1791573830|20261010032350|902.68
1791573835|20261010032355|902.70
1791573860|20261010032420|902.76
1791573865|20261010032425|902.75
1791573930|20261010032530|902.68
1791573935|20261010032535|902.68
1791573940|20261010032540|902.71
1791573950|20261010032550|902.71
1791573960|20261010032600|902.73
1791574000|20261010032640|902.66
1791574005|20261010032645|902.63
1791574010|20261010032650|902.66
1791574025|20261010032705|902.64
1791574030|20261010032710|902.66
1791574035|20261010032715|902.63
1791574040|20261010032720|902.66
1791574045|20261010032725|902.64
1791574075|20261010032755|902.60
1791574085|20261010032805|902.53
1791574090|20261010032810|902.56
1791574095|20261010032815|902.56
1791574105|20261010032825|902.57
1791574115|20261010032835|902.55
1791574120|20261010032840|902.57
1791574125|20261010032845|902.53
1791574135|20261010032855|902.53
1791574145|20261010032905|902.52
1791574150|20261010032910|902.47
1791574155|20261010032915|902.48
1791574160|20261010032920|902.50
1791574200|20261010033000|902.59
1791574205|20261010033005|902.60
1791574210|20261010033010|902.60
1791574215|20261010033015|902.62
1791574220|20261010033020|902.71
1791574225|20261010033025|902.70
1791574240|20261010033040|902.60
1791574245|20261010033045|902.60
1791574255|20261010033055|902.56
1791574270|20261010033110|902.58
1791574275|20261010033115|902.59
1791574295|20261010033135|902.61
1791574300|20261010033140|902.65
1791574305|20261010033145|902.65
1791574310|20261010033150|902.57
1791574315|20261010033155|902.58
1791574325|20261010033205|902.64
1791574330|20261010033210|902.66
1791574335|20261010033215|902.67
1791574340|20261010033220|902.66
1791574355|20261010033235|902.55
1791574365|20261010033245|902.45
1791574375|20261010033255|902.50
1791574385|20261010033305|902.51
1791574390|20261010033310|902.49
1791574395|20261010033315|902.49
1791574400|20261010033320|902.48
1791574405|20261010033325|902.47
1791574415|20261010033335|902.49
1791574425|20261010033345|902.57
1791574445|20261010033405|902.65
1791574460|20261010033420|902.69
1791574465|20261010033425|902.69
1791574510|20261010033510|902.89
1791574515|20261010033515|902.88
1791574520|20261010033520|902.89
1791574525|20261010033525|902.82
1791574535|20261010033535|902.86
1791574545|20261010033545|902.80
1791574555|20261010033555|902.74
1791574565|20261010033605|902.71
1791574570|20261010033610|902.69
1791574575|20261010033615|902.73
1791574585|20261010033625|902.73
1791574600|20261010033640|902.69
1791574605|20261010033645|902.70
1791574615|20261010033655|902.74
1791574630|20261010033710|902.61
1791574635|20261010033715|902.59
1791574640|20261010033720|902.59
1791574645|20261010033725|902.51
1791574660|20261010033740|902.85
1791574665|20261010033745|902.86
1791574670|20261010033750|902.86
1791574675|20261010033755|902.85
1791574690|20261010033810|902.84
1791574695|20261010033815|902.83
1791574700|20261010033820|902.86
1791574705|20261010033825|902.92
1791574715|20261010033835|902.94
1791574730|20261010033850|902.97
1791574735|20261010033855|902.98
1791574750|20261010033910|903.11
1791574755|20261010033915|903.13
1791574760|20261010033920|903.15
1791574765|20261010033925|903.14
1791574800|20261010034000|903.08
1791574805|20261010034005|903.07
1791574810|20261010034010|903.04
1791574815|20261010034015|903.05
1791574820|20261010034020|903.04
1791574825|20261010034025|903.07
1791574835|20261010034035|903.00
1791574840|20261010034040|902.96
1791574845|20261010034045|902.92
1791574850|20261010034050|902.92
1791574875|20261010034115|902.90
1791574880|20261010034120|903.00
1791574895|20261010034135|903.11
1791574910|20261010034150|903.04
1791574915|20261010034155|903.07
1791574925|20261010034205|903.11
1791574930|20261010034210|903.10
1791574935|20261010034215|903.14
1791574940|20261010034220|903.12
1791574945|20261010034225|903.08
1791574955|20261010034235|903.12
1791574985|20261010034305|903.13
1791574990|20261010034310|903.16
1791574995|20261010034315|903.18
1791575000|20261010034320|903.07
1791575015|20261010034335|903.05
1791575020|20261010034340|903.06
1791575030|20261010034350|903.08
1791575035|20261010034355|903.06
1791575045|20261010034405|903.13
1791575050|20261010034410|903.08
1791575060|20261010034420|903.05
1791575065|20261010034425|903.05
1791575105|20261010034505|902.94
1791575110|20261010034510|902.92
1791575115|20261010034515|902.92
1791575120|20261010034520|902.90
1791575125|20261010034525|902.86
1791575135|20261010034535|902.90
1791575140|20261010034540|902.89
1791575145|20261010034545|902.90
1791575150|20261010034550|902.88
1791575155|20261010034555|903.02
1791575165|20261010034605|902.96
1791575170|20261010034610|902.91
1791575175|20261010034615|902.90
1791575180|20261010034620|902.88
1791575195|20261010034635|902.80
1791575200|20261010034640|902.78
1791575205|20261010034645|902.78
1791575210|20261010034650|902.78
1791575215|20261010034655|902.91
1791575225|20261010034705|902.91
1791575230|20261010034710|902.94
1791575235|20261010034715|902.95
1791575240|20261010034720|902.97
1791575245|20261010034725|902.95
1791575260|20261010034740|902.94
1791575265|20261010034745|902.96
1791575270|20261010034750|902.80
1791575275|20261010034755|902.79
1791575285|20261010034805|902.84
1791575290|20261010034810|902.88
1791575295|20261010034815|902.89
1791575300|20261010034820|902.89
1791575305|20261010034825|902.87
1791575315|20261010034835|902.92
1791575320|20261010034840|902.92
1791575330|20261010034850|902.91
1791575345|20261010034905|902.87
1791575350|20261010034910|902.92
1791575355|20261010034915|902.94
1791575360|20261010034920|902.94
1791575365|20261010034925|902.94
1791575400|20261010035000|902.98
1791575415|20261010035015|903.00
1791575420|20261010035020|902.98
1791575425|20261010035025|903.00
1791575435|20261010035035|902.86
1791575440|20261010035040|902.80
1791575465|20261010035105|902.76
1791575475|20261010035115|902.60
1791575480|20261010035120|902.60
1791575485|20261010035125|902.53
1791575495|20261010035135|902.49
1791575500|20261010035140|902.39
1791575510|20261010035150|902.40
1791575515|20261010035155|902.26
1791575525|20261010035205|902.27
1791575540|20261010035220|902.22
1791575545|20261010035225|902.30
1791575560|20261010035240|902.31
1791575565|20261010035245|902.32
1791575575|20261010035255|902.35
1791575590|20261010035310|902.32
1791575595|20261010035315|902.40
1791575600|20261010035320|902.52
1791575605|20261010035325|902.58
1791575615|20261010035335|902.52
1791575625|20261010035345|902.57
1791575635|20261010035355|902.59
1791575645|20261010035405|902.61
1791575650|20261010035410|902.64
1791575655|20261010035415|902.68
1791575665|20261010035425|902.83
1791575705|20261010035505|902.95
1791575710|20261010035510|902.90
1791575725|20261010035525|902.91
1791575735|20261010035535|902.80
1791575745|20261010035545|902.90
1791575750|20261010035550|902.93
1791575755|20261010035555|902.85
1791575765|20261010035605|902.81
1791575770|20261010035610|902.81
1791575795|20261010035635|902.75
1791575815|20261010035655|902.78
1791575825|20261010035705|902.83
1791575835|20261010035715|902.80
1791575840|20261010035720|902.77
1791575845|20261010035725|902.81
1791575855|20261010035735|902.80
1791575870|20261010035750|902.72
1791575875|20261010035755|902.68
1791575885|20261010035805|902.72
1791575890|20261010035810|902.73
1791575900|20261010035820|902.70
1791575905|20261010035825|902.72
1791575920|20261010035840|902.76
1791575925|20261010035845|902.77
1791575930|20261010035850|902.77
1791575945|20261010035905|902.82
1791575950|20261010035910|902.77
1791575955|20261010035915|902.77
1791575960|20261010035920|902.77
1791576000|20261010040000|902.76
