1787328000|20260822000000|997.20
1787328005|20260822000005|997.19
1787328010|20260822000010|997.30
1787328015|20260822000015|997.21
1787328020|20260822000020|997.27
1787328040|20260822000040|997.41
1787328050|20260822000050|997.05
1787328055|20260822000055|997.04
1787328065|20260822000105|997.04
1787328070|20260822000110|997.04
1787328075|20260822000115|997.35
1787328080|20260822000120|997.11
1787328085|20260822000125|997.37
1787328095|20260822000135|997.45
1787328100|20260822000140|997.45
1787328105|20260822000145|997.52
1787328110|20260822000150|997.41
1787328115|20260822000155|997.33
1787328125|20260822000205|997.09
1787328135|20260822000215|997.21
1787328145|20260822000225|997.30
1787328160|20260822000240|997.25
1787328165|20260822000245|997.33
1787328170|20260822000250|997.35
1787328175|20260822000255|997.34
1787328185|20260822000305|997.37
1787328190|20260822000310|997.41
1787328195|20260822000315|997.54
1787328200|20260822000320|997.85
1787328205|20260822000325|997.82
1787328215|20260822000335|997.83
1787328220|20260822000340|997.82
1787328230|20260822000350|997.79
1787328240|20260822000400|997.77
1787328245|20260822000405|997.75
1787328250|20260822000410|997.75
1787328255|20260822000415|997.74
1787328260|20260822000420|997.61
1787328290|20260822000450|997.64
1787328300|20260822000500|997.67
1787328305|20260822000505|997.72
1787328310|20260822000510|997.72
1787328315|20260822000515|997.73
1787328320|20260822000520|997.69
1787328325|20260822000525|997.72
1787328335|20260822000535|997.37
1787328340|20260822000540|997.49
1787328350|20260822000550|997.45
1787328355|20260822000555|997.39
1787328360|20260822000600|997.44
1787328365|20260822000605|997.44
1787328370|20260822000610|997.34
1787328375|20260822000615|997.29
1787328380|20260822000620|997.19
1787328385|20260822000625|997.00
1787328395|20260822000635|997.02
1787328400|20260822000640|997.12
1787328405|20260822000645|997.25
1787328410|20260822000650|997.16
1787328415|20260822000655|997.08
1787328425|20260822000705|997.15
1787328430|20260822000710|997.14
1787328435|20260822000715|997.34
1787328440|20260822000720|997.59
1787328445|20260822000725|997.56
1787328455|20260822000735|997.60
1787328460|20260822000740|997.59
1787328465|20260822000745|997.39
1787328470|20260822000750|997.03
1787328475|20260822000755|997.06
1787328485|20260822000805|997.27
1787328490|20260822000810|997.25
1787328495|20260822000815|997.43
1787328500|20260822000820|997.24
1787328505|20260822000825|997.21
1787328515|20260822000835|996.73
1787328520|20260822000840|996.64
1787328525|20260822000845|996.55
1787328530|20260822000850|996.51
1787328535|20260822000855|996.44
1787328540|20260822000900|996.26
1787328545|20260822000905|996.26
1787328550|20260822000910|996.29
1787328555|20260822000915|996.23
1787328560|20260822000920|996.21
1787328565|20260822000925|996.17
1787328600|20260822001000|996.34
1787328610|20260822001010|996.31
1787328615|20260822001015|996.38
1787328620|20260822001020|996.52
1787328625|20260822001025|996.52
1787328635|20260822001035|996.67
1787328640|20260822001040|996.80
1787328645|20260822001045|997.02
1787328650|20260822001050|997.10
1787328655|20260822001055|996.91
1787328660|20260822001100|997.03
1787328665|20260822001105|996.92
1787328670|20260822001110|996.86
1787328685|20260822001125|996.76
1787328695|20260822001135|996.80
1787328710|20260822001150|996.76
1787328715|20260822001155|996.75
1787328725|20260822001205|996.80
1787328730|20260822001210|996.74
1787328735|20260822001215|996.80
1787328740|20260822001220|996.71
1787328745|20260822001225|996.67
1787328755|20260822001235|996.65
1787328760|20260822001240|996.69
1787328770|20260822001250|996.87
1787328775|20260822001255|996.99
1787328785|20260822001305|997.13
1787328790|20260822001310|997.02
1787328795|20260822001315|997.11
1787328800|20260822001320|997.14
1787328805|20260822001325|997.05
1787328825|20260822001345|997.12
1787328830|20260822001350|997.41
1787328835|20260822001355|997.39
1787328850|20260822001410|997.29
1787328855|20260822001415|997.37
1787328860|20260822001420|997.32
1787328895|20260822001455|997.39
1787328900|20260822001500|997.31
1787328905|20260822001505|997.18
1787328910|20260822001510|997.25
1787328915|20260822001515|997.28
1787328920|20260822001520|997.29
1787328935|20260822001535|997.04
1787328940|20260822001540|997.26
1787328945|20260822001545|997.28
1787328950|20260822001550|997.29
1787328960|20260822001600|997.16
1787328965|20260822001605|997.29
1787328970|20260822001610|997.34
1787328975|20260822001615|997.33
1787328980|20260822001620|997.42
1787328985|20260822001625|997.44
1787328995|20260822001635|997.34
1787329000|20260822001640|997.36
1787329005|20260822001645|997.33
1787329010|20260822001650|997.39
1787329015|20260822001655|997.41
1787329035|20260822001715|997.39
1787329040|20260822001720|997.43
1787329055|20260822001735|997.30
1787329060|20260822001740|997.29
1787329065|20260822001745|997.27
1787329070|20260822001750|997.29
1787329075|20260822001755|997.33
1787329095|20260822001815|997.50
1787329100|20260822001820|997.33
1787329105|20260822001825|997.32
1787329115|20260822001835|997.33
1787329120|20260822001840|997.35
1787329125|20260822001845|997.27
1787329135|20260822001855|997.28
1787329145|20260822001905|997.15
1787329165|20260822001925|997.25
1787329200|20260822002000|997.27
1787329205|20260822002005|997.06
1787329235|20260822002035|996.80
1787329240|20260822002040|996.71
1787329250|20260822002050|996.68
1787329255|20260822002055|996.67
1787329260|20260822002100|996.57
1787329265|20260822002105|996.60
1787329270|20260822002110|998.05
1787329280|20260822002120|998.38
1787329285|20260822002125|997.53
1787329295|20260822002135|997.81
1787329300|20260822002140|997.67
1787329305|20260822002145|997.53
1787329310|20260822002150|997.39
1787329325|20260822002205|997.07
1787329340|20260822002220|997.33
1787329355|20260822002235|997.27
1787329360|20260822002240|997.29
1787329365|20260822002245|997.32
1787329370|20260822002250|997.33
1787329375|20260822002255|997.22
1787329385|20260822002305|997.05
1787329390|20260822002310|997.14
1787329395|20260822002315|997.12
1787329400|20260822002320|997.18
1787329405|20260822002325|996.98
1787329420|20260822002340|996.81
1787329425|20260822002345|996.71
1787329430|20260822002350|996.83
1787329435|20260822002355|996.91
1787329440|20260822002400|997.08
1787329450|20260822002410|996.99
1787329460|20260822002420|997.00
1787329465|20260822002425|996.89
1787329500|20260822002500|996.88
1787329505|20260822002505|996.89
1787329515|20260822002515|997.05
1787329520|20260822002520|997.01
1787329525|20260822002525|997.06
1787329535|20260822002535|997.04
1787329545|20260822002545|996.95
1787329550|20260822002550|996.99
1787329555|20260822002555|996.86
1787329565|20260822002605|996.87
1787329570|20260822002610|996.78
1787329575|20260822002615|996.79
1787329580|20260822002620|996.54
1787329585|20260822002625|996.62
1787329595|20260822002635|996.45
1787329600|20260822002640|996.40
1787329605|20260822002645|996.65
1787329610|20260822002650|996.66
1787329615|20260822002655|996.63
1787329620|20260822002700|996.63
1787329625|20260822002705|996.59
1787329630|20260822002710|996.57
1787329635|20260822002715|996.58
1787329640|20260822002720|996.45
1787329660|20260822002740|996.53
1787329670|20260822002750|996.55
1787329675|20260822002755|996.73
1787329685|20260822002805|996.86
1787329690|20260822002810|996.88
1787329695|20260822002815|996.85
1787329705|20260822002825|996.99
1787329715|20260822002835|996.99
1787329720|20260822002840|996.98
1787329735|20260822002855|997.03
1787329745|20260822002905|996.97
1787329750|20260822002910|996.98
1787329755|20260822002915|996.98
1787329760|20260822002920|996.92
1787329765|20260822002925|997.00
1787329780|20260822002940|997.00
1787329800|20260822003000|997.04
1787329805|20260822003005|997.05
1787329810|20260822003010|997.01
1787329815|20260822003015|997.00
1787329820|20260822003020|996.99
1787329825|20260822003025|996.98
1787329835|20260822003035|996.93
1787329840|20260822003040|997.13
1787329845|20260822003045|997.19
1787329850|20260822003050|997.13
1787329855|20260822003055|997.05
1787329865|20260822003105|997.17
1787329875|20260822003115|997.09
1787329880|20260822003120|996.97
1787329885|20260822003125|996.99
1787329895|20260822003135|996.98
1787329900|20260822003140|996.98
1787329905|20260822003145|996.91
1787329910|20260822003150|996.88
1787329920|20260822003200|996.75
1787329925|20260822003205|996.85
1787329930|20260822003210|996.85
1787329935|20260822003215|997.03
1787329940|20260822003220|996.80
1787329955|20260822003235|996.80
1787329960|20260822003240|996.87
1787329965|20260822003245|996.83
1787329970|20260822003250|997.02
1787329975|20260822003255|997.10
1787329985|20260822003305|997.45
1787329990|20260822003310|997.47
1787329995|20260822003315|997.27
1787330000|20260822003320|997.36
1787330005|20260822003325|997.24
1787330015|20260822003335|997.23
1787330020|20260822003340|997.15
1787330025|20260822003345|997.40
1787330030|20260822003350|997.34
1787330035|20260822003355|997.33
1787330040|20260822003400|997.32
1787330045|20260822003405|997.30
1787330050|20260822003410|997.32
1787330060|20260822003420|997.45
1787330065|20260822003425|997.43
1787330070|20260822003430|997.44
1787330075|20260822003435|997.55
1787330080|20260822003440|997.55
1787330100|20260822003500|997.41
1787330105|20260822003505|997.41
1787330110|20260822003510|997.36
1787330115|20260822003515|997.41
1787330120|20260822003520|997.33
1787330125|20260822003525|997.30
1787330135|20260822003535|997.29
1787330140|20260822003540|997.31
1787330145|20260822003545|997.31
1787330150|20260822003550|997.27
1787330155|20260822003555|997.34
1787330165|20260822003605|997.27
1787330170|20260822003610|997.54
1787330175|20260822003615|997.45
1787330180|20260822003620|997.50
1787330195|20260822003635|997.39
1787330200|20260822003640|997.51
1787330205|20260822003645|997.48
1787330210|20260822003650|997.27
1787330215|20260822003655|997.32
1787330225|20260822003705|997.33
1787330230|20260822003710|997.46
1787330235|20260822003715|997.47
1787330240|20260822003720|997.45
1787330245|20260822003725|997.50
1787330255|20260822003735|997.56
1787330260|20260822003740|997.56
1787330265|20260822003745|997.58
1787330270|20260822003750|997.57
1787330275|20260822003755|997.65
1787330280|20260822003800|997.68
1787330285|20260822003805|997.67
1787330290|20260822003810|997.70
1787330295|20260822003815|997.69
1787330300|20260822003820|997.72
1787330305|20260822003825|997.82
1787330315|20260822003835|997.80
1787330320|20260822003840|997.82
1787330325|20260822003845|997.85
1787330330|20260822003850|997.77
1787330335|20260822003855|998.25
1787330340|20260822003900|998.33
1787330345|20260822003905|998.26
1787330350|20260822003910|998.48
1787330355|20260822003915|998.40
1787330360|20260822003920|998.59
1787330365|20260822003925|998.56
1787330370|20260822003930|998.08
1787330385|20260822003945|998.20
1787330390|20260822003950|998.15
1787330395|20260822003955|998.14
1787330400|20260822004000|998.20
1787330405|20260822004005|998.21
1787330410|20260822004010|998.28
1787330415|20260822004015|998.28
1787330420|20260822004020|998.27
1787330435|20260822004035|998.11
1787330440|20260822004040|997.98
1787330445|20260822004045|997.98
1787330450|20260822004050|997.97
1787330455|20260822004055|997.99
1787330465|20260822004105|997.94
1787330470|20260822004110|997.87
1787330475|20260822004115|997.92
1787330480|20260822004120|998.00
1787330485|20260822004125|998.15
1787330490|20260822004130|998.20
1787330495|20260822004135|998.17
1787330505|20260822004145|998.14
1787330510|20260822004150|998.14
1787330515|20260822004155|998.13
1787330520|20260822004200|998.16
1787330525|20260822004205|998.20
1787330530|20260822004210|998.20
1787330535|20260822004215|998.41
1787330540|20260822004220|998.30
1787330545|20260822004225|998.28
1787330550|20260822004230|998.33
1787330555|20260822004235|998.33
1787330560|20260822004240|998.31
1787330565|20260822004245|998.33
1787330570|20260822004250|998.53
1787330575|20260822004255|998.51
1787330585|20260822004305|998.38
1787330590|20260822004310|998.46
1787330595|20260822004315|998.52
1787330600|20260822004320|998.48
1787330605|20260822004325|998.62
1787330615|20260822004335|998.56
1787330620|20260822004340|998.76
1787330625|20260822004345|998.77
1787330630|20260822004350|998.65
1787330635|20260822004355|998.66
1787330645|20260822004405|998.73
1787330650|20260822004410|998.67
1787330655|20260822004415|998.64
1787330660|20260822004420|998.60
1787330665|20260822004425|998.50
1787330680|20260822004440|998.62
1787330700|20260822004500|998.69
1787330705|20260822004505|998.69
1787330710|20260822004510|998.68
1787330715|20260822004515|998.69
1787330720|20260822004520|998.78
1787330725|20260822004525|998.80
1787330735|20260822004535|998.77
1787330740|20260822004540|998.75
1787330745|20260822004545|998.77
1787330750|20260822004550|998.77
1787330755|20260822004555|998.77
1787330760|20260822004600|998.86
1787330765|20260822004605|998.85
1787330770|20260822004610|998.87
1787330775|20260822004615|998.80
1787330780|20260822004620|998.88
1787330785|20260822004625|998.77
1787330795|20260822004635|998.74
1787330800|20260822004640|998.83
1787330805|20260822004645|998.83
1787330810|20260822004650|998.87
1787330825|20260822004705|998.84
1787330835|20260822004715|998.74
1787330840|20260822004720|998.86
1787330845|20260822004725|998.95
1787330855|20260822004735|998.99
1787330865|20260822004745|998.98
1787330870|20260822004750|999.14
1787330875|20260822004755|999.22
1787330885|20260822004805|999.28
1787330890|20260822004810|999.26
1787330895|20260822004815|999.32
1787330900|20260822004820|999.29
1787330905|20260822004825|999.23
1787330915|20260822004835|999.33
1787330925|20260822004845|999.36
1787330930|20260822004850|999.34
1787330935|20260822004855|999.28
1787330945|20260822004905|999.22
1787330950|20260822004910|999.34
1787330955|20260822004915|999.34
1787330960|20260822004920|999.37
1787330965|20260822004925|999.26
1787331000|20260822005000|999.25
1787331010|20260822005010|999.28
1787331015|20260822005015|999.38
1787331020|20260822005020|999.43
1787331025|20260822005025|999.33
1787331035|20260822005035|999.31
1787331040|20260822005040|999.32
1787331045|20260822005045|999.21
1787331050|20260822005050|999.34
1787331055|20260822005055|999.34
1787331070|20260822005110|999.42
1787331075|20260822005115|999.57
1787331080|20260822005120|999.58
1787331085|20260822005125|999.54
1787331100|20260822005140|999.66
1787331105|20260822005145|999.77
1787331110|20260822005150|999.70
1787331115|20260822005155|999.76
1787331125|20260822005205|999.62
1787331130|20260822005210|999.55
1787331140|20260822005220|999.55
1787331145|20260822005225|999.51
1787331155|20260822005235|999.32
1787331160|20260822005240|999.54
1787331170|20260822005250|999.41
1787331185|20260822005305|999.56
1787331190|20260822005310|999.57
1787331195|20260822005315|999.54
1787331200|20260822005320|999.58
1787331215|20260822005335|999.56
1787331220|20260822005340|999.61
1787331225|20260822005345|999.57
1787331230|20260822005350|999.58
1787331235|20260822005355|999.60
1787331245|20260822005405|999.84
1787331250|20260822005410|999.88
1787331255|20260822005415|999.88
1787331260|20260822005420|999.85
1787331265|20260822005425|999.81
1787331300|20260822005500|999.98
1787331305|20260822005505|999.93
1787331310|20260822005510|999.83
1787331315|20260822005515|999.89
1787331320|20260822005520|999.94
1787331325|20260822005525|999.94
1787331340|20260822005540|999.96
1787331345|20260822005545|999.97
1787331350|20260822005550|999.95
1787331365|20260822005605|999.94
1787331370|20260822005610|999.90
1787331375|20260822005615|999.95
1787331380|20260822005620|999.97
1787331385|20260822005625|999.97
1787331395|20260822005635|999.93
1787331400|20260822005640|999.86
1787331405|20260822005645|999.84
1787331410|20260822005650|999.72
1787331415|20260822005655|999.83
1787331420|20260822005700|999.88
1787331425|20260822005705|999.84
1787331430|20260822005710|999.92
1787331435|20260822005715|999.92
1787331440|20260822005720|999.92
1787331455|20260822005735|1000.07
1787331460|20260822005740|1000.03
1787331465|20260822005745|999.95
1787331470|20260822005750|999.97
1787331500|20260822005820|1000.07
1787331505|20260822005825|1000.11
1787331515|20260822005835|1000.09
1787331525|20260822005845|1000.15
1787331545|20260822005905|1000.11
1787331555|20260822005915|1000.14
1787331560|20260822005920|1000.14
1787331600|20260822010000|1000.32
1787331610|20260822010010|1000.31
1787331615|20260822010015|1000.30
1787331620|20260822010020|1000.23
1787331625|20260822010025|1000.23
1787331635|20260822010035|1000.20
1787331640|20260822010040|1000.19
1787331645|20260822010045|1000.06
1787331650|20260822010050|1000.14
1787331655|20260822010055|1000.07
1787331660|20260822010100|1000.01
1787331665|20260822010105|1000.03
1787331670|20260822010110|1000.02
1787331675|20260822010115|999.98
1787331680|20260822010120|1000.06
1787331695|20260822010135|1000.03
1787331700|20260822010140|999.91
1787331705|20260822010145|999.91
1787331715|20260822010155|1000.01
1787331735|20260822010215|1000.15
1787331740|20260822010220|1000.22
1787331745|20260822010225|1000.23
1787331760|20260822010240|1000.39
1787331765|20260822010245|1000.39
1787331770|20260822010250|1000.35
1787331775|20260822010255|1000.21
1787331780|20260822010300|1000.30
1787331785|20260822010305|1000.28
1787331790|20260822010310|1000.33
1787331795|20260822010315|1000.40
1787331800|20260822010320|1000.36
1787331805|20260822010325|1000.40
1787331815|20260822010335|1000.68
1787331820|20260822010340|1000.71
1787331830|20260822010350|1000.56
1787331835|20260822010355|1000.46
1787331845|20260822010405|1000.55
1787331850|20260822010410|1000.57
1787331855|20260822010415|1000.41
1787331860|20260822010420|1000.31
1787331865|20260822010425|1000.36
1787331880|20260822010440|999.90
1787331900|20260822010500|1000.00
1787331905|20260822010505|1000.03
1787331915|20260822010515|1000.30
1787331920|20260822010520|1000.25
1787331925|20260822010525|999.97
1787331935|20260822010535|999.92
1787331940|20260822010540|1000.01
1787331950|20260822010550|999.81
1787331955|20260822010555|999.76
1787331965|20260822010605|999.93
1787331970|20260822010610|1000.00
1787331975|20260822010615|999.91
1787331980|20260822010620|999.99
1787331995|20260822010635|1000.03
1787332000|20260822010640|1000.06
1787332005|20260822010645|1000.12
1787332010|20260822010650|1000.22
1787332015|20260822010655|1000.22
1787332020|20260822010700|999.99
1787332025|20260822010705|1000.10
1787332030|20260822010710|1000.14
1787332035|20260822010715|1000.32
1787332040|20260822010720|1000.47
1787332045|20260822010725|1000.51
1787332055|20260822010735|1000.51
1787332060|20260822010740|1000.44
1787332070|20260822010750|1000.35
1787332075|20260822010755|1000.38
1787332085|20260822010805|1000.59
1787332090|20260822010810|1000.53
1787332095|20260822010815|1000.67
1787332100|20260822010820|1000.70
1787332105|20260822010825|1000.69
1787332115|20260822010835|1000.77
1787332130|20260822010850|1000.92
1787332135|20260822010855|1000.87
1787332160|20260822010920|1000.91
1787332165|20260822010925|1000.84
1787332200|20260822011000|1000.81
1787332205|20260822011005|1000.68
1787332210|20260822011010|1000.82
1787332215|20260822011015|1000.74
1787332220|20260822011020|1000.77
1787332225|20260822011025|1000.68
1787332235|20260822011035|1000.64
1787332240|20260822011040|1000.81
1787332245|20260822011045|1000.68
1787332250|20260822011050|1000.63
1787332255|20260822011055|1000.63
1787332260|20260822011100|1000.65
1787332275|20260822011115|1000.35
1787332280|20260822011120|1000.43
1787332300|20260822011140|1000.56
1787332305|20260822011145|1000.59
1787332330|20260822011210|1000.03
1787332335|20260822011215|1000.01
1787332340|20260822011220|999.98
1787332345|20260822011225|1000.00
1787332360|20260822011240|999.92
1787332365|20260822011245|1000.00
1787332370|20260822011250|999.90
1787332375|20260822011255|999.62
1787332385|20260822011305|999.59
1787332390|20260822011310|999.43
1787332420|20260822011340|999.10
1787332425|20260822011345|998.74
1787332430|20260822011350|998.88
1787332435|20260822011355|998.87
1787332455|20260822011415|999.01
1787332460|20260822011420|998.96
1787332465|20260822011425|999.00
1787332475|20260822011435|999.08
1787332505|20260822011505|999.08
1787332510|20260822011510|999.21
1787332515|20260822011515|999.18
1787332520|20260822011520|999.18
1787332525|20260822011525|999.14
1787332535|20260822011535|998.98
1787332540|20260822011540|999.05
1787332550|20260822011550|999.24
1787332555|20260822011555|999.14
1787332570|20260822011610|999.07
1787332580|20260822011620|999.02
1787332585|20260822011625|998.99
1787332595|20260822011635|998.94
1787332600|20260822011640|999.05
1787332605|20260822011645|998.95
1787332610|20260822011650|999.02
1787332615|20260822011655|998.99
1787332625|20260822011705|999.18
1787332635|20260822011715|999.28
1787332640|20260822011720|999.38
1787332645|20260822011725|999.27
1787332665|20260822011745|999.39
1787332670|20260822011750|999.25
1787332690|20260822011810|998.99
1787332700|20260822011820|999.28
1787332715|20260822011835|999.41
1787332720|20260822011840|999.48
1787332725|20260822011845|999.61
1787332730|20260822011850|999.44
1787332735|20260822011855|999.49
1787332745|20260822011905|999.34
1787332750|20260822011910|999.34
1787332755|20260822011915|999.34
1787332760|20260822011920|999.30
1787332765|20260822011925|999.25
1787332780|20260822011940|999.31
1787332800|20260822012000|998.97
1787332805|20260822012005|999.09
1787332815|20260822012015|998.87
1787332820|20260822012020|998.91
1787332825|20260822012025|998.91
1787332835|20260822012035|998.91
1787332845|20260822012045|998.92
1787332850|20260822012050|999.00
1787332855|20260822012055|998.97
1787332865|20260822012105|998.95
1787332870|20260822012110|998.86
1787332875|20260822012115|998.85
1787332880|20260822012120|998.87
1787332895|20260822012135|999.20
1787332900|20260822012140|999.29
1787332905|20260822012145|999.19
1787332910|20260822012150|999.13
1787332920|20260822012200|998.98
1787332925|20260822012205|999.05
1787332930|20260822012210|999.02
1787332940|20260822012220|998.90
1787332955|20260822012235|998.47
1787332960|20260822012240|998.52
1787332965|20260822012245|998.51
1787332970|20260822012250|998.59
1787332975|20260822012255|998.54
1787332985|20260822012305|998.27
1787332990|20260822012310|998.00
1787332995|20260822012315|998.14
1787333000|20260822012320|998.15
1787333005|20260822012325|997.98
1787333015|20260822012335|997.91
1787333020|20260822012340|997.69
1787333025|20260822012345|997.64
1787333030|20260822012350|997.55
1787333035|20260822012355|997.50
1787333040|20260822012400|997.47
1787333045|20260822012405|997.42
1787333050|20260822012410|997.57
1787333055|20260822012415|997.59
1787333060|20260822012420|997.82
1787333065|20260822012425|997.78
1787333100|20260822012500|998.04
1787333105|20260822012505|997.95
1787333110|20260822012510|997.90
1787333115|20260822012515|997.96
1787333120|20260822012520|998.12
1787333125|20260822012525|998.13
1787333135|20260822012535|997.89
1787333140|20260822012540|997.80
1787333145|20260822012545|997.86
1787333150|20260822012550|997.73
1787333155|20260822012555|997.72
1787333165|20260822012605|997.89
1787333170|20260822012610|997.74
1787333175|20260822012615|997.42
1787333180|20260822012620|997.45
1787333185|20260822012625|997.51
1787333195|20260822012635|997.47
1787333200|20260822012640|997.41
1787333205|20260822012645|997.65
1787333210|20260822012650|997.67
1787333215|20260822012655|997.73
1787333225|20260822012705|997.80
1787333230|20260822012710|997.87
1787333235|20260822012715|998.00
1787333240|20260822012720|998.02
1787333245|20260822012725|997.96
1787333255|20260822012735|997.93
1787333260|20260822012740|997.93
1787333265|20260822012745|997.95
1787333270|20260822012750|997.99
1787333275|20260822012755|997.99
1787333285|20260822012805|998.20
1787333290|20260822012810|998.34
1787333300|20260822012820|998.28
1787333305|20260822012825|998.32
1787333315|20260822012835|998.95
1787333320|20260822012840|999.35
1787333325|20260822012845|998.95
1787333330|20260822012850|998.90
1787333335|20260822012855|998.88
1787333350|20260822012910|999.05
1787333355|20260822012915|998.82
1787333360|20260822012920|998.80
1787333365|20260822012925|998.81
1787333400|20260822013000|998.91
1787333405|20260822013005|998.76
1787333410|20260822013010|998.83
1787333415|20260822013015|998.80
1787333420|20260822013020|998.63
1787333425|20260822013025|998.63
1787333435|20260822013035|998.63
1787333440|20260822013040|998.58
1787333445|20260822013045|998.68
1787333450|20260822013050|998.37
1787333455|20260822013055|998.35
1787333465|20260822013105|998.44
1787333470|20260822013110|998.64
1787333475|20260822013115|998.63
1787333480|20260822013120|998.69
1787333485|20260822013125|998.60
1787333495|20260822013135|998.57
1787333500|20260822013140|998.56
1787333505|20260822013145|998.57
1787333510|20260822013150|998.69
1787333515|20260822013155|998.61
1787333525|20260822013205|998.53
1787333530|20260822013210|998.61
1787333535|20260822013215|998.63
1787333540|20260822013220|998.54
1787333545|20260822013225|998.57
1787333555|20260822013235|998.52
1787333560|20260822013240|998.41
1787333565|20260822013245|998.36
1787333570|20260822013250|998.41
1787333575|20260822013255|998.34
1787333585|20260822013305|998.36
1787333590|20260822013310|998.45
1787333595|20260822013315|998.32
1787333600|20260822013320|998.36
1787333605|20260822013325|998.33
1787333615|20260822013335|998.34
1787333620|20260822013340|998.40
1787333625|20260822013345|998.50
1787333630|20260822013350|998.50
1787333635|20260822013355|998.57
1787333640|20260822013400|998.49
1787333645|20260822013405|998.50
1787333650|20260822013410|998.49
1787333655|20260822013415|998.53
1787333665|20260822013425|998.44
1787333700|20260822013500|998.46
1787333710|20260822013510|998.66
1787333715|20260822013515|998.55
1787333720|20260822013520|998.68
1787333725|20260822013525|998.67
1787333735|20260822013535|999.16
1787333740|20260822013540|999.18
1787333745|20260822013545|999.13
1787333750|20260822013550|999.15
1787333755|20260822013555|999.06
1787333765|20260822013605|999.16
1787333770|20260822013610|999.27
1787333775|20260822013615|999.18
1787333780|20260822013620|999.19
1787333785|20260822013625|999.19
1787333795|20260822013635|999.23
1787333800|20260822013640|999.08
1787333805|20260822013645|999.06
1787333810|20260822013650|999.07
1787333815|20260822013655|999.07
1787333820|20260822013700|999.21
1787333825|20260822013705|999.14
1787333830|20260822013710|999.19
1787333835|20260822013715|999.30
1787333840|20260822013720|999.31
1787333845|20260822013725|999.35
1787333855|20260822013735|999.32
1787333865|20260822013745|999.33
1787333875|20260822013755|999.25
1787333885|20260822013805|999.22
1787333890|20260822013810|999.16
1787333895|20260822013815|999.11
1787333905|20260822013825|999.10
1787333920|20260822013840|999.14
1787333925|20260822013845|999.15
1787333930|20260822013850|999.22
1787333945|20260822013905|999.20
1787333950|20260822013910|999.02
1787333955|20260822013915|999.07
1787333965|20260822013925|999.08
1787333990|20260822013950|998.97
1787334000|20260822014000|999.00
1787334005|20260822014005|998.98
1787334010|20260822014010|998.96
1787334015|20260822014015|998.97
1787334025|20260822014025|999.02
1787334035|20260822014035|999.09
1787334040|20260822014040|999.08
1787334045|20260822014045|999.10
1787334055|20260822014055|999.19
1787334065|20260822014105|999.13
1787334070|20260822014110|999.04
1787334075|20260822014115|998.98
1787334080|20260822014120|998.98
1787334085|20260822014125|999.28
1787334095|20260822014135|999.28
1787334100|20260822014140|999.26
1787334110|20260822014150|999.31
1787334115|20260822014155|999.32
1787334125|20260822014205|999.28
1787334130|20260822014210|999.32
1787334140|20260822014220|999.09
1787334145|20260822014225|999.08
1787334165|20260822014245|999.16
1787334170|20260822014250|998.92
1787334190|20260822014310|998.83
1787334195|20260822014315|998.87
1787334200|20260822014320|998.96
1787334205|20260822014325|998.98
1787334215|20260822014335|998.98
1787334220|20260822014340|998.94
1787334225|20260822014345|999.00
1787334230|20260822014350|999.01
1787334235|20260822014355|999.03
1787334250|20260822014410|999.04
1787334255|20260822014415|999.02
1787334260|20260822014420|999.03
1787334265|20260822014425|999.02
1787334290|20260822014450|998.52
1787334300|20260822014500|998.15
1787334305|20260822014505|998.20
1787334310|20260822014510|998.10
1787334315|20260822014515|997.86
1787334320|20260822014520|997.89
1787334325|20260822014525|997.87
1787334340|20260822014540|997.96
1787334345|20260822014545|998.01
1787334350|20260822014550|998.03
1787334355|20260822014555|998.03
1787334360|20260822014600|998.07
1787334365|20260822014605|997.97
1787334370|20260822014610|997.93
1787334375|20260822014615|997.88
1787334380|20260822014620|997.74
1787334385|20260822014625|997.77
1787334395|20260822014635|997.82
1787334400|20260822014640|997.78
1787334405|20260822014645|997.83
1787334410|20260822014650|997.84
1787334415|20260822014655|997.91
1787334435|20260822014715|997.91
1787334440|20260822014720|997.92
1787334445|20260822014725|997.94
1787334455|20260822014735|997.87
1787334460|20260822014740|997.96
1787334465|20260822014745|997.98
1787334475|20260822014755|998.00
1787334490|20260822014810|997.96
1787334495|20260822014815|997.89
1787334500|20260822014820|998.04
1787334505|20260822014825|998.06
1787334515|20260822014835|998.13
1787334525|20260822014845|998.01
1787334530|20260822014850|998.01
1787334545|20260822014905|997.98
1787334550|20260822014910|997.96
1787334555|20260822014915|998.27
1787334560|20260822014920|998.11
1787334565|20260822014925|998.12
1787334600|20260822015000|998.19
1787334605|20260822015005|998.11
1787334610|20260822015010|998.10
1787334615|20260822015015|998.25
1787334620|20260822015020|998.21
1787334635|20260822015035|998.21
1787334640|20260822015040|998.10
1787334645|20260822015045|997.99
1787334650|20260822015050|998.04
1787334655|20260822015055|998.15
1787334660|20260822015100|998.36
1787334665|20260822015105|998.43
1787334670|20260822015110|998.45
1787334675|20260822015115|998.37
1787334685|20260822015125|998.23
1787334695|20260822015135|998.08
1787334700|20260822015140|998.04
1787334705|20260822015145|998.10
1787334710|20260822015150|998.09
1787334715|20260822015155|998.10
1787334725|20260822015205|998.22
1787334730|20260822015210|998.28
1787334735|20260822015215|998.30
1787334745|20260822015225|998.24
1787334760|20260822015240|998.23
1787334765|20260822015245|998.21
1787334770|20260822015250|998.21
1787334780|20260822015300|998.22
1787334785|20260822015305|998.21
1787334795|20260822015315|998.16
1787334800|20260822015320|998.20
1787334805|20260822015325|998.24
1787334815|20260822015335|998.28
1787334820|20260822015340|998.25
1787334825|20260822015345|998.25
1787334830|20260822015350|998.26
1787334835|20260822015355|998.27
1787334845|20260822015405|998.36
1787334850|20260822015410|998.40
1787334855|20260822015415|998.48
1787334860|20260822015420|998.43
1787334865|20260822015425|998.90
1787334870|20260822015430|998.73
1787334895|20260822015455|998.29
1787334900|20260822015500|998.32
1787334910|20260822015510|998.25
1787334915|20260822015515|998.25
1787334920|20260822015520|998.26
1787334925|20260822015525|998.33
1787334935|20260822015535|998.35
1787334945|20260822015545|998.37
1787334955|20260822015555|998.31
1787334960|20260822015600|998.41
1787334965|20260822015605|998.42
1787334975|20260822015615|998.48
1787334980|20260822015620|998.48
1787334985|20260822015625|998.52
1787334995|20260822015635|998.42
1787335000|20260822015640|998.44
1787335005|20260822015645|998.41
1787335010|20260822015650|998.43
1787335020|20260822015700|998.38
1787335025|20260822015705|998.45
1787335030|20260822015710|998.49
1787335035|20260822015715|998.40
1787335040|20260822015720|998.41
1787335045|20260822015725|998.43
1787335055|20260822015735|998.39
1787335060|20260822015740|998.44
1787335065|20260822015745|998.50
1787335070|20260822015750|998.48
1787335075|20260822015755|998.58
1787335085|20260822015805|998.69
1787335090|20260822015810|998.64
1787335095|20260822015815|998.63
1787335100|20260822015820|998.61
1787335105|20260822015825|998.62
1787335115|20260822015835|998.61
1787335120|20260822015840|998.55
1787335135|20260822015855|998.50
1787335140|20260822015900|998.44
1787335145|20260822015905|998.39
1787335150|20260822015910|998.47
1787335160|20260822015920|998.46
1787335165|20260822015925|998.47
1787335175|20260822015935|998.52
1787335180|20260822015940|998.50
1787335190|20260822015950|998.44
1787335200|20260822020000|998.40
1787335205|20260822020005|998.54
1787335210|20260822020010|998.55
1787335215|20260822020015|998.56
1787335220|20260822020020|998.53
1787335225|20260822020025|998.49
1787335235|20260822020035|998.53
1787335240|20260822020040|998.55
1787335245|20260822020045|998.60
1787335250|20260822020050|998.53
1787335255|20260822020055|998.54
1787335265|20260822020105|998.86
1787335270|20260822020110|998.97
1787335280|20260822020120|998.81
1787335285|20260822020125|998.99
1787335295|20260822020135|998.94
1787335300|20260822020140|998.95
1787335310|20260822020150|998.97
1787335325|20260822020205|998.91
1787335330|20260822020210|998.85
1787335335|20260822020215|998.87
1787335340|20260822020220|999.24
1787335345|20260822020225|999.28
1787335355|20260822020235|999.15
1787335360|20260822020240|999.22
1787335365|20260822020245|999.18
1787335370|20260822020250|999.26
1787335375|20260822020255|999.33
1787335390|20260822020310|999.46
1787335400|20260822020320|999.49
1787335425|20260822020345|999.51
1787335430|20260822020350|999.46
1787335435|20260822020355|999.52
1787335445|20260822020405|999.64
1787335450|20260822020410|999.68
1787335455|20260822020415|999.67
1787335460|20260822020420|999.62
1787335465|20260822020425|999.64
1787335500|20260822020500|999.65
1787335505|20260822020505|999.67
1787335510|20260822020510|999.65
1787335515|20260822020515|999.63
1787335520|20260822020520|999.60
1787335525|20260822020525|999.58
1787335535|20260822020535|999.54
1787335540|20260822020540|999.42
1787335550|20260822020550|999.40
1787335570|20260822020610|999.38
1787335575|20260822020615|999.38
1787335580|20260822020620|999.41
1787335595|20260822020635|999.33
1787335600|20260822020640|999.31
1787335610|20260822020650|999.42
1787335615|20260822020655|999.53
1787335625|20260822020705|999.44
1787335630|20260822020710|999.51
1787335635|20260822020715|999.50
1787335640|20260822020720|999.41
1787335645|20260822020725|999.48
1787335660|20260822020740|999.67
1787335665|20260822020745|999.64
1787335675|20260822020755|999.69
1787335685|20260822020805|999.64
1787335690|20260822020810|999.66
1787335695|20260822020815|999.68
1787335700|20260822020820|999.68
1787335725|20260822020845|999.85
1787335735|20260822020855|999.89
1787335740|20260822020900|999.86
1787335745|20260822020905|999.87
1787335755|20260822020915|999.74
1787335760|20260822020920|999.76
1787335765|20260822020925|999.78
1787335800|20260822021000|999.67
1787335815|20260822021015|999.67
1787335820|20260822021020|999.63
1787335825|20260822021025|999.67
1787335835|20260822021035|999.71
1787335840|20260822021040|999.65
1787335845|20260822021045|999.66
1787335855|20260822021055|999.47
1787335865|20260822021105|999.29
1787335870|20260822021110|999.23
1787335875|20260822021115|999.23
1787335880|20260822021120|999.08
1787335885|20260822021125|999.11
1787335895|20260822021135|999.12
1787335900|20260822021140|999.06
1787335905|20260822021145|999.11
1787335910|20260822021150|999.15
1787335915|20260822021155|999.20
1787335925|20260822021205|999.30
1787335930|20260822021210|999.30
1787335935|20260822021215|999.35
1787335945|20260822021225|999.35
1787335950|20260822021230|999.12
1787335955|20260822021235|999.14
1787335960|20260822021240|999.19
1787335965|20260822021245|999.24
1787335970|20260822021250|999.27
1787335985|20260822021305|999.27
1787335990|20260822021310|999.27
1787335995|20260822021315|999.28
1787336000|20260822021320|999.29
1787336005|20260822021325|999.27
1787336015|20260822021335|999.26
1787336020|20260822021340|999.26
1787336025|20260822021345|999.26
1787336030|20260822021350|999.24
1787336045|20260822021405|999.33
1787336050|20260822021410|999.33
1787336055|20260822021415|999.35
1787336065|20260822021425|999.22
1787336080|20260822021440|999.39
1787336100|20260822021500|999.23
1787336105|20260822021505|999.25
1787336110|20260822021510|999.27
1787336115|20260822021515|999.30
1787336120|20260822021520|999.35
1787336125|20260822021525|999.39
1787336135|20260822021535|999.39
1787336140|20260822021540|999.46
1787336150|20260822021550|999.51
1787336155|20260822021555|999.52
1787336160|20260822021600|999.49
1787336165|20260822021605|999.38
1787336170|20260822021610|999.42
1787336175|20260822021615|999.41
1787336195|20260822021635|999.50
1787336200|20260822021640|999.49
1787336225|20260822021705|999.53
1787336230|20260822021710|999.56
1787336235|20260822021715|999.58
1787336240|20260822021720|999.55
1787336245|20260822021725|999.52
1787336255|20260822021735|999.55
1787336260|20260822021740|999.49
1787336275|20260822021755|999.59
1787336285|20260822021805|999.51
1787336290|20260822021810|999.59
1787336300|20260822021820|999.60
1787336305|20260822021825|999.72
1787336315|20260822021835|999.71
1787336320|20260822021840|999.68
1787336325|20260822021845|999.67
1787336330|20260822021850|999.68
1787336340|20260822021900|999.66
1787336345|20260822021905|999.67
1787336350|20260822021910|999.76
1787336355|20260822021915|999.80
1787336360|20260822021920|999.80
1787336395|20260822021955|999.75
1787336400|20260822022000|999.76
1787336405|20260822022005|999.79
1787336415|20260822022015|999.79
1787336420|20260822022020|999.80
1787336425|20260822022025|999.80
1787336435|20260822022035|999.98
1787336445|20260822022045|999.96
1787336450|20260822022050|999.99
1787336455|20260822022055|999.81
1787336460|20260822022100|999.81
1787336470|20260822022110|999.78
1787336475|20260822022115|999.65
1787336485|20260822022125|999.76
1787336495|20260822022135|999.74
1787336500|20260822022140|999.76
1787336505|20260822022145|999.75
1787336510|20260822022150|999.74
1787336515|20260822022155|999.74
1787336520|20260822022200|999.72
1787336525|20260822022205|999.68
1787336530|20260822022210|999.66
1787336535|20260822022215|999.67
1787336540|20260822022220|999.67
1787336555|20260822022235|999.59
1787336560|20260822022240|999.59
1787336565|20260822022245|999.60
1787336570|20260822022250|999.59
1787336585|20260822022305|999.68
1787336590|20260822022310|999.75
1787336595|20260822022315|999.75
1787336600|20260822022320|999.73
1787336605|20260822022325|999.75
1787336615|20260822022335|999.76
1787336625|20260822022345|999.75
1787336630|20260822022350|999.76
1787336635|20260822022355|999.75
1787336640|20260822022400|999.77
1787336645|20260822022405|999.71
1787336650|20260822022410|999.66
1787336655|20260822022415|999.64
1787336660|20260822022420|999.59
1787336665|20260822022425|999.61
1787336680|20260822022440|999.64
1787336690|20260822022450|999.61
1787336700|20260822022500|999.63
1787336705|20260822022505|999.85
1787336710|20260822022510|999.93
1787336715|20260822022515|999.93
1787336720|20260822022520|999.96
1787336735|20260822022535|999.95
1787336740|20260822022540|1000.01
1787336750|20260822022550|999.93
1787336755|20260822022555|999.87
1787336765|20260822022605|999.87
1787336770|20260822022610|999.83
1787336775|20260822022615|999.84
1787336780|20260822022620|999.87
1787336785|20260822022625|999.88
1787336815|20260822022655|999.76
1787336825|20260822022705|999.70
1787336830|20260822022710|999.72
1787336835|20260822022715|999.70
1787336840|20260822022720|999.67
1787336845|20260822022725|999.61
1787336860|20260822022740|999.67
1787336865|20260822022745|999.63
1787336870|20260822022750|999.58
1787336875|20260822022755|999.55
1787336885|20260822022805|999.49
1787336890|20260822022810|999.58
1787336900|20260822022820|999.58
1787336915|20260822022835|999.57
1787336920|20260822022840|999.54
1787336925|20260822022845|999.52
1787336955|20260822022915|999.46
1787336960|20260822022920|999.45
1787336965|20260822022925|999.44
1787337000|20260822023000|999.49
1787337005|20260822023005|999.40
1787337010|20260822023010|999.43
1787337015|20260822023015|999.39
1787337020|20260822023020|999.32
1787337025|20260822023025|999.20
1787337035|20260822023035|999.10
1787337040|20260822023040|999.04
1787337045|20260822023045|999.05
1787337050|20260822023050|998.96
1787337055|20260822023055|998.73
1787337065|20260822023105|998.68
1787337070|20260822023110|998.42
1787337080|20260822023120|998.56
1787337095|20260822023135|998.59
1787337100|20260822023140|998.56
1787337110|20260822023150|998.66
1787337115|20260822023155|998.63
1787337130|20260822023210|998.62
1787337135|20260822023215|998.67
1787337140|20260822023220|998.68
1787337145|20260822023225|998.66
1787337155|20260822023235|998.65
1787337160|20260822023240|998.41
1787337165|20260822023245|998.45
1787337170|20260822023250|998.45
1787337175|20260822023255|998.46
1787337195|20260822023315|998.49
1787337200|20260822023320|998.58
1787337205|20260822023325|998.56
1787337215|20260822023335|998.64
1787337220|20260822023340|998.54
1787337225|20260822023345|998.58
1787337235|20260822023355|998.67
1787337245|20260822023405|998.65
1787337250|20260822023410|998.71
1787337255|20260822023415|998.72
1787337260|20260822023420|998.76
1787337265|20260822023425|998.74
1787337300|20260822023500|998.83
1787337305|20260822023505|998.86
1787337310|20260822023510|998.90
1787337315|20260822023515|998.98
1787337320|20260822023520|998.85
1787337325|20260822023525|998.84
1787337335|20260822023535|998.66
1787337340|20260822023540|998.60
1787337345|20260822023545|998.61
1787337350|20260822023550|998.69
1787337355|20260822023555|998.65
1787337365|20260822023605|998.66
1787337370|20260822023610|998.66
1787337375|20260822023615|998.72
1787337380|20260822023620|998.69
1787337385|20260822023625|998.71
1787337395|20260822023635|998.80
1787337400|20260822023640|998.86
1787337405|20260822023645|998.97
1787337410|20260822023650|998.97
1787337415|20260822023655|998.85
1787337425|20260822023705|998.95
1787337430|20260822023710|999.02
1787337435|20260822023715|998.98
1787337440|20260822023720|999.00
1787337445|20260822023725|998.76
1787337455|20260822023735|998.84
1787337460|20260822023740|998.86
1787337465|20260822023745|998.88
1787337470|20260822023750|998.81
1787337475|20260822023755|998.78
1787337485|20260822023805|998.79
1787337490|20260822023810|998.89
1787337495|20260822023815|998.88
1787337500|20260822023820|998.83
1787337505|20260822023825|998.86
1787337515|20260822023835|998.66
1787337520|20260822023840|998.54
1787337525|20260822023845|998.52
1787337530|20260822023850|998.41
1787337535|20260822023855|998.40
1787337540|20260822023900|998.28
1787337545|20260822023905|998.32
1787337550|20260822023910|998.32
1787337560|20260822023920|998.29
1787337565|20260822023925|998.32
1787337600|20260822024000|998.33
1787337605|20260822024005|998.30
1787337610|20260822024010|998.36
1787337615|20260822024015|998.37
1787337620|20260822024020|998.37
1787337625|20260822024025|998.38
1787337635|20260822024035|998.46
1787337640|20260822024040|998.48
1787337645|20260822024045|998.56
1787337655|20260822024055|998.45
1787337665|20260822024105|998.45
1787337670|20260822024110|998.48
1787337675|20260822024115|998.48
1787337680|20260822024120|998.48
1787337685|20260822024125|998.56
1787337695|20260822024135|998.44
1787337700|20260822024140|998.49
1787337705|20260822024145|998.49
1787337710|20260822024150|998.52
1787337715|20260822024155|998.51
1787337725|20260822024205|998.55
1787337735|20260822024215|998.50
1787337740|20260822024220|998.50
1787337745|20260822024225|998.50
1787337760|20260822024240|998.46
1787337765|20260822024245|998.46
1787337770|20260822024250|998.45
1787337775|20260822024255|998.50
1787337785|20260822024305|998.53
1787337790|20260822024310|998.46
1787337795|20260822024315|998.52
1787337805|20260822024325|998.43
1787337820|20260822024340|998.45
1787337825|20260822024345|998.48
1787337830|20260822024350|998.61
1787337840|20260822024400|998.61
1787337845|20260822024405|998.65
1787337850|20260822024410|998.67
1787337855|20260822024415|998.64
1787337860|20260822024420|998.64
1787337885|20260822024445|998.47
1787337900|20260822024500|998.51
1787337905|20260822024505|998.59
1787337910|20260822024510|998.66
1787337920|20260822024520|998.85
1787337925|20260822024525|998.89
1787337935|20260822024535|998.91
1787337940|20260822024540|998.81
1787337945|20260822024545|998.77
1787337950|20260822024550|998.80
1787337955|20260822024555|998.77
1787337965|20260822024605|998.82
1787337970|20260822024610|998.86
1787337975|20260822024615|998.88
1787337980|20260822024620|998.87
1787337985|20260822024625|998.89
1787337995|20260822024635|999.00
1787338000|20260822024640|998.99
1787338005|20260822024645|998.99
1787338010|20260822024650|999.02
1787338015|20260822024655|999.02
1787338025|20260822024705|998.97
1787338030|20260822024710|998.95
1787338035|20260822024715|999.00
1787338040|20260822024720|999.02
1787338045|20260822024725|999.02
1787338055|20260822024735|999.09
1787338060|20260822024740|999.10
1787338065|20260822024745|999.04
1787338070|20260822024750|999.03
1787338075|20260822024755|999.01
1787338080|20260822024800|999.04
1787338085|20260822024805|999.07
1787338090|20260822024810|999.08
1787338095|20260822024815|999.09
1787338100|20260822024820|999.07
1787338105|20260822024825|999.39
1787338115|20260822024835|999.50
1787338120|20260822024840|999.53
1787338125|20260822024845|999.38
1787338130|20260822024850|999.34
1787338135|20260822024855|999.33
1787338140|20260822024900|999.34
1787338145|20260822024905|999.30
1787338150|20260822024910|999.33
1787338155|20260822024915|999.40
1787338160|20260822024920|999.42
1787338165|20260822024925|999.38
1787338180|20260822024940|999.31
1787338200|20260822025000|999.33
1787338210|20260822025010|999.39
1787338215|20260822025015|999.33
1787338220|20260822025020|999.33
1787338225|20260822025025|999.32
1787338235|20260822025035|999.34
1787338240|20260822025040|999.45
1787338245|20260822025045|999.45
1787338250|20260822025050|999.41
1787338255|20260822025055|999.35
1787338265|20260822025105|999.35
1787338270|20260822025110|999.36
1787338275|20260822025115|999.34
1787338280|20260822025120|999.35
1787338285|20260822025125|999.34
1787338295|20260822025135|999.28
1787338305|20260822025145|999.26
1787338310|20260822025150|999.24
1787338315|20260822025155|999.23
1787338325|20260822025205|999.05
1787338330|20260822025210|999.06
1787338335|20260822025215|999.06
1787338340|20260822025220|999.12
1787338345|20260822025225|999.12
1787338355|20260822025235|999.16
1787338360|20260822025240|999.16
1787338365|20260822025245|999.14
1787338370|20260822025250|999.17
1787338375|20260822025255|999.17
1787338385|20260822025305|999.25
1787338390|20260822025310|999.26
1787338395|20260822025315|999.30
1787338415|20260822025335|999.33
1787338420|20260822025340|999.31
1787338425|20260822025345|999.31
1787338430|20260822025350|999.30
1787338435|20260822025355|999.32
1787338445|20260822025405|999.36
1787338450|20260822025410|999.39
1787338455|20260822025415|999.40
1787338460|20260822025420|999.40
1787338500|20260822025500|999.44
1787338505|20260822025505|999.25
1787338510|20260822025510|999.26
1787338515|20260822025515|999.25
1787338520|20260822025520|999.24
1787338525|20260822025525|999.30
1787338535|20260822025535|999.29
1787338540|20260822025540|999.22
1787338545|20260822025545|999.22
1787338550|20260822025550|999.19
1787338555|20260822025555|999.21
1787338565|20260822025605|999.27
1787338570|20260822025610|999.23
1787338575|20260822025615|999.24
1787338580|20260822025620|999.14
1787338585|20260822025625|999.16
1787338595|20260822025635|999.08
1787338600|20260822025640|999.11
1787338605|20260822025645|999.08
1787338610|20260822025650|999.07
1787338620|20260822025700|999.17
1787338625|20260822025705|999.24
1787338630|20260822025710|999.25
1787338635|20260822025715|999.25
1787338640|20260822025720|999.23
1787338645|20260822025725|999.19
1787338655|20260822025735|999.16
1787338660|20260822025740|999.15
1787338665|20260822025745|999.18
1787338670|20260822025750|999.19
1787338675|20260822025755|999.20
1787338685|20260822025805|999.30
1787338695|20260822025815|999.34
1787338705|20260822025825|999.21
1787338715|20260822025835|999.19
1787338720|20260822025840|999.18
1787338725|20260822025845|999.18
1787338730|20260822025850|999.27
1787338750|20260822025910|999.23
1787338755|20260822025915|999.21
1787338765|20260822025925|999.09
1787338800|20260822030000|999.24
1787338805|20260822030005|999.27
1787338810|20260822030010|999.25
1787338820|20260822030020|999.50
1787338825|20260822030025|999.52
1787338835|20260822030035|999.47
1787338840|20260822030040|999.29
1787338850|20260822030050|999.30
1787338855|20260822030055|999.30
1787338865|20260822030105|999.17
1787338870|20260822030110|999.15
1787338875|20260822030115|999.09
1787338880|20260822030120|999.11
1787338895|20260822030135|999.15
1787338915|20260822030155|998.98
1787338925|20260822030205|998.92
1787338930|20260822030210|998.78
1787338935|20260822030215|998.80
1787338940|20260822030220|998.75
1787338945|20260822030225|998.95
1787338955|20260822030235|999.20
1787338960|20260822030240|999.14
1787338965|20260822030245|999.18
1787338970|20260822030250|999.20
1787338975|20260822030255|999.26
1787338985|20260822030305|999.30
1787338990|20260822030310|999.30
1787338995|20260822030315|999.30
1787339000|20260822030320|999.36
1787339005|20260822030325|999.39
1787339015|20260822030335|999.27
1787339020|20260822030340|999.11
1787339025|20260822030345|999.11
1787339030|20260822030350|999.12
1787339035|20260822030355|999.05
1787339045|20260822030405|999.00
1787339050|20260822030410|998.98
1787339055|20260822030415|998.98
1787339060|20260822030420|998.94
1787339100|20260822030500|998.80
1787339105|20260822030505|998.77
1787339110|20260822030510|998.77
1787339115|20260822030515|998.79
1787339120|20260822030520|998.28
1787339125|20260822030525|998.19
1787339135|20260822030535|998.25
1787339140|20260822030540|998.15
1787339145|20260822030545|998.09
1787339150|20260822030550|998.12
1787339155|20260822030555|998.21
1787339160|20260822030600|998.29
1787339175|20260822030615|998.46
1787339185|20260822030625|998.46
1787339200|20260822030640|998.39
1787339205|20260822030645|998.48
1787339210|20260822030650|998.48
1787339215|20260822030655|998.54
1787339225|20260822030705|998.47
1787339245|20260822030725|998.56
1787339255|20260822030735|998.61
1787339275|20260822030755|998.78
1787339285|20260822030805|998.82
1787339290|20260822030810|998.78
1787339295|20260822030815|998.78
1787339300|20260822030820|998.77
1787339305|20260822030825|998.78
1787339320|20260822030840|998.69
1787339325|20260822030845|998.70
1787339330|20260822030850|998.71
1787339345|20260822030905|998.65
1787339350|20260822030910|998.62
1787339355|20260822030915|998.64
1787339360|20260822030920|998.61
1787339400|20260822031000|998.61
1787339405|20260822031005|998.60
1787339410|20260822031010|998.61
1787339415|20260822031015|998.58
1787339420|20260822031020|998.58
1787339435|20260822031035|998.64
1787339440|20260822031040|998.63
1787339450|20260822031050|998.67
1787339455|20260822031055|998.66
1787339460|20260822031100|998.70
1787339465|20260822031105|998.69
1787339470|20260822031110|998.67
1787339475|20260822031115|998.62
1787339480|20260822031120|998.68
1787339485|20260822031125|998.71
1787339495|20260822031135|998.75
1787339500|20260822031140|998.75
1787339505|20260822031145|998.75
1787339510|20260822031150|998.73
1787339525|20260822031205|998.64
1787339530|20260822031210|998.60
1787339535|20260822031215|998.66
1787339540|20260822031220|998.73
1787339545|20260822031225|998.73
1787339560|20260822031240|998.77
1787339565|20260822031245|998.78
1787339570|20260822031250|998.82
1787339575|20260822031255|998.86
1787339585|20260822031305|998.86
1787339590|20260822031310|998.94
1787339595|20260822031315|998.93
1787339600|20260822031320|998.93
1787339615|20260822031335|998.93
1787339620|20260822031340|999.03
1787339625|20260822031345|999.02
1787339630|20260822031350|999.06
1787339635|20260822031355|998.99
1787339640|20260822031400|999.01
1787339645|20260822031405|999.00
1787339650|20260822031410|998.98
1787339655|20260822031415|998.93
1787339660|20260822031420|998.91
1787339665|20260822031425|999.01
1787339700|20260822031500|998.95
1787339705|20260822031505|998.88
1787339710|20260822031510|998.87
1787339715|20260822031515|998.82
1787339720|20260822031520|998.87
1787339725|20260822031525|998.82
1787339735|20260822031535|998.79
1787339740|20260822031540|998.79
1787339745|20260822031545|998.81
1787339750|20260822031550|998.78
1787339755|20260822031555|998.73
1787339765|20260822031605|998.79
1787339770|20260822031610|998.73
1787339780|20260822031620|998.72
1787339785|20260822031625|998.70
1787339795|20260822031635|998.69
1787339800|20260822031640|998.69
1787339805|20260822031645|998.53
1787339810|20260822031650|998.44
1787339815|20260822031655|998.44
1787339820|20260822031700|998.43
1787339825|20260822031705|998.45
1787339830|20260822031710|998.43
1787339835|20260822031715|998.45
1787339840|20260822031720|998.46
1787339845|20260822031725|998.59
1787339855|20260822031735|998.53
1787339860|20260822031740|998.56
1787339865|20260822031745|998.51
1787339870|20260822031750|998.53
1787339875|20260822031755|998.64
1787339885|20260822031805|998.68
1787339890|20260822031810|998.72
1787339895|20260822031815|998.74
1787339900|20260822031820|998.74
1787339905|20260822031825|998.73
1787339915|20260822031835|998.70
1787339920|20260822031840|998.70
1787339925|20260822031845|998.70
1787339930|20260822031850|998.72
1787339940|20260822031900|998.85
1787339950|20260822031910|998.85
1787339955|20260822031915|998.87
1787339960|20260822031920|998.86
1787339965|20260822031925|998.85
1787340000|20260822032000|998.89
1787340005|20260822032005|998.84
1787340015|20260822032015|998.85
1787340025|20260822032025|998.96
1787340035|20260822032035|998.86
1787340040|20260822032040|998.84
1787340045|20260822032045|998.82
1787340050|20260822032050|998.85
1787340065|20260822032105|998.87
1787340075|20260822032115|998.93
1787340080|20260822032120|998.94
1787340085|20260822032125|998.95
1787340095|20260822032135|998.98
1787340100|20260822032140|998.97
1787340105|20260822032145|998.98
1787340110|20260822032150|999.00
1787340115|20260822032155|999.02
1787340125|20260822032205|998.90
1787340130|20260822032210|999.02
1787340140|20260822032220|998.92
1787340155|20260822032235|998.94
1787340160|20260822032240|998.94
1787340170|20260822032250|998.93
1787340175|20260822032255|998.95
1787340185|20260822032305|998.86
1787340205|20260822032325|998.86
1787340215|20260822032335|999.03
1787340220|20260822032340|999.00
1787340225|20260822032345|999.04
1787340230|20260822032350|999.02
1787340235|20260822032355|998.93
1787340240|20260822032400|998.99
1787340245|20260822032405|998.94
1787340250|20260822032410|998.98
1787340255|20260822032415|998.98
1787340260|20260822032420|998.96
1787340300|20260822032500|998.86
1787340305|20260822032505|998.85
1787340315|20260822032515|998.92
1787340320|20260822032520|998.91
1787340325|20260822032525|998.91
1787340335|20260822032535|998.97
1787340340|20260822032540|998.95
1787340345|20260822032545|998.97
1787340350|20260822032550|998.95
1787340355|20260822032555|998.87
1787340365|20260822032605|998.85
1787340370|20260822032610|998.76
1787340375|20260822032615|998.78
1787340380|20260822032620|998.75
1787340385|20260822032625|998.81
1787340395|20260822032635|998.88
1787340400|20260822032640|998.92
1787340410|20260822032650|998.80
1787340415|20260822032655|998.85
1787340420|20260822032700|998.79
1787340425|20260822032705|998.81
1787340430|20260822032710|998.80
1787340435|20260822032715|998.62
1787340440|20260822032720|998.68
1787340445|20260822032725|998.70
1787340455|20260822032735|998.71
1787340460|20260822032740|998.76
1787340470|20260822032750|998.71
1787340475|20260822032755|998.74
1787340485|20260822032805|998.70
1787340490|20260822032810|998.59
1787340495|20260822032815|998.53
1787340500|20260822032820|998.46
1787340505|20260822032825|998.26
1787340515|20260822032835|998.23
1787340520|20260822032840|998.23
1787340525|20260822032845|998.04
1787340535|20260822032855|998.04
1787340545|20260822032905|998.02
1787340550|20260822032910|997.94
1787340555|20260822032915|998.01
1787340560|20260822032920|998.01
1787340565|20260822032925|998.00
1787340595|20260822032955|998.00
1787340600|20260822033000|997.95
1787340605|20260822033005|998.06
1787340610|20260822033010|998.08
1787340615|20260822033015|998.11
1787340620|20260822033020|998.14
1787340625|20260822033025|998.18
1787340640|20260822033040|998.17
1787340645|20260822033045|998.23
1787340655|20260822033055|998.13
1787340665|20260822033105|998.13
1787340670|20260822033110|998.22
1787340675|20260822033115|998.22
1787340685|20260822033125|998.25
1787340695|20260822033135|997.99
1787340700|20260822033140|997.98
1787340705|20260822033145|998.01
1787340710|20260822033150|998.00
1787340715|20260822033155|997.95
1787340725|20260822033205|998.03
1787340730|20260822033210|998.05
1787340735|20260822033215|998.07
1787340740|20260822033220|998.08
1787340745|20260822033225|998.08
1787340760|20260822033240|998.00
1787340765|20260822033245|997.98
1787340770|20260822033250|997.99
1787340775|20260822033255|997.95
1787340780|20260822033300|997.96
1787340785|20260822033305|997.98
1787340790|20260822033310|998.06
1787340795|20260822033315|998.06
1787340800|20260822033320|998.11
1787340815|20260822033335|998.08
1787340820|20260822033340|998.05
1787340825|20260822033345|997.95
1787340835|20260822033355|997.88
1787340840|20260822033400|997.87
1787340845|20260822033405|997.82
1787340855|20260822033415|997.89
1787340860|20260822033420|997.88
1787340865|20260822033425|997.89
1787340880|20260822033440|997.87
1787340900|20260822033500|997.66
1787340905|20260822033505|997.73
1787340910|20260822033510|997.61
1787340915|20260822033515|997.48
1787340920|20260822033520|997.52
1787340925|20260822033525|997.47
1787340935|20260822033535|997.55
1787340940|20260822033540|997.57
1787340945|20260822033545|997.70
1787340950|20260822033550|997.62
1787340955|20260822033555|997.61
1787340960|20260822033600|997.64
1787340965|20260822033605|997.66
1787340970|20260822033610|997.66
1787340975|20260822033615|997.66
1787340980|20260822033620|997.52
1787340985|20260822033625|997.49
1787340995|20260822033635|997.56
1787341005|20260822033645|997.59
1787341010|20260822033650|997.68
1787341025|20260822033705|997.73
1787341030|20260822033710|997.59
1787341035|20260822033715|997.59
1787341040|20260822033720|997.62
1787341045|20260822033725|997.67
1787341055|20260822033735|997.73
1787341060|20260822033740|997.76
1787341065|20260822033745|997.75
1787341070|20260822033750|997.75
1787341075|20260822033755|997.74
1787341085|20260822033805|997.82
1787341090|20260822033810|997.82
1787341095|20260822033815|997.95
1787341100|20260822033820|997.96
1787341105|20260822033825|997.95
1787341115|20260822033835|997.96
1787341120|20260822033840|997.96
1787341125|20260822033845|997.92
1787341130|20260822033850|997.90
1787341135|20260822033855|997.78
1787341140|20260822033900|997.70
1787341145|20260822033905|997.73
1787341150|20260822033910|997.70
1787341155|20260822033915|997.60
1787341160|20260822033920|997.48
1787341200|20260822034000|997.87
1787341205|20260822034005|997.93
1787341210|20260822034010|997.95
1787341215|20260822034015|997.91
1787341220|20260822034020|997.97
1787341225|20260822034025|997.98
1787341235|20260822034035|997.94
1787341240|20260822034040|998.18
1787341245|20260822034045|998.16
1787341250|20260822034050|998.21
1787341260|20260822034100|998.14
1787341265|20260822034105|998.00
1787341270|20260822034110|998.18
1787341275|20260822034115|998.17
1787341280|20260822034120|998.16
1787341285|20260822034125|998.09
1787341295|20260822034135|998.16
1787341300|20260822034140|998.20
1787341305|20260822034145|998.21
1787341310|20260822034150|998.22
1787341315|20260822034155|998.23
1787341320|20260822034200|998.18
1787341325|20260822034205|998.11
1787341335|20260822034215|998.15
1787341340|20260822034220|998.07
1787341345|20260822034225|998.07
1787341360|20260822034240|998.06
1787341365|20260822034245|998.00
1787341375|20260822034255|998.15
1787341385|20260822034305|998.09
1787341390|20260822034310|998.07
1787341395|20260822034315|998.19
1787341400|20260822034320|998.12
1787341405|20260822034325|998.15
1787341415|20260822034335|998.24
1787341420|20260822034340|998.22
1787341425|20260822034345|998.19
1787341430|20260822034350|998.13
1787341435|20260822034355|998.17
1787341445|20260822034405|998.19
1787341450|20260822034410|998.20
1787341455|20260822034415|998.17
1787341460|20260822034420|998.15
1787341465|20260822034425|998.13
1787341500|20260822034500|997.97
1787341505|20260822034505|998.00
1787341510|20260822034510|997.95
1787341515|20260822034515|997.96
1787341520|20260822034520|997.94
1787341525|20260822034525|997.84
1787341535|20260822034535|997.98
1787341540|20260822034540|997.97
1787341550|20260822034550|997.88
1787341555|20260822034555|997.84
1787341560|20260822034600|997.88
1787341565|20260822034605|997.91
1787341570|20260822034610|998.17
1787341575|20260822034615|998.23
1787341580|20260822034620|998.23
1787341585|20260822034625|998.15
1787341595|20260822034635|998.14
1787341600|20260822034640|998.15
1787341605|20260822034645|998.05
1787341610|20260822034650|998.05
1787341615|20260822034655|998.03
1787341625|20260822034705|997.96
1787341630|20260822034710|997.89
1787341640|20260822034720|997.97
1787341645|20260822034725|998.02
1787341655|20260822034735|998.02
1787341660|20260822034740|998.03
1787341665|20260822034745|998.06
1787341670|20260822034750|998.13
1787341675|20260822034755|998.19
1787341685|20260822034805|998.67
1787341690|20260822034810|998.68
1787341700|20260822034820|998.67
1787341705|20260822034825|998.79
1787341715|20260822034835|998.72
1787341720|20260822034840|998.72
1787341725|20260822034845|998.88
1787341730|20260822034850|998.79
1787341735|20260822034855|998.73
1787341740|20260822034900|998.72
1787341745|20260822034905|998.79
1787341750|20260822034910|998.80
1787341755|20260822034915|998.91
1787341760|20260822034920|998.90
1787341765|20260822034925|998.96
1787341800|20260822035000|999.00
1787341815|20260822035015|998.93
1787341820|20260822035020|998.97
1787341825|20260822035025|998.98
1787341835|20260822035035|998.91
1787341840|20260822035040|998.91
1787341845|20260822035045|998.68
1787341850|20260822035050|998.73
1787341855|20260822035055|998.74
1787341865|20260822035105|998.75
1787341875|20260822035115|998.77
1787341880|20260822035120|998.81
1787341885|20260822035125|998.80
1787341895|20260822035135|998.88
1787341900|20260822035140|998.92
1787341905|20260822035145|998.92
1787341910|20260822035150|998.84
1787341915|20260822035155|998.85
1787341935|20260822035215|998.86
1787341940|20260822035220|998.87
1787341945|20260822035225|998.97
1787341955|20260822035235|998.94
1787341960|20260822035240|998.94
1787341965|20260822035245|998.93
1787341975|20260822035255|999.00
1787341985|20260822035305|998.99
1787341990|20260822035310|998.99
1787341995|20260822035315|999.00
1787342005|20260822035325|999.10
1787342015|20260822035335|999.05
1787342020|20260822035340|999.06
1787342025|20260822035345|998.98
1787342030|20260822035350|998.94
1787342035|20260822035355|998.98
1787342040|20260822035400|998.88
1787342045|20260822035405|998.88
1787342050|20260822035410|998.74
1787342055|20260822035415|998.78
1787342060|20260822035420|998.84
1787342065|20260822035425|998.83
1787342100|20260822035500|998.98
1787342105|20260822035505|998.93
1787342110|20260822035510|998.55
1787342115|20260822035515|998.57
1787342120|20260822035520|998.36
1787342125|20260822035525|998.17
1787342135|20260822035535|998.27
1787342145|20260822035545|998.48
1787342150|20260822035550|998.45
1787342155|20260822035555|998.44
1787342160|20260822035600|998.59
1787342165|20260822035605|998.56
1787342170|20260822035610|998.53
1787342175|20260822035615|998.47
1787342180|20260822035620|998.49
1787342185|20260822035625|998.60
1787342200|20260822035640|998.54
1787342205|20260822035645|998.34
1787342215|20260822035655|998.22
1787342225|20260822035705|998.22
1787342230|20260822035710|998.22
1787342235|20260822035715|997.99
1787342245|20260822035725|997.99
1787342255|20260822035735|998.01
1787342260|20260822035740|998.03
1787342265|20260822035745|998.07
1787342270|20260822035750|998.09
1787342275|20260822035755|998.12
1787342285|20260822035805|998.05
1787342290|20260822035810|998.08
1787342295|20260822035815|998.19
1787342300|20260822035820|998.18
1787342305|20260822035825|998.13
1787342315|20260822035835|998.06
1787342320|20260822035840|998.05
1787342325|20260822035845|998.05
1787342330|20260822035850|998.02
1787342335|20260822035855|997.98
1787342340|20260822035900|997.95
1787342345|20260822035905|997.92
1787342350|20260822035910|997.85
1787342355|20260822035915|997.78
1787342360|20260822035920|997.78
1787342365|20260822035925|997.72
1787342400|20260822040000|997.61
