1787760000|20260827000000|993.44
1787760005|20260827000005|993.51
1787760010|20260827000010|993.55
1787760015|20260827000015|993.48
1787760020|20260827000020|993.36
1787760025|20260827000025|993.30
1787760035|20260827000035|993.00
1787760040|20260827000040|993.03
1787760045|20260827000045|993.08
1787760050|20260827000050|993.01
1787760055|20260827000055|993.06
1787760070|20260827000110|992.61
1787760075|20260827000115|992.35
1787760080|20260827000120|992.88
1787760085|20260827000125|992.33
1787760100|20260827000140|993.04
1787760110|20260827000150|992.68
1787760115|20260827000155|992.70
1787760120|20260827000200|992.93
1787760125|20260827000205|993.05
1787760130|20260827000210|993.04
1787760155|20260827000235|993.93
1787760160|20260827000240|994.01
1787760170|20260827000250|993.98
1787760175|20260827000255|993.55
1787760180|20260827000300|993.48
1787760185|20260827000305|993.64
1787760190|20260827000310|993.59
1787760195|20260827000315|993.56
1787760200|20260827000320|993.55
1787760205|20260827000325|993.48
1787760215|20260827000335|993.48
1787760220|20260827000340|993.44
1787760225|20260827000345|993.56
1787760230|20260827000350|993.66
1787760235|20260827000355|993.53
1787760240|20260827000400|993.54
1787760250|20260827000410|993.45
1787760255|20260827000415|993.45
1787760260|20260827000420|993.60
1787760300|20260827000500|993.97
1787760305|20260827000505|993.69
1787760310|20260827000510|993.76
1787760315|20260827000515|993.77
1787760320|20260827000520|993.90
1787760325|20260827000525|994.21
1787760335|20260827000535|994.34
1787760340|20260827000540|994.30
1787760345|20260827000545|994.31
1787760350|20260827000550|994.31
1787760355|20260827000555|994.36
1787760365|20260827000605|994.52
1787760375|20260827000615|994.59
1787760380|20260827000620|994.57
1787760385|20260827000625|994.54
1787760395|20260827000635|994.56
1787760400|20260827000640|994.58
1787760405|20260827000645|994.36
1787760410|20260827000650|994.39
1787760415|20260827000655|994.35
1787760420|20260827000700|994.20
1787760425|20260827000705|994.23
1787760430|20260827000710|993.97
1787760440|20260827000720|994.14
1787760445|20260827000725|994.13
1787760455|20260827000735|993.96
1787760460|20260827000740|993.97
1787760465|20260827000745|994.07
1787760470|20260827000750|994.06
1787760475|20260827000755|994.18
1787760480|20260827000800|994.27
1787760485|20260827000805|994.29
1787760490|20260827000810|994.25
1787760500|20260827000820|994.25
1787760505|20260827000825|994.39
1787760515|20260827000835|994.33
1787760520|20260827000840|994.36
1787760525|20260827000845|994.52
1787760530|20260827000850|994.42
1787760540|20260827000900|994.29
1787760545|20260827000905|994.34
1787760550|20260827000910|994.33
1787760555|20260827000915|994.36
1787760560|20260827000920|994.38
1787760565|20260827000925|994.38
1787760570|20260827000930|994.34
1787760590|20260827000950|994.28
1787760600|20260827001000|994.21
1787760610|20260827001010|994.17
1787760615|20260827001015|994.15
1787760620|20260827001020|993.99
1787760625|20260827001025|994.05
1787760630|20260827001030|994.06
1787760635|20260827001035|993.76
1787760640|20260827001040|993.81
1787760645|20260827001045|993.80
1787760650|20260827001050|993.93
1787760655|20260827001055|993.93
1787760665|20260827001105|993.68
1787760670|20260827001110|993.89
1787760680|20260827001120|993.88
1787760685|20260827001125|993.92
1787760700|20260827001140|993.95
1787760710|20260827001150|993.93
1787760715|20260827001155|994.03
1787760720|20260827001200|993.97
1787760730|20260827001210|994.06
1787760735|20260827001215|994.00
1787760755|20260827001235|994.11
1787760760|20260827001240|994.04
1787760770|20260827001250|993.99
1787760775|20260827001255|994.00
1787760780|20260827001300|993.85
1787760785|20260827001305|993.76
1787760790|20260827001310|993.94
1787760795|20260827001315|993.93
1787760800|20260827001320|993.95
1787760805|20260827001325|993.87
1787760820|20260827001340|993.90
1787760825|20260827001345|993.94
1787760830|20260827001350|993.95
1787760835|20260827001355|993.98
1787760840|20260827001400|994.00
1787760845|20260827001405|994.01
1787760850|20260827001410|994.00
1787760860|20260827001420|994.06
1787760900|20260827001500|994.33
1787760910|20260827001510|994.12
1787760920|20260827001520|993.90
1787760925|20260827001525|993.69
1787760935|20260827001535|993.77
1787760940|20260827001540|993.76
1787760945|20260827001545|993.80
1787760955|20260827001555|993.81
1787760960|20260827001600|993.86
1787760965|20260827001605|993.89
1787760970|20260827001610|993.86
1787760975|20260827001615|993.91
1787760980|20260827001620|993.91
1787760995|20260827001635|994.00
1787761000|20260827001640|994.00
1787761005|20260827001645|993.92
1787761010|20260827001650|993.93
1787761015|20260827001655|993.86
1787761020|20260827001700|993.88
1787761025|20260827001705|993.85
1787761030|20260827001710|993.91
1787761035|20260827001715|993.92
1787761040|20260827001720|993.94
1787761045|20260827001725|993.82
1787761050|20260827001730|993.69
1787761055|20260827001735|993.81
1787761065|20260827001745|993.88
1787761070|20260827001750|993.88
1787761075|20260827001755|993.92
1787761080|20260827001800|993.89
1787761085|20260827001805|993.86
1787761090|20260827001810|993.83
1787761095|20260827001815|993.96
1787761100|20260827001820|994.03
1787761105|20260827001825|994.07
1787761120|20260827001840|993.99
1787761130|20260827001850|993.93
1787761135|20260827001855|993.90
1787761140|20260827001900|993.92
1787761145|20260827001905|993.86
1787761150|20260827001910|993.93
1787761155|20260827001915|993.99
1787761160|20260827001920|993.98
1787761165|20260827001925|994.02
1787761215|20260827002015|993.81
1787761220|20260827002020|993.83
1787761225|20260827002025|993.86
1787761235|20260827002035|994.02
1787761240|20260827002040|994.06
1787761245|20260827002045|994.06
1787761250|20260827002050|994.11
1787761255|20260827002055|994.08
1787761270|20260827002110|994.08
1787761285|20260827002125|993.77
1787761295|20260827002135|993.72
1787761300|20260827002140|993.68
1787761305|20260827002145|993.68
1787761310|20260827002150|993.92
1787761325|20260827002205|994.05
1787761330|20260827002210|993.93
1787761335|20260827002215|993.93
1787761340|20260827002220|993.97
1787761345|20260827002225|993.92
1787761355|20260827002235|993.78
1787761360|20260827002240|993.69
1787761365|20260827002245|993.68
1787761375|20260827002255|993.48
1787761385|20260827002305|993.09
1787761390|20260827002310|993.08
1787761395|20260827002315|993.27
1787761405|20260827002325|993.16
1787761415|20260827002335|993.34
1787761420|20260827002340|993.42
1787761435|20260827002355|993.36
1787761440|20260827002400|993.39
1787761445|20260827002405|993.35
1787761455|20260827002415|993.41
1787761460|20260827002420|993.41
1787761465|20260827002425|993.41
1787761500|20260827002500|993.41
1787761505|20260827002505|993.42
1787761510|20260827002510|993.44
1787761515|20260827002515|993.51
1787761520|20260827002520|993.53
1787761525|20260827002525|993.61
1787761530|20260827002530|993.29
1787761535|20260827002535|993.30
1787761540|20260827002540|993.37
1787761545|20260827002545|993.33
1787761550|20260827002550|993.49
1787761555|20260827002555|993.46
1787761560|20260827002600|993.45
1787761565|20260827002605|993.52
1787761570|20260827002610|993.58
1787761575|20260827002615|993.56
1787761580|20260827002620|993.54
1787761585|20260827002625|993.56
1787761595|20260827002635|993.52
1787761600|20260827002640|993.24
1787761605|20260827002645|993.30
1787761615|20260827002655|993.36
1787761620|20260827002700|993.34
1787761625|20260827002705|993.52
1787761635|20260827002715|993.64
1787761640|20260827002720|993.65
1787761645|20260827002725|993.41
1787761655|20260827002735|993.40
1787761665|20260827002745|993.26
1787761670|20260827002750|993.09
1787761675|20260827002755|993.17
1787761685|20260827002805|993.35
1787761690|20260827002810|993.28
1787761695|20260827002815|993.27
1787761700|20260827002820|993.35
1787761705|20260827002825|993.34
1787761715|20260827002835|993.36
1787761720|20260827002840|993.34
1787761730|20260827002850|993.34
1787761750|20260827002910|993.34
1787761755|20260827002915|993.34
1787761760|20260827002920|993.27
1787761810|20260827003010|993.29
1787761815|20260827003015|993.29
1787761820|20260827003020|993.29
1787761825|20260827003025|993.32
1787761835|20260827003035|993.39
1787761840|20260827003040|993.17
1787761855|20260827003055|993.16
1787761860|20260827003100|993.03
1787761865|20260827003105|993.12
1787761870|20260827003110|993.09
1787761885|20260827003125|992.93
1787761895|20260827003135|992.95
1787761900|20260827003140|993.00
1787761905|20260827003145|993.01
1787761910|20260827003150|993.14
1787761925|20260827003205|992.88
1787761930|20260827003210|992.91
1787761935|20260827003215|992.99
1787761940|20260827003220|993.02
1787761945|20260827003225|993.05
1787761955|20260827003235|993.12
1787761960|20260827003240|993.09
1787761965|20260827003245|993.04
1787761970|20260827003250|993.02
1787761975|20260827003255|993.05
1787761980|20260827003300|993.06
1787761985|20260827003305|993.03
1787761990|20260827003310|993.06
1787761995|20260827003315|993.09
1787762005|20260827003325|993.10
1787762015|20260827003335|993.07
1787762020|20260827003340|992.84
1787762025|20260827003345|992.84
1787762030|20260827003350|992.86
1787762035|20260827003355|992.80
1787762040|20260827003400|992.80
1787762045|20260827003405|992.87
1787762050|20260827003410|993.00
1787762055|20260827003415|993.01
1787762060|20260827003420|993.05
1787762065|20260827003425|993.04
1787762100|20260827003500|993.06
1787762105|20260827003505|992.95
1787762115|20260827003515|992.59
1787762120|20260827003520|992.65
1787762125|20260827003525|992.65
1787762135|20260827003535|992.70
1787762145|20260827003545|992.86
1787762150|20260827003550|992.99
1787762155|20260827003555|992.84
1787762160|20260827003600|992.87
1787762165|20260827003605|992.88
1787762170|20260827003610|992.85
1787762175|20260827003615|992.79
1787762180|20260827003620|992.84
1787762205|20260827003645|993.11
1787762210|20260827003650|993.13
1787762225|20260827003705|993.02
1787762235|20260827003715|993.13
1787762240|20260827003720|993.12
1787762245|20260827003725|993.23
1787762255|20260827003735|992.88
1787762260|20260827003740|992.69
1787762265|20260827003745|992.61
1787762275|20260827003755|992.60
1787762280|20260827003800|992.62
1787762285|20260827003805|992.66
1787762290|20260827003810|992.60
1787762295|20260827003815|992.51
1787762300|20260827003820|992.27
1787762305|20260827003825|991.96
1787762315|20260827003835|991.98
1787762320|20260827003840|991.97
1787762325|20260827003845|992.30
1787762330|20260827003850|992.22
1787762335|20260827003855|992.11
1787762340|20260827003900|992.08
1787762345|20260827003905|992.02
1787762350|20260827003910|991.95
1787762355|20260827003915|991.99
1787762360|20260827003920|992.08
1787762365|20260827003925|992.00
1787762405|20260827004005|991.49
1787762410|20260827004010|991.28
1787762420|20260827004020|991.33
1787762425|20260827004025|991.54
1787762435|20260827004035|991.31
1787762440|20260827004040|991.52
1787762445|20260827004045|991.53
1787762455|20260827004055|991.89
1787762460|20260827004100|991.94
1787762470|20260827004110|991.94
1787762475|20260827004115|991.95
1787762480|20260827004120|992.13
1787762485|20260827004125|992.17
1787762500|20260827004140|992.07
1787762515|20260827004155|992.23
1787762520|20260827004200|992.21
1787762525|20260827004205|992.25
1787762530|20260827004210|992.24
1787762535|20260827004215|992.24
1787762540|20260827004220|992.32
1787762545|20260827004225|992.17
1787762555|20260827004235|992.12
1787762560|20260827004240|992.19
1787762565|20260827004245|992.20
1787762570|20260827004250|992.17
1787762575|20260827004255|992.23
1787762585|20260827004305|992.31
1787762595|20260827004315|992.34
1787762600|20260827004320|992.20
1787762605|20260827004325|992.19
1787762615|20260827004335|992.36
1787762620|20260827004340|992.19
1787762630|20260827004350|992.28
1787762635|20260827004355|992.34
1787762640|20260827004400|992.36
1787762650|20260827004410|992.03
1787762655|20260827004415|992.02
1787762660|20260827004420|991.86
1787762665|20260827004425|991.62
1787762670|20260827004430|991.70
1787762685|20260827004445|991.75
1787762700|20260827004500|991.69
1787762705|20260827004505|991.84
1787762710|20260827004510|991.91
1787762720|20260827004520|992.04
1787762735|20260827004535|992.13
1787762745|20260827004545|992.19
1787762760|20260827004600|992.01
1787762770|20260827004610|992.15
1787762775|20260827004615|992.05
1787762795|20260827004635|992.14
1787762800|20260827004640|992.21
1787762805|20260827004645|992.32
1787762810|20260827004650|992.35
1787762815|20260827004655|992.41
1787762825|20260827004705|992.30
1787762830|20260827004710|992.34
1787762835|20260827004715|992.39
1787762840|20260827004720|992.42
1787762845|20260827004725|992.37
1787762855|20260827004735|992.52
1787762860|20260827004740|992.36
1787762865|20260827004745|992.71
1787762875|20260827004755|992.83
1787762885|20260827004805|992.80
1787762895|20260827004815|992.88
1787762900|20260827004820|992.85
1787762905|20260827004825|992.96
1787762915|20260827004835|993.02
1787762920|20260827004840|992.89
1787762925|20260827004845|992.95
1787762930|20260827004850|992.94
1787762935|20260827004855|993.00
1787762940|20260827004900|993.02
1787762945|20260827004905|993.03
1787762950|20260827004910|993.02
1787762955|20260827004915|993.06
1787762965|20260827004925|993.01
1787763005|20260827005005|993.17
1787763010|20260827005010|993.30
1787763015|20260827005015|993.29
1787763020|20260827005020|993.36
1787763035|20260827005035|993.37
1787763040|20260827005040|993.35
1787763045|20260827005045|993.50
1787763050|20260827005050|993.51
1787763055|20260827005055|993.57
1787763060|20260827005100|993.43
1787763065|20260827005105|993.40
1787763070|20260827005110|993.33
1787763075|20260827005115|993.35
1787763080|20260827005120|992.86
1787763085|20260827005125|992.91
1787763095|20260827005135|992.87
1787763105|20260827005145|992.87
1787763110|20260827005150|992.87
1787763125|20260827005205|992.58
1787763130|20260827005210|992.60
1787763135|20260827005215|992.58
1787763140|20260827005220|992.35
1787763145|20260827005225|992.32
1787763160|20260827005240|992.09
1787763165|20260827005245|992.05
1787763175|20260827005255|992.08
1787763180|20260827005300|992.13
1787763185|20260827005305|992.11
1787763190|20260827005310|992.01
1787763200|20260827005320|992.05
1787763205|20260827005325|992.03
1787763215|20260827005335|992.13
1787763220|20260827005340|992.17
1787763230|20260827005350|992.22
1787763235|20260827005355|992.21
1787763240|20260827005400|992.08
1787763245|20260827005405|992.09
1787763250|20260827005410|992.14
1787763255|20260827005415|992.10
1787763260|20260827005420|992.04
1787763265|20260827005425|992.24
1787763300|20260827005500|992.11
1787763305|20260827005505|992.08
1787763310|20260827005510|991.86
1787763315|20260827005515|991.92
1787763320|20260827005520|991.96
1787763325|20260827005525|991.95
1787763335|20260827005535|991.99
1787763340|20260827005540|992.01
1787763345|20260827005545|991.95
1787763355|20260827005555|992.00
1787763360|20260827005600|991.99
1787763365|20260827005605|991.98
1787763375|20260827005615|992.06
1787763380|20260827005620|992.07
1787763385|20260827005625|992.16
1787763395|20260827005635|992.13
1787763400|20260827005640|992.20
1787763405|20260827005645|992.19
1787763410|20260827005650|992.17
1787763415|20260827005655|992.14
1787763430|20260827005710|992.13
1787763435|20260827005715|992.20
1787763440|20260827005720|992.16
1787763445|20260827005725|992.21
1787763455|20260827005735|992.29
1787763460|20260827005740|992.15
1787763465|20260827005745|992.01
1787763470|20260827005750|992.12
1787763485|20260827005805|992.18
1787763490|20260827005810|992.19
1787763495|20260827005815|992.18
1787763500|20260827005820|992.14
1787763505|20260827005825|992.18
1787763520|20260827005840|992.46
1787763525|20260827005845|992.57
1787763530|20260827005850|992.57
1787763535|20260827005855|992.54
1787763540|20260827005900|992.50
1787763545|20260827005905|992.51
1787763550|20260827005910|992.48
1787763555|20260827005915|992.45
1787763565|20260827005925|992.50
1787763600|20260827010000|992.44
1787763610|20260827010010|992.53
1787763620|20260827010020|992.40
1787763625|20260827010025|992.56
1787763635|20260827010035|992.59
1787763640|20260827010040|992.60
1787763645|20260827010045|992.64
1787763655|20260827010055|992.80
1787763660|20260827010100|992.81
1787763665|20260827010105|992.85
1787763680|20260827010120|992.83
1787763685|20260827010125|992.75
1787763700|20260827010140|992.69
1787763705|20260827010145|992.54
1787763710|20260827010150|992.53
1787763725|20260827010205|992.78
1787763735|20260827010215|992.83
1787763740|20260827010220|992.78
1787763745|20260827010225|992.78
1787763760|20260827010240|992.45
1787763765|20260827010245|992.58
1787763775|20260827010255|992.60
1787763785|20260827010305|992.74
1787763790|20260827010310|992.71
1787763800|20260827010320|992.59
1787763805|20260827010325|992.62
1787763815|20260827010335|992.62
1787763820|20260827010340|992.61
1787763825|20260827010345|992.67
1787763830|20260827010350|992.79
1787763835|20260827010355|992.77
1787763850|20260827010410|992.82
1787763855|20260827010415|992.80
1787763860|20260827010420|992.86
1787763865|20260827010425|992.86
1787763900|20260827010500|992.80
1787763905|20260827010505|992.78
1787763910|20260827010510|992.71
1787763915|20260827010515|992.51
1787763920|20260827010520|992.46
1787763925|20260827010525|992.52
1787763935|20260827010535|992.62
1787763940|20260827010540|992.68
1787763945|20260827010545|992.65
1787763950|20260827010550|992.71
1787763955|20260827010555|992.66
1787763960|20260827010600|992.43
1787763965|20260827010605|992.42
1787763970|20260827010610|992.38
1787763975|20260827010615|992.38
1787763980|20260827010620|992.35
1787763985|20260827010625|992.38
1787763995|20260827010635|992.34
1787764000|20260827010640|992.39
1787764005|20260827010645|992.44
1787764010|20260827010650|992.51
1787764015|20260827010655|992.52
1787764020|20260827010700|992.60
1787764025|20260827010705|992.67
1787764030|20260827010710|992.73
1787764035|20260827010715|992.66
1787764040|20260827010720|992.82
1787764045|20260827010725|992.80
1787764055|20260827010735|993.14
1787764060|20260827010740|993.08
1787764065|20260827010745|993.23
1787764075|20260827010755|993.34
1787764080|20260827010800|993.34
1787764085|20260827010805|993.27
1787764090|20260827010810|993.22
1787764095|20260827010815|993.21
1787764100|20260827010820|993.27
1787764105|20260827010825|993.28
1787764115|20260827010835|993.33
1787764120|20260827010840|993.35
1787764125|20260827010845|993.38
1787764130|20260827010850|993.40
1787764135|20260827010855|993.32
1787764140|20260827010900|993.33
1787764145|20260827010905|993.35
1787764150|20260827010910|993.39
1787764155|20260827010915|993.42
1787764160|20260827010920|993.41
1787764205|20260827011005|993.06
1787764210|20260827011010|993.12
1787764215|20260827011015|993.10
1787764220|20260827011020|993.13
1787764225|20260827011025|993.10
1787764235|20260827011035|993.15
1787764240|20260827011040|993.04
1787764245|20260827011045|992.99
1787764250|20260827011050|992.99
1787764255|20260827011055|992.97
1787764260|20260827011100|992.94
1787764265|20260827011105|992.90
1787764275|20260827011115|992.97
1787764280|20260827011120|992.97
1787764285|20260827011125|992.92
1787764295|20260827011135|992.91
1787764300|20260827011140|992.95
1787764305|20260827011145|992.95
1787764325|20260827011205|992.92
1787764335|20260827011215|993.13
1787764340|20260827011220|993.13
1787764345|20260827011225|993.09
1787764355|20260827011235|993.19
1787764360|20260827011240|993.17
1787764365|20260827011245|993.14
1787764370|20260827011250|993.11
1787764375|20260827011255|993.12
1787764380|20260827011300|993.09
1787764385|20260827011305|993.18
1787764395|20260827011315|992.97
1787764400|20260827011320|993.02
1787764420|20260827011340|992.94
1787764425|20260827011345|992.93
1787764430|20260827011350|993.00
1787764435|20260827011355|993.05
1787764445|20260827011405|993.00
1787764450|20260827011410|992.98
1787764455|20260827011415|993.05
1787764460|20260827011420|993.05
1787764465|20260827011425|993.00
1787764505|20260827011505|993.20
1787764510|20260827011510|993.23
1787764520|20260827011520|993.29
1787764525|20260827011525|993.30
1787764535|20260827011535|993.22
1787764540|20260827011540|993.24
1787764545|20260827011545|993.18
1787764550|20260827011550|993.21
1787764555|20260827011555|993.29
1787764560|20260827011600|993.29
1787764565|20260827011605|993.29
1787764570|20260827011610|993.27
1787764580|20260827011620|993.29
1787764585|20260827011625|993.29
1787764595|20260827011635|993.33
1787764605|20260827011645|993.21
1787764610|20260827011650|993.20
1787764625|20260827011705|993.30
1787764630|20260827011710|993.32
1787764640|20260827011720|993.32
1787764645|20260827011725|993.32
1787764655|20260827011735|993.10
1787764660|20260827011740|993.17
1787764665|20260827011745|993.15
1787764670|20260827011750|993.14
1787764675|20260827011755|993.17
1787764685|20260827011805|992.95
1787764690|20260827011810|993.02
1787764695|20260827011815|993.11
1787764700|20260827011820|993.08
1787764705|20260827011825|993.07
1787764715|20260827011835|993.14
1787764720|20260827011840|993.04
1787764725|20260827011845|992.97
1787764730|20260827011850|992.96
1787764735|20260827011855|992.96
1787764740|20260827011900|992.94
1787764745|20260827011905|993.00
1787764755|20260827011915|993.14
1787764760|20260827011920|993.17
1787764765|20260827011925|993.20
1787764810|20260827012010|993.50
1787764815|20260827012015|993.53
1787764820|20260827012020|993.53
1787764825|20260827012025|993.53
1787764835|20260827012035|993.39
1787764840|20260827012040|993.45
1787764845|20260827012045|993.54
1787764850|20260827012050|993.52
1787764860|20260827012100|993.48
1787764870|20260827012110|993.50
1787764875|20260827012115|993.65
1787764880|20260827012120|993.74
1787764905|20260827012145|993.99
1787764910|20260827012150|993.97
1787764920|20260827012200|993.96
1787764930|20260827012210|993.87
1787764935|20260827012215|993.87
1787764940|20260827012220|993.84
1787764945|20260827012225|993.70
1787764955|20260827012235|993.71
1787764960|20260827012240|993.79
1787764965|20260827012245|993.77
1787764975|20260827012255|993.81
1787764985|20260827012305|993.75
1787764995|20260827012315|993.67
1787765000|20260827012320|993.75
1787765030|20260827012350|993.63
1787765045|20260827012405|993.49
1787765050|20260827012410|993.67
1787765055|20260827012415|993.74
1787765060|20260827012420|993.71
1787765065|20260827012425|993.81
1787765100|20260827012500|993.53
1787765105|20260827012505|993.51
1787765110|20260827012510|993.50
1787765115|20260827012515|993.41
1787765120|20260827012520|993.46
1787765125|20260827012525|993.41
1787765135|20260827012535|993.26
1787765140|20260827012540|993.25
1787765145|20260827012545|993.12
1787765150|20260827012550|993.27
1787765155|20260827012555|993.25
1787765160|20260827012600|993.26
1787765165|20260827012605|993.35
1787765170|20260827012610|993.34
1787765185|20260827012625|993.37
1787765205|20260827012645|993.51
1787765215|20260827012655|993.50
1787765220|20260827012700|993.45
1787765225|20260827012705|993.46
1787765230|20260827012710|993.46
1787765235|20260827012715|993.51
1787765240|20260827012720|993.51
1787765245|20260827012725|993.50
1787765260|20260827012740|993.39
1787765265|20260827012745|993.28
1787765270|20260827012750|993.25
1787765275|20260827012755|993.27
1787765280|20260827012800|993.41
1787765285|20260827012805|993.43
1787765290|20260827012810|993.72
1787765295|20260827012815|993.72
1787765300|20260827012820|993.49
1787765305|20260827012825|993.55
1787765315|20260827012835|993.66
1787765320|20260827012840|993.69
1787765335|20260827012855|993.58
1787765345|20260827012905|993.58
1787765350|20260827012910|993.78
1787765355|20260827012915|993.90
1787765360|20260827012920|993.85
1787765365|20260827012925|993.79
1787765405|20260827013005|993.87
1787765410|20260827013010|993.89
1787765415|20260827013015|993.92
1787765420|20260827013020|993.74
1787765425|20260827013025|993.90
1787765435|20260827013035|993.89
1787765440|20260827013040|993.89
1787765445|20260827013045|993.92
1787765455|20260827013055|994.10
1787765460|20260827013100|994.13
1787765465|20260827013105|994.16
1787765470|20260827013110|994.02
1787765480|20260827013120|993.96
1787765500|20260827013140|993.91
1787765505|20260827013145|993.87
1787765510|20260827013150|993.88
1787765515|20260827013155|993.94
1787765525|20260827013205|993.92
1787765530|20260827013210|993.91
1787765535|20260827013215|993.98
1787765560|20260827013240|994.12
1787765565|20260827013245|994.13
1787765570|20260827013250|994.18
1787765575|20260827013255|994.14
1787765585|20260827013305|994.20
1787765590|20260827013310|994.22
1787765595|20260827013315|994.16
1787765600|20260827013320|994.24
1787765605|20260827013325|994.24
1787765620|20260827013340|994.41
1787765625|20260827013345|994.46
1787765635|20260827013355|994.62
1787765640|20260827013400|994.61
1787765645|20260827013405|994.62
1787765650|20260827013410|994.65
1787765655|20260827013415|994.65
1787765660|20260827013420|994.65
1787765665|20260827013425|994.59
1787765675|20260827013435|994.59
1787765680|20260827013440|994.63
1787765700|20260827013500|994.53
1787765705|20260827013505|994.57
1787765715|20260827013515|994.56
1787765720|20260827013520|994.47
1787765725|20260827013525|994.45
1787765735|20260827013535|994.34
1787765740|20260827013540|994.35
1787765745|20260827013545|994.30
1787765750|20260827013550|994.27
1787765755|20260827013555|994.25
1787765760|20260827013600|994.25
1787765765|20260827013605|994.26
1787765770|20260827013610|994.24
1787765775|20260827013615|994.06
1787765780|20260827013620|994.06
1787765785|20260827013625|994.06
1787765790|20260827013630|993.98
1787765795|20260827013635|994.01
1787765800|20260827013640|993.92
1787765805|20260827013645|993.91
1787765810|20260827013650|993.80
1787765815|20260827013655|993.61
1787765820|20260827013700|993.60
1787765825|20260827013705|993.72
1787765830|20260827013710|993.69
1787765835|20260827013715|993.68
1787765840|20260827013720|993.72
1787765845|20260827013725|993.76
1787765855|20260827013735|993.79
1787765860|20260827013740|993.77
1787765865|20260827013745|993.78
1787765870|20260827013750|993.85
1787765875|20260827013755|993.82
1787765880|20260827013800|993.83
1787765885|20260827013805|993.81
1787765905|20260827013825|993.78
1787765915|20260827013835|993.80
1787765920|20260827013840|993.82
1787765925|20260827013845|993.81
1787765930|20260827013850|993.79
1787765935|20260827013855|993.82
1787765940|20260827013900|993.80
1787765945|20260827013905|993.78
1787765950|20260827013910|993.82
1787765955|20260827013915|993.86
1787765960|20260827013920|993.82
1787766005|20260827014005|993.65
1787766010|20260827014010|993.77
1787766020|20260827014020|993.79
1787766025|20260827014025|993.72
1787766035|20260827014035|993.75
1787766040|20260827014040|993.82
1787766045|20260827014045|993.97
1787766050|20260827014050|993.97
1787766055|20260827014055|993.98
1787766060|20260827014100|994.02
1787766075|20260827014115|994.11
1787766085|20260827014125|994.14
1787766100|20260827014140|993.96
1787766105|20260827014145|994.03
1787766110|20260827014150|994.06
1787766115|20260827014155|994.05
1787766125|20260827014205|994.14
1787766130|20260827014210|994.12
1787766135|20260827014215|994.12
1787766140|20260827014220|994.14
1787766145|20260827014225|994.12
1787766160|20260827014240|993.92
1787766165|20260827014245|993.90
1787766170|20260827014250|993.91
1787766180|20260827014300|993.82
1787766190|20260827014310|993.72
1787766200|20260827014320|993.61
1787766215|20260827014335|993.45
1787766220|20260827014340|993.45
1787766225|20260827014345|993.44
1787766230|20260827014350|993.56
1787766235|20260827014355|993.57
1787766240|20260827014400|993.57
1787766245|20260827014405|993.56
1787766250|20260827014410|993.55
1787766255|20260827014415|993.52
1787766260|20260827014420|993.53
1787766265|20260827014425|993.65
1787766300|20260827014500|993.71
1787766305|20260827014505|993.70
1787766310|20260827014510|993.69
1787766320|20260827014520|993.92
1787766325|20260827014525|993.96
1787766335|20260827014535|993.92
1787766340|20260827014540|993.93
1787766355|20260827014555|994.05
1787766365|20260827014605|993.89
1787766370|20260827014610|993.94
1787766380|20260827014620|993.88
1787766385|20260827014625|993.85
1787766400|20260827014640|993.76
1787766405|20260827014645|993.77
1787766410|20260827014650|993.79
1787766425|20260827014705|993.72
1787766430|20260827014710|993.72
1787766435|20260827014715|993.64
1787766440|20260827014720|993.65
1787766445|20260827014725|993.76
1787766460|20260827014740|993.71
1787766465|20260827014745|993.68
1787766470|20260827014750|993.71
1787766475|20260827014755|993.69
1787766480|20260827014800|993.68
1787766490|20260827014810|993.75
1787766495|20260827014815|993.78
1787766500|20260827014820|993.79
1787766505|20260827014825|993.76
1787766515|20260827014835|993.62
1787766525|20260827014845|993.60
1787766530|20260827014850|993.60
1787766535|20260827014855|993.55
1787766545|20260827014905|993.69
1787766550|20260827014910|993.72
1787766560|20260827014920|993.80
1787766565|20260827014925|993.79
1787766605|20260827015005|993.92
1787766610|20260827015010|993.93
1787766615|20260827015015|993.99
1787766620|20260827015020|993.99
1787766625|20260827015025|993.98
1787766635|20260827015035|994.01
1787766640|20260827015040|993.97
1787766645|20260827015045|994.01
1787766650|20260827015050|993.99
1787766655|20260827015055|994.00
1787766660|20260827015100|993.99
1787766675|20260827015115|993.99
1787766680|20260827015120|994.01
1787766695|20260827015135|993.89
1787766705|20260827015145|993.86
1787766710|20260827015150|994.00
1787766715|20260827015155|994.02
1787766720|20260827015200|994.00
1787766725|20260827015205|993.95
1787766730|20260827015210|993.94
1787766735|20260827015215|993.93
1787766740|20260827015220|993.94
1787766745|20260827015225|993.95
1787766750|20260827015230|994.05
1787766755|20260827015235|994.06
1787766765|20260827015245|994.11
1787766770|20260827015250|994.13
1787766775|20260827015255|994.04
1787766780|20260827015300|994.04
1787766785|20260827015305|994.03
1787766790|20260827015310|994.03
1787766795|20260827015315|993.96
1787766805|20260827015325|993.96
1787766820|20260827015340|994.03
1787766830|20260827015350|994.06
1787766845|20260827015405|994.05
1787766865|20260827015425|993.96
1787766900|20260827015500|993.76
1787766905|20260827015505|993.77
1787766910|20260827015510|993.78
1787766915|20260827015515|993.64
1787766920|20260827015520|993.66
1787766935|20260827015535|993.65
1787766940|20260827015540|993.66
1787766945|20260827015545|993.60
1787766955|20260827015555|993.40
1787766960|20260827015600|993.32
1787766965|20260827015605|993.37
1787766970|20260827015610|993.34
1787766975|20260827015615|993.40
1787766980|20260827015620|993.39
1787766985|20260827015625|993.33
1787766995|20260827015635|993.07
1787767020|20260827015700|993.29
1787767025|20260827015705|993.30
1787767030|20260827015710|993.33
1787767035|20260827015715|993.38
1787767040|20260827015720|993.43
1787767045|20260827015725|993.50
1787767055|20260827015735|993.40
1787767075|20260827015755|993.45
1787767080|20260827015800|993.54
1787767085|20260827015805|993.55
1787767090|20260827015810|993.54
1787767100|20260827015820|993.52
1787767105|20260827015825|993.58
1787767115|20260827015835|993.58
1787767125|20260827015845|993.63
1787767130|20260827015850|993.67
1787767135|20260827015855|993.75
1787767140|20260827015900|993.57
1787767145|20260827015905|993.62
1787767150|20260827015910|993.57
1787767155|20260827015915|993.61
1787767160|20260827015920|993.69
1787767165|20260827015925|993.62
1787767205|20260827020005|993.78
1787767215|20260827020015|993.81
1787767220|20260827020020|993.81
1787767225|20260827020025|993.61
1787767235|20260827020035|993.77
1787767240|20260827020040|993.75
1787767245|20260827020045|993.84
1787767250|20260827020050|993.77
1787767255|20260827020055|993.82
1787767260|20260827020100|993.83
1787767270|20260827020110|993.76
1787767275|20260827020115|993.81
1787767280|20260827020120|993.76
1787767285|20260827020125|993.75
1787767295|20260827020135|993.73
1787767305|20260827020145|994.02
1787767310|20260827020150|994.01
1787767315|20260827020155|994.25
1787767325|20260827020205|994.14
1787767330|20260827020210|994.17
1787767335|20260827020215|994.18
1787767340|20260827020220|994.15
1787767345|20260827020225|994.14
1787767355|20260827020235|994.19
1787767360|20260827020240|994.14
1787767365|20260827020245|994.19
1787767370|20260827020250|994.26
1787767385|20260827020305|994.36
1787767390|20260827020310|994.38
1787767395|20260827020315|994.39
1787767400|20260827020320|994.52
1787767405|20260827020325|994.56
1787767415|20260827020335|994.72
1787767420|20260827020340|994.76
1787767425|20260827020345|994.78
1787767430|20260827020350|994.82
1787767450|20260827020410|994.84
1787767460|20260827020420|994.78
1787767500|20260827020500|994.94
1787767505|20260827020505|994.94
1787767510|20260827020510|994.96
1787767515|20260827020515|994.96
1787767520|20260827020520|995.02
1787767525|20260827020525|995.10
1787767535|20260827020535|995.16
1787767540|20260827020540|995.15
1787767545|20260827020545|995.13
1787767550|20260827020550|995.06
1787767555|20260827020555|995.01
1787767560|20260827020600|995.09
1787767575|20260827020615|995.11
1787767580|20260827020620|995.12
1787767585|20260827020625|995.14
1787767600|20260827020640|995.17
1787767605|20260827020645|995.07
1787767610|20260827020650|995.11
1787767620|20260827020700|994.85
1787767630|20260827020710|994.79
1787767635|20260827020715|994.72
1787767640|20260827020720|994.61
1787767645|20260827020725|994.61
1787767655|20260827020735|994.66
1787767660|20260827020740|994.47
1787767665|20260827020745|994.49
1787767680|20260827020800|994.66
1787767685|20260827020805|994.60
1787767690|20260827020810|994.56
1787767695|20260827020815|994.50
1787767700|20260827020820|994.51
1787767705|20260827020825|994.52
1787767715|20260827020835|994.46
1787767720|20260827020840|994.48
1787767725|20260827020845|994.51
1787767735|20260827020855|994.57
1787767745|20260827020905|994.87
1787767755|20260827020915|994.79
1787767760|20260827020920|994.79
1787767765|20260827020925|994.70
1787767815|20260827021015|994.87
1787767825|20260827021025|994.84
1787767835|20260827021035|994.98
1787767840|20260827021040|995.03
1787767845|20260827021045|995.00
1787767850|20260827021050|995.03
1787767855|20260827021055|995.01
1787767860|20260827021100|995.10
1787767870|20260827021110|995.05
1787767880|20260827021120|995.05
1787767885|20260827021125|995.05
1787767895|20260827021135|995.00
1787767900|20260827021140|994.97
1787767910|20260827021150|995.02
1787767915|20260827021155|994.95
1787767920|20260827021200|995.01
1787767930|20260827021210|994.99
1787767935|20260827021215|994.98
1787767940|20260827021220|995.03
1787767955|20260827021235|994.79
1787767965|20260827021245|994.79
1787767970|20260827021250|994.78
1787767980|20260827021300|994.87
1787767990|20260827021310|994.89
1787768000|20260827021320|994.82
1787768005|20260827021325|994.81
1787768015|20260827021335|994.81
1787768020|20260827021340|994.80
1787768025|20260827021345|994.77
1787768050|20260827021410|994.76
1787768065|20260827021425|994.44
1787768100|20260827021500|994.30
1787768105|20260827021505|994.35
1787768110|20260827021510|994.34
1787768120|20260827021520|994.28
1787768125|20260827021525|994.27
1787768135|20260827021535|994.22
1787768140|20260827021540|994.21
1787768145|20260827021545|994.16
1787768155|20260827021555|994.00
1787768160|20260827021600|993.96
1787768170|20260827021610|994.02
1787768185|20260827021625|993.87
1787768195|20260827021635|994.01
1787768210|20260827021650|994.02
1787768215|20260827021655|993.98
1787768225|20260827021705|993.95
1787768230|20260827021710|993.95
1787768240|20260827021720|993.96
1787768245|20260827021725|993.95
1787768255|20260827021735|993.98
1787768260|20260827021740|994.04
1787768265|20260827021745|994.03
1787768275|20260827021755|994.06
1787768280|20260827021800|994.10
1787768285|20260827021805|993.90
1787768290|20260827021810|993.84
1787768300|20260827021820|993.84
1787768305|20260827021825|993.89
1787768315|20260827021835|993.77
1787768320|20260827021840|993.75
1787768325|20260827021845|993.63
1787768330|20260827021850|993.55
1787768335|20260827021855|993.55
1787768340|20260827021900|993.57
1787768345|20260827021905|993.54
1787768350|20260827021910|993.44
1787768360|20260827021920|993.47
1787768365|20260827021925|993.46
1787768405|20260827022005|993.25
1787768410|20260827022010|993.32
1787768415|20260827022015|993.25
1787768420|20260827022020|993.34
1787768425|20260827022025|993.35
1787768435|20260827022035|993.34
1787768440|20260827022040|993.29
1787768445|20260827022045|993.38
1787768450|20260827022050|993.40
1787768465|20260827022105|993.23
1787768470|20260827022110|993.23
1787768475|20260827022115|993.22
1787768480|20260827022120|993.18
1787768495|20260827022135|993.21
1787768500|20260827022140|993.18
1787768505|20260827022145|993.21
1787768510|20260827022150|993.19
1787768515|20260827022155|993.12
1787768530|20260827022210|992.85
1787768540|20260827022220|993.07
1787768545|20260827022225|993.12
1787768555|20260827022235|993.10
1787768560|20260827022240|993.03
1787768565|20260827022245|993.01
1787768570|20260827022250|993.01
1787768575|20260827022255|993.06
1787768585|20260827022305|993.09
1787768595|20260827022315|993.16
1787768600|20260827022320|993.13
1787768605|20260827022325|993.11
1787768615|20260827022335|993.15
1787768620|20260827022340|993.22
1787768625|20260827022345|993.23
1787768630|20260827022350|993.28
1787768635|20260827022355|993.04
1787768645|20260827022405|993.11
1787768650|20260827022410|993.07
1787768655|20260827022415|993.04
1787768690|20260827022450|992.83
1787768710|20260827022510|993.07
1787768715|20260827022515|993.06
1787768720|20260827022520|993.05
1787768725|20260827022525|993.04
1787768735|20260827022535|992.95
1787768740|20260827022540|992.99
1787768745|20260827022545|992.99
1787768750|20260827022550|992.96
1787768755|20260827022555|992.87
1787768765|20260827022605|993.01
1787768775|20260827022615|992.85
1787768795|20260827022635|992.95
1787768800|20260827022640|992.96
1787768805|20260827022645|992.94
1787768810|20260827022650|993.04
1787768815|20260827022655|993.11
1787768830|20260827022710|993.10
1787768835|20260827022715|993.09
1787768840|20260827022720|993.15
1787768845|20260827022725|993.17
1787768855|20260827022735|993.15
1787768860|20260827022740|993.14
1787768870|20260827022750|993.10
1787768875|20260827022755|993.09
1787768885|20260827022805|993.04
1787768890|20260827022810|993.11
1787768895|20260827022815|993.19
1787768900|20260827022820|993.24
1787768905|20260827022825|993.22
1787768915|20260827022835|993.05
1787768920|20260827022840|993.01
1787768925|20260827022845|992.96
1787768930|20260827022850|992.97
1787768935|20260827022855|992.94
1787768945|20260827022905|993.00
1787768950|20260827022910|992.97
1787768955|20260827022915|992.98
1787768960|20260827022920|992.99
1787768965|20260827022925|992.96
1787769005|20260827023005|993.16
1787769010|20260827023010|993.00
1787769015|20260827023015|993.12
1787769020|20260827023020|993.10
1787769025|20260827023025|993.16
1787769035|20260827023035|993.15
1787769040|20260827023040|993.15
1787769045|20260827023045|993.13
1787769050|20260827023050|993.13
1787769055|20260827023055|993.08
1787769060|20260827023100|992.94
1787769065|20260827023105|992.94
1787769070|20260827023110|992.96
1787769075|20260827023115|993.02
1787769080|20260827023120|993.04
1787769085|20260827023125|993.10
1787769095|20260827023135|993.09
1787769100|20260827023140|993.09
1787769105|20260827023145|992.94
1787769110|20260827023150|992.84
1787769115|20260827023155|992.84
1787769120|20260827023200|992.87
1787769125|20260827023205|993.06
1787769135|20260827023215|992.92
1787769140|20260827023220|992.92
1787769155|20260827023235|992.86
1787769160|20260827023240|992.84
1787769165|20260827023245|992.84
1787769170|20260827023250|992.91
1787769175|20260827023255|992.93
1787769185|20260827023305|992.98
1787769195|20260827023315|992.95
1787769200|20260827023320|992.95
1787769205|20260827023325|992.97
1787769215|20260827023335|993.12
1787769220|20260827023340|993.06
1787769225|20260827023345|992.97
1787769230|20260827023350|992.94
1787769235|20260827023355|993.01
1787769240|20260827023400|993.07
1787769245|20260827023405|993.05
1787769250|20260827023410|993.22
1787769255|20260827023415|993.17
1787769260|20260827023420|993.22
1787769265|20260827023425|993.11
1787769305|20260827023505|992.68
1787769310|20260827023510|992.69
1787769320|20260827023520|992.60
1787769325|20260827023525|992.66
1787769335|20260827023535|992.70
1787769340|20260827023540|992.70
1787769345|20260827023545|992.73
1787769350|20260827023550|992.90
1787769355|20260827023555|992.93
1787769365|20260827023605|992.94
1787769370|20260827023610|992.92
1787769375|20260827023615|992.92
1787769380|20260827023620|992.90
1787769385|20260827023625|992.91
1787769395|20260827023635|992.91
1787769400|20260827023640|992.92
1787769405|20260827023645|992.90
1787769410|20260827023650|992.91
1787769415|20260827023655|992.91
1787769425|20260827023705|992.90
1787769430|20260827023710|993.01
1787769435|20260827023715|993.01
1787769445|20260827023725|993.05
1787769455|20260827023735|993.26
1787769460|20260827023740|993.28
1787769465|20260827023745|993.17
1787769470|20260827023750|993.18
1787769475|20260827023755|993.18
1787769485|20260827023805|993.18
1787769495|20260827023815|993.15
1787769500|20260827023820|993.01
1787769515|20260827023835|992.78
1787769520|20260827023840|992.76
1787769525|20260827023845|992.74
1787769530|20260827023850|992.83
1787769535|20260827023855|992.85
1787769545|20260827023905|992.88
1787769565|20260827023925|992.84
1787769605|20260827024005|992.95
1787769620|20260827024020|992.94
1787769625|20260827024025|992.86
1787769635|20260827024035|992.93
1787769640|20260827024040|992.97
1787769645|20260827024045|993.04
1787769650|20260827024050|993.04
1787769655|20260827024055|993.13
1787769665|20260827024105|993.15
1787769670|20260827024110|993.14
1787769675|20260827024115|993.14
1787769680|20260827024120|993.16
1787769685|20260827024125|993.18
1787769695|20260827024135|993.19
1787769700|20260827024140|993.19
1787769705|20260827024145|993.16
1787769710|20260827024150|993.18
1787769715|20260827024155|993.22
1787769725|20260827024205|993.23
1787769730|20260827024210|993.20
1787769735|20260827024215|993.28
1787769740|20260827024220|993.29
1787769745|20260827024225|993.31
1787769755|20260827024235|993.52
1787769760|20260827024240|993.49
1787769765|20260827024245|993.46
1787769770|20260827024250|993.44
1787769785|20260827024305|993.56
1787769790|20260827024310|993.51
1787769800|20260827024320|993.48
1787769805|20260827024325|993.53
1787769815|20260827024335|993.58
1787769820|20260827024340|993.55
1787769830|20260827024350|993.38
1787769835|20260827024355|993.38
1787769850|20260827024410|993.37
1787769855|20260827024415|993.32
1787769860|20260827024420|993.35
1787769865|20260827024425|993.33
1787769905|20260827024505|993.47
1787769910|20260827024510|993.46
1787769920|20260827024520|993.36
1787769925|20260827024525|993.36
1787769935|20260827024535|993.42
1787769940|20260827024540|993.42
1787769945|20260827024545|993.43
1787769950|20260827024550|993.44
1787769955|20260827024555|993.47
1787769970|20260827024610|993.50
1787769975|20260827024615|993.48
1787769980|20260827024620|993.46
1787769985|20260827024625|993.49
1787769995|20260827024635|993.43
1787770000|20260827024640|993.45
1787770005|20260827024645|993.43
1787770010|20260827024650|993.44
1787770015|20260827024655|993.37
1787770025|20260827024705|993.46
1787770030|20260827024710|993.48
1787770035|20260827024715|993.49
1787770040|20260827024720|993.62
1787770045|20260827024725|993.64
1787770055|20260827024735|993.65
1787770060|20260827024740|993.66
1787770065|20260827024745|993.66
1787770070|20260827024750|993.64
1787770075|20260827024755|993.67
1787770080|20260827024800|993.61
1787770085|20260827024805|993.64
1787770090|20260827024810|993.62
1787770105|20260827024825|993.68
1787770115|20260827024835|993.67
1787770120|20260827024840|993.60
1787770125|20260827024845|993.62
1787770130|20260827024850|993.61
1787770135|20260827024855|993.62
1787770140|20260827024900|993.45
1787770145|20260827024905|993.43
1787770150|20260827024910|993.45
1787770155|20260827024915|993.47
1787770160|20260827024920|993.46
1787770165|20260827024925|993.44
1787770205|20260827025005|993.40
1787770215|20260827025015|993.50
1787770220|20260827025020|993.53
1787770225|20260827025025|993.55
1787770230|20260827025030|993.45
1787770235|20260827025035|993.46
1787770240|20260827025040|993.47
1787770250|20260827025050|993.45
1787770255|20260827025055|993.41
1787770265|20260827025105|993.42
1787770270|20260827025110|993.46
1787770275|20260827025115|993.48
1787770280|20260827025120|993.48
1787770285|20260827025125|993.53
1787770295|20260827025135|993.51
1787770300|20260827025140|993.51
1787770305|20260827025145|993.51
1787770310|20260827025150|993.48
1787770315|20260827025155|993.45
1787770325|20260827025205|993.55
1787770330|20260827025210|993.58
1787770335|20260827025215|993.55
1787770340|20260827025220|993.55
1787770345|20260827025225|993.47
1787770355|20260827025235|993.48
1787770360|20260827025240|993.46
1787770365|20260827025245|993.48
1787770370|20260827025250|993.55
1787770375|20260827025255|993.53
1787770390|20260827025310|993.59
1787770395|20260827025315|993.59
1787770400|20260827025320|993.62
1787770405|20260827025325|993.65
1787770415|20260827025335|993.66
1787770420|20260827025340|993.64
1787770425|20260827025345|993.66
1787770430|20260827025350|993.67
1787770435|20260827025355|993.65
1787770445|20260827025405|993.64
1787770450|20260827025410|993.65
1787770455|20260827025415|993.63
1787770460|20260827025420|993.59
1787770465|20260827025425|993.53
1787770500|20260827025500|993.38
1787770505|20260827025505|993.34
1787770510|20260827025510|993.34
1787770515|20260827025515|993.35
1787770520|20260827025520|993.33
1787770525|20260827025525|993.20
1787770535|20260827025535|993.26
1787770540|20260827025540|993.00
1787770550|20260827025550|992.91
1787770555|20260827025555|992.79
1787770560|20260827025600|992.74
1787770565|20260827025605|992.89
1787770570|20260827025610|992.84
1787770575|20260827025615|992.83
1787770585|20260827025625|992.93
1787770595|20260827025635|992.91
1787770605|20260827025645|992.89
1787770610|20260827025650|993.09
1787770615|20260827025655|993.12
1787770625|20260827025705|993.15
1787770630|20260827025710|993.15
1787770635|20260827025715|993.18
1787770640|20260827025720|993.19
1787770645|20260827025725|993.22
1787770655|20260827025735|993.17
1787770660|20260827025740|993.17
1787770665|20260827025745|993.17
1787770670|20260827025750|993.12
1787770675|20260827025755|993.13
1787770680|20260827025800|993.18
1787770685|20260827025805|993.13
1787770695|20260827025815|993.06
1787770700|20260827025820|992.93
1787770705|20260827025825|992.95
1787770715|20260827025835|992.91
1787770720|20260827025840|992.89
1787770730|20260827025850|992.96
1787770735|20260827025855|993.01
1787770745|20260827025905|993.03
1787770755|20260827025915|993.04
1787770765|20260827025925|993.04
1787770800|20260827030000|992.86
1787770805|20260827030005|992.86
1787770810|20260827030010|992.87
1787770815|20260827030015|992.98
1787770820|20260827030020|992.98
1787770835|20260827030035|992.97
1787770840|20260827030040|993.03
1787770845|20260827030045|992.93
1787770855|20260827030055|993.03
1787770865|20260827030105|993.06
1787770870|20260827030110|993.09
1787770875|20260827030115|993.02
1787770880|20260827030120|992.94
1787770885|20260827030125|992.95
1787770895|20260827030135|992.97
1787770900|20260827030140|992.92
1787770905|20260827030145|992.92
1787770910|20260827030150|992.98
1787770915|20260827030155|992.97
1787770930|20260827030210|993.06
1787770935|20260827030215|992.96
1787770940|20260827030220|992.94
1787770945|20260827030225|992.94
1787770955|20260827030235|992.96
1787770960|20260827030240|992.92
1787770965|20260827030245|992.92
1787770970|20260827030250|992.87
1787770975|20260827030255|992.85
1787770985|20260827030305|992.82
1787770990|20260827030310|992.36
1787770995|20260827030315|992.30
1787771000|20260827030320|992.30
1787771015|20260827030335|992.28
1787771020|20260827030340|992.31
1787771025|20260827030345|992.36
1787771045|20260827030405|992.33
1787771050|20260827030410|992.35
1787771055|20260827030415|992.30
1787771060|20260827030420|992.32
1787771065|20260827030425|992.33
1787771105|20260827030505|992.49
1787771110|20260827030510|992.45
1787771115|20260827030515|992.46
1787771120|20260827030520|992.46
1787771125|20260827030525|992.50
1787771135|20260827030535|992.45
1787771145|20260827030545|992.44
1787771150|20260827030550|992.45
1787771155|20260827030555|992.38
1787771170|20260827030610|992.36
1787771175|20260827030615|992.35
1787771180|20260827030620|992.33
1787771185|20260827030625|992.43
1787771195|20260827030635|992.53
1787771205|20260827030645|992.52
1787771210|20260827030650|992.52
1787771215|20260827030655|992.49
1787771225|20260827030705|992.53
1787771230|20260827030710|992.65
1787771235|20260827030715|992.63
1787771240|20260827030720|992.56
1787771245|20260827030725|992.52
1787771255|20260827030735|992.51
1787771260|20260827030740|992.56
1787771265|20260827030745|992.57
1787771270|20260827030750|992.56
1787771285|20260827030805|992.52
1787771290|20260827030810|992.50
1787771295|20260827030815|992.51
1787771300|20260827030820|992.49
1787771305|20260827030825|992.48
1787771315|20260827030835|992.52
1787771325|20260827030845|992.62
1787771330|20260827030850|992.66
1787771335|20260827030855|992.65
1787771345|20260827030905|992.59
1787771350|20260827030910|992.71
1787771355|20260827030915|992.72
1787771360|20260827030920|992.74
1787771400|20260827031000|992.58
1787771405|20260827031005|992.63
1787771410|20260827031010|992.66
1787771415|20260827031015|992.75
1787771420|20260827031020|992.77
1787771425|20260827031025|992.77
1787771440|20260827031040|993.04
1787771445|20260827031045|993.01
1787771450|20260827031050|993.07
1787771455|20260827031055|993.02
1787771460|20260827031100|993.03
1787771465|20260827031105|993.01
1787771470|20260827031110|993.01
1787771475|20260827031115|993.07
1787771480|20260827031120|993.06
1787771485|20260827031125|993.02
1787771495|20260827031135|993.14
1787771500|20260827031140|993.23
1787771505|20260827031145|993.22
1787771510|20260827031150|993.22
1787771515|20260827031155|993.18
1787771520|20260827031200|993.10
1787771525|20260827031205|992.99
1787771530|20260827031210|993.00
1787771540|20260827031220|992.82
1787771545|20260827031225|992.82
1787771555|20260827031235|992.78
1787771560|20260827031240|992.76
1787771565|20260827031245|992.80
1787771575|20260827031255|992.75
1787771580|20260827031300|992.73
1787771585|20260827031305|992.72
1787771590|20260827031310|992.74
1787771595|20260827031315|992.75
1787771600|20260827031320|992.77
1787771605|20260827031325|992.80
1787771615|20260827031335|992.82
1787771620|20260827031340|992.89
1787771625|20260827031345|992.82
1787771630|20260827031350|992.83
1787771640|20260827031400|992.80
1787771645|20260827031405|992.76
1787771650|20260827031410|992.74
1787771655|20260827031415|992.78
1787771660|20260827031420|992.70
1787771665|20260827031425|992.75
1787771700|20260827031500|992.97
1787771705|20260827031505|992.98
1787771710|20260827031510|992.98
1787771715|20260827031515|992.95
1787771720|20260827031520|992.84
1787771735|20260827031535|992.89
1787771740|20260827031540|993.01
1787771745|20260827031545|993.16
1787771750|20260827031550|993.19
1787771765|20260827031605|993.19
1787771780|20260827031620|993.07
1787771785|20260827031625|992.83
1787771795|20260827031635|992.58
1787771800|20260827031640|992.55
1787771805|20260827031645|992.46
1787771825|20260827031705|992.64
1787771840|20260827031720|992.67
1787771845|20260827031725|992.56
1787771855|20260827031735|992.57
1787771860|20260827031740|992.45
1787771865|20260827031745|992.45
1787771870|20260827031750|992.50
1787771875|20260827031755|992.50
1787771885|20260827031805|992.58
1787771890|20260827031810|992.57
1787771895|20260827031815|992.54
1787771905|20260827031825|992.52
1787771915|20260827031835|992.50
1787771925|20260827031845|992.62
1787771930|20260827031850|992.67
1787771945|20260827031905|992.64
1787771950|20260827031910|992.61
1787771955|20260827031915|992.63
1787771965|20260827031925|992.59
1787772000|20260827032000|992.40
1787772005|20260827032005|992.37
1787772010|20260827032010|992.36
1787772015|20260827032015|992.33
1787772020|20260827032020|992.34
1787772025|20260827032025|992.37
1787772035|20260827032035|992.37
1787772045|20260827032045|992.41
1787772050|20260827032050|992.33
1787772055|20260827032055|992.33
1787772060|20260827032100|992.37
1787772065|20260827032105|992.38
1787772075|20260827032115|992.38
1787772080|20260827032120|992.37
1787772095|20260827032135|992.46
1787772100|20260827032140|992.40
1787772105|20260827032145|992.35
1787772110|20260827032150|992.42
1787772115|20260827032155|992.47
1787772125|20260827032205|992.51
1787772130|20260827032210|992.60
1787772135|20260827032215|992.63
1787772140|20260827032220|992.63
1787772145|20260827032225|992.67
1787772160|20260827032240|992.61
1787772165|20260827032245|992.55
1787772170|20260827032250|992.67
1787772175|20260827032255|992.73
1787772180|20260827032300|992.69
1787772185|20260827032305|992.71
1787772190|20260827032310|992.71
1787772195|20260827032315|992.68
1787772205|20260827032325|992.67
1787772215|20260827032335|992.73
1787772220|20260827032340|992.74
1787772225|20260827032345|992.79
1787772230|20260827032350|992.79
1787772250|20260827032410|992.80
1787772255|20260827032415|992.80
1787772260|20260827032420|992.79
1787772265|20260827032425|992.81
1787772275|20260827032435|992.94
1787772280|20260827032440|992.95
1787772300|20260827032500|992.97
1787772305|20260827032505|993.11
1787772310|20260827032510|993.16
1787772315|20260827032515|993.16
1787772325|20260827032525|993.23
1787772335|20260827032535|993.34
1787772340|20260827032540|993.33
1787772345|20260827032545|993.32
1787772350|20260827032550|993.36
1787772355|20260827032555|993.36
1787772360|20260827032600|993.38
1787772365|20260827032605|993.40
1787772370|20260827032610|993.71
1787772380|20260827032620|993.66
1787772385|20260827032625|993.66
1787772400|20260827032640|993.67
1787772405|20260827032645|993.76
1787772410|20260827032650|993.94
1787772415|20260827032655|993.94
1787772430|20260827032710|993.92
1787772435|20260827032715|993.80
1787772445|20260827032725|993.80
1787772455|20260827032735|993.81
1787772460|20260827032740|993.83
1787772465|20260827032745|993.80
1787772470|20260827032750|993.81
1787772475|20260827032755|993.78
1787772490|20260827032810|993.78
1787772495|20260827032815|993.76
1787772500|20260827032820|993.61
1787772505|20260827032825|993.65
1787772515|20260827032835|993.62
1787772520|20260827032840|993.62
1787772525|20260827032845|993.59
1787772530|20260827032850|993.60
1787772535|20260827032855|993.60
1787772545|20260827032905|993.61
1787772550|20260827032910|993.77
1787772555|20260827032915|993.94
1787772560|20260827032920|993.91
1787772565|20260827032925|993.89
1787772605|20260827033005|993.88
1787772610|20260827033010|993.89
1787772615|20260827033015|993.89
1787772620|20260827033020|993.91
1787772625|20260827033025|994.50
1787772635|20260827033035|994.40
1787772640|20260827033040|994.39
1787772645|20260827033045|994.35
1787772650|20260827033050|994.44
1787772655|20260827033055|994.24
1787772665|20260827033105|993.95
1787772670|20260827033110|993.92
1787772675|20260827033115|993.95
1787772685|20260827033125|994.03
1787772700|20260827033140|993.87
1787772705|20260827033145|994.01
1787772710|20260827033150|994.02
1787772725|20260827033205|994.01
1787772730|20260827033210|994.02
1787772745|20260827033225|994.12
1787772755|20260827033235|994.15
1787772760|20260827033240|994.10
1787772770|20260827033250|994.05
1787772775|20260827033255|994.09
1787772785|20260827033305|994.09
1787772790|20260827033310|994.09
1787772795|20260827033315|994.09
1787772800|20260827033320|994.02
1787772805|20260827033325|994.03
1787772815|20260827033335|994.03
1787772820|20260827033340|994.04
1787772830|20260827033350|994.22
1787772835|20260827033355|994.12
1787772845|20260827033405|994.07
1787772850|20260827033410|994.13
1787772855|20260827033415|994.03
1787772865|20260827033425|993.75
1787772910|20260827033510|993.60
1787772915|20260827033515|993.62
1787772920|20260827033520|993.83
1787772925|20260827033525|993.82
1787772935|20260827033535|993.77
1787772940|20260827033540|993.80
1787772945|20260827033545|993.73
1787772950|20260827033550|993.73
1787772955|20260827033555|993.75
1787772970|20260827033610|993.68
1787772980|20260827033620|993.76
1787772985|20260827033625|993.75
1787772995|20260827033635|993.70
1787773000|20260827033640|993.68
1787773005|20260827033645|993.72
1787773015|20260827033655|993.71
1787773025|20260827033705|993.67
1787773030|20260827033710|993.62
1787773035|20260827033715|993.49
1787773040|20260827033720|993.50
1787773045|20260827033725|993.46
1787773055|20260827033735|993.49
1787773060|20260827033740|993.49
1787773065|20260827033745|993.49
1787773070|20260827033750|993.53
1787773075|20260827033755|993.49
1787773085|20260827033805|993.49
1787773090|20260827033810|993.61
1787773095|20260827033815|993.68
1787773105|20260827033825|993.63
1787773115|20260827033835|993.64
1787773120|20260827033840|993.57
1787773125|20260827033845|993.57
1787773130|20260827033850|993.59
1787773135|20260827033855|993.56
1787773145|20260827033905|993.59
1787773150|20260827033910|993.57
1787773155|20260827033915|993.55
1787773160|20260827033920|993.55
1787773165|20260827033925|993.52
1787773205|20260827034005|993.20
1787773210|20260827034010|993.24
1787773215|20260827034015|993.24
1787773225|20260827034025|993.22
1787773235|20260827034035|993.23
1787773240|20260827034040|993.30
1787773245|20260827034045|993.28
1787773255|20260827034055|993.29
1787773265|20260827034105|993.51
1787773270|20260827034110|993.44
1787773275|20260827034115|993.41
1787773285|20260827034125|993.32
1787773295|20260827034135|993.35
1787773300|20260827034140|993.35
1787773305|20260827034145|993.36
1787773310|20260827034150|993.49
1787773315|20260827034155|993.48
1787773325|20260827034205|993.48
1787773335|20260827034215|993.42
1787773340|20260827034220|993.41
1787773345|20260827034225|993.43
1787773355|20260827034235|993.43
1787773360|20260827034240|993.43
1787773365|20260827034245|993.47
1787773370|20260827034250|993.34
1787773375|20260827034255|993.30
1787773390|20260827034310|993.38
1787773395|20260827034315|993.34
1787773400|20260827034320|993.36
1787773405|20260827034325|993.41
1787773415|20260827034335|993.43
1787773420|20260827034340|993.43
1787773425|20260827034345|993.37
1787773430|20260827034350|993.38
1787773445|20260827034405|993.11
1787773450|20260827034410|993.06
1787773455|20260827034415|993.04
1787773460|20260827034420|993.08
1787773465|20260827034425|993.06
1787773505|20260827034505|993.25
1787773510|20260827034510|993.30
1787773515|20260827034515|993.31
1787773520|20260827034520|993.33
1787773525|20260827034525|993.28
1787773535|20260827034535|993.23
1787773540|20260827034540|993.25
1787773545|20260827034545|993.28
1787773550|20260827034550|993.31
1787773555|20260827034555|993.27
1787773565|20260827034605|993.31
1787773570|20260827034610|993.35
1787773580|20260827034620|993.34
1787773585|20260827034625|993.35
1787773595|20260827034635|993.37
1787773600|20260827034640|993.37
1787773605|20260827034645|993.37
1787773610|20260827034650|993.31
1787773615|20260827034655|993.27
1787773630|20260827034710|993.33
1787773635|20260827034715|993.24
1787773640|20260827034720|993.16
1787773645|20260827034725|993.16
1787773655|20260827034735|993.12
1787773660|20260827034740|993.15
1787773685|20260827034805|993.21
1787773695|20260827034815|993.16
1787773700|20260827034820|993.15
1787773705|20260827034825|993.26
1787773715|20260827034835|993.17
1787773725|20260827034845|993.24
1787773730|20260827034850|993.27
1787773735|20260827034855|993.27
1787773745|20260827034905|993.42
1787773760|20260827034920|993.29
1787773765|20260827034925|993.25
1787773800|20260827035000|993.13
1787773805|20260827035005|993.03
1787773810|20260827035010|992.93
1787773815|20260827035015|992.85
1787773820|20260827035020|992.77
1787773825|20260827035025|992.77
1787773840|20260827035040|992.64
1787773845|20260827035045|992.71
1787773850|20260827035050|992.74
1787773855|20260827035055|992.77
1787773865|20260827035105|992.80
1787773870|20260827035110|992.80
1787773875|20260827035115|992.83
1787773880|20260827035120|992.88
1787773885|20260827035125|992.90
1787773895|20260827035135|992.81
1787773910|20260827035150|992.94
1787773915|20260827035155|992.96
1787773925|20260827035205|992.95
1787773930|20260827035210|993.01
1787773935|20260827035215|993.06
1787773940|20260827035220|993.11
1787773955|20260827035235|992.96
1787773960|20260827035240|992.95
1787773965|20260827035245|992.96
1787773975|20260827035255|992.94
1787773985|20260827035305|992.90
1787773995|20260827035315|992.76
1787774005|20260827035325|992.73
1787774015|20260827035335|992.77
1787774025|20260827035345|992.82
1787774030|20260827035350|992.85
1787774050|20260827035410|992.77
1787774055|20260827035415|992.78
1787774060|20260827035420|992.87
1787774065|20260827035425|992.90
1787774105|20260827035505|992.87
1787774110|20260827035510|992.86
1787774120|20260827035520|992.88
1787774125|20260827035525|992.83
1787774135|20260827035535|992.90
1787774150|20260827035550|993.04
1787774155|20260827035555|993.04
1787774165|20260827035605|992.98
1787774170|20260827035610|993.00
1787774175|20260827035615|993.03
1787774185|20260827035625|992.93
1787774195|20260827035635|992.85
1787774200|20260827035640|992.87
1787774205|20260827035645|992.97
1787774210|20260827035650|992.90
1787774215|20260827035655|992.87
1787774225|20260827035705|992.92
1787774230|20260827035710|992.90
1787774235|20260827035715|992.84
1787774240|20260827035720|992.88
1787774245|20260827035725|992.81
1787774255|20260827035735|992.82
1787774260|20260827035740|992.85
1787774265|20260827035745|992.80
1787774270|20260827035750|992.76
1787774275|20260827035755|992.81
1787774285|20260827035805|992.57
1787774290|20260827035810|992.62
1787774300|20260827035820|992.63
1787774305|20260827035825|992.69
1787774315|20260827035835|992.70
1787774325|20260827035845|992.61
1787774330|20260827035850|992.64
1787774335|20260827035855|992.67
1787774345|20260827035905|992.78
1787774350|20260827035910|992.78
1787774355|20260827035915|992.75
1787774360|20260827035920|992.76
1787774365|20260827035925|992.80
1787774400|20260827040000|992.84
1787774405|20260827040005|992.99
1787774415|20260827040015|992.92
1787774420|20260827040020|992.93
1787774425|20260827040025|992.96
1787774435|20260827040035|992.90
1787774440|20260827040040|992.93
1787774445|20260827040045|992.71
1787774450|20260827040050|992.77
1787774455|20260827040055|992.71
1787774465|20260827040105|992.70
1787774470|20260827040110|992.70
1787774475|20260827040115|992.71
1787774480|20260827040120|992.74
1787774485|20260827040125|992.76
1787774495|20260827040135|992.80
1787774500|20260827040140|992.71
1787774505|20260827040145|992.79
1787774510|20260827040150|992.79
1787774515|20260827040155|992.80
1787774535|20260827040215|992.70
1787774540|20260827040220|992.76
1787774545|20260827040225|992.74
1787774555|20260827040235|992.74
1787774560|20260827040240|992.80
1787774565|20260827040245|992.81
1787774570|20260827040250|992.81
1787774575|20260827040255|992.95
1787774585|20260827040305|993.03
1787774590|20260827040310|993.06
1787774600|20260827040320|993.01
1787774605|20260827040325|992.98
1787774620|20260827040340|993.03
1787774625|20260827040345|993.03
1787774635|20260827040355|993.00
1787774650|20260827040410|992.93
1787774655|20260827040415|992.94
1787774660|20260827040420|992.92
1787774700|20260827040500|992.91
1787774705|20260827040505|992.97
1787774710|20260827040510|992.97
1787774715|20260827040515|993.09
1787774720|20260827040520|993.12
1787774725|20260827040525|993.15
1787774735|20260827040535|993.17
1787774740|20260827040540|993.26
1787774745|20260827040545|993.26
1787774750|20260827040550|993.22
1787774755|20260827040555|993.23
1787774765|20260827040605|993.40
1787774775|20260827040615|993.45
1787774780|20260827040620|993.42
1787774785|20260827040625|993.43
1787774795|20260827040635|993.34
1787774800|20260827040640|993.35
1787774805|20260827040645|993.34
1787774810|20260827040650|993.36
1787774815|20260827040655|993.37
1787774825|20260827040705|993.39
1787774830|20260827040710|993.38
1787774835|20260827040715|993.35
1787774840|20260827040720|993.28
1787774845|20260827040725|993.30
1787774855|20260827040735|993.27
1787774860|20260827040740|993.32
1787774870|20260827040750|993.31
1787774875|20260827040755|993.30
1787774880|20260827040800|993.33
1787774885|20260827040805|993.32
1787774890|20260827040810|993.31
1787774895|20260827040815|993.24
1787774900|20260827040820|993.12
1787774905|20260827040825|993.16
1787774915|20260827040835|993.18
1787774920|20260827040840|993.17
1787774925|20260827040845|993.14
1787774930|20260827040850|993.11
1787774935|20260827040855|993.08
1787774945|20260827040905|993.09
1787774950|20260827040910|993.08
1787774955|20260827040915|993.12
1787774965|20260827040925|993.09
1787774970|20260827040930|993.07
1787774995|20260827040955|993.10
1787775000|20260827041000|993.08
1787775005|20260827041005|992.97
1787775010|20260827041010|992.99
1787775015|20260827041015|992.93
1787775020|20260827041020|993.04
1787775025|20260827041025|993.04
1787775035|20260827041035|993.08
1787775040|20260827041040|993.04
1787775045|20260827041045|993.00
1787775055|20260827041055|992.99
1787775060|20260827041100|992.99
1787775075|20260827041115|992.87
1787775080|20260827041120|992.79
1787775085|20260827041125|992.78
1787775095|20260827041135|992.79
1787775100|20260827041140|992.79
1787775105|20260827041145|992.76
1787775110|20260827041150|992.74
1787775115|20260827041155|992.72
1787775120|20260827041200|992.72
1787775125|20260827041205|992.67
1787775130|20260827041210|992.67
1787775135|20260827041215|992.66
1787775140|20260827041220|992.71
1787775145|20260827041225|992.68
1787775160|20260827041240|992.63
1787775165|20260827041245|992.63
1787775170|20260827041250|992.58
1787775175|20260827041255|992.58
1787775185|20260827041305|992.56
1787775190|20260827041310|992.58
1787775200|20260827041320|992.67
1787775205|20260827041325|992.68
1787775220|20260827041340|992.66
1787775225|20260827041345|992.68
1787775235|20260827041355|992.75
1787775294|20260827041454|992.50
