1790553609|20260928080009|920.48
1790553786|20260928080306|918.95
1790554094|20260928080814|920.17
1790554163|20260928080923|918.73
1790554245|20260928081045|918.78
1790554379|20260928081259|919.78
1790554594|20260928081634|919.80
1790554752|20260928081912|918.70
1790554841|20260928082041|919.58
1790554987|20260928082307|918.50
1790555230|20260928082710|918.91
1790555397|20260928082957|918.01
1790555433|20260928083033|918.04
1790555675|20260928083435|913.98
1790555738|20260928083538|914.49
1790555967|20260928083927|915.72
1790556068|20260928084108|914.08
1790556283|20260928084443|915.36
1790556346|20260928084546|915.66
1790556535|20260928084855|914.17
1790556680|20260928085120|914.93
1790556898|20260928085458|913.70
