1790956800|20261003000000|890.42
1790956805|20261003000005|890.40
1790956810|20261003000010|890.47
1790956815|20261003000015|890.92
1790956820|20261003000020|890.84
1790956825|20261003000025|890.91
1790956835|20261003000035|890.62
1790956870|20261003000110|890.61
1790956885|20261003000125|890.95
1790956895|20261003000135|890.92
1790956900|20261003000140|891.05
1790956905|20261003000145|890.93
1790956915|20261003000155|890.99
1790956935|20261003000215|890.90
1790956940|20261003000220|890.90
1790956945|20261003000225|890.39
1790956965|20261003000245|890.85
1790956975|20261003000255|891.04
1790956990|20261003000310|890.89
1790956995|20261003000315|890.85
1790957000|20261003000320|890.82
1790957005|20261003000325|890.75
1790957020|20261003000340|891.27
1790957025|20261003000345|891.29
1790957045|20261003000405|890.73
1790957050|20261003000410|890.66
1790957055|20261003000415|890.78
1790957060|20261003000420|890.87
1790957065|20261003000425|890.85
1790957110|20261003000510|891.06
1790957115|20261003000515|891.06
1790957120|20261003000520|890.60
1790957145|20261003000545|890.77
1790957150|20261003000550|890.81
1790957155|20261003000555|890.86
1790957165|20261003000605|891.02
1790957170|20261003000610|891.06
1790957175|20261003000615|891.05
1790957185|20261003000625|891.19
1790957200|20261003000640|891.37
1790957215|20261003000655|891.26
1790957225|20261003000705|891.29
1790957230|20261003000710|891.30
1790957240|20261003000720|891.48
1790957245|20261003000725|891.60
1790957265|20261003000745|891.87
1790957275|20261003000755|891.60
1790957285|20261003000805|891.54
1790957290|20261003000810|891.45
1790957300|20261003000820|891.34
1790957305|20261003000825|891.34
1790957315|20261003000835|891.54
1790957325|20261003000845|891.81
1790957330|20261003000850|891.89
1790957335|20261003000855|891.89
1790957345|20261003000905|891.82
1790957355|20261003000915|891.90
1790957360|20261003000920|891.90
1790957365|20261003000925|891.91
1790957405|20261003001005|892.06
1790957410|20261003001010|892.09
1790957415|20261003001015|891.91
1790957420|20261003001020|891.85
1790957425|20261003001025|891.81
1790957435|20261003001035|891.99
1790957445|20261003001045|891.89
1790957455|20261003001055|892.09
1790957465|20261003001105|891.98
1790957470|20261003001110|891.93
1790957475|20261003001115|892.04
1790957480|20261003001120|891.97
1790957485|20261003001125|891.96
1790957495|20261003001135|891.96
1790957500|20261003001140|892.03
1790957505|20261003001145|891.90
1790957515|20261003001155|891.89
1790957525|20261003001205|891.54
1790957535|20261003001215|891.91
1790957540|20261003001220|891.98
1790957545|20261003001225|892.11
1790957555|20261003001235|891.99
1790957565|20261003001245|891.60
1790957585|20261003001305|891.67
1790957595|20261003001315|891.82
1790957600|20261003001320|891.98
1790957620|20261003001340|892.30
1790957625|20261003001345|892.39
1790957645|20261003001405|892.26
1790957655|20261003001415|892.27
1790957660|20261003001420|892.37
1790957665|20261003001425|892.26
1790957705|20261003001505|891.87
1790957710|20261003001510|891.98
1790957715|20261003001515|892.00
1790957720|20261003001520|891.93
1790957725|20261003001525|892.15
1790957735|20261003001535|892.35
1790957745|20261003001545|892.19
1790957750|20261003001550|892.17
1790957770|20261003001610|892.02
1790957775|20261003001615|892.10
1790957780|20261003001620|892.16
1790957785|20261003001625|892.23
1790957795|20261003001635|892.13
1790957800|20261003001640|892.12
1790957805|20261003001645|892.38
1790957810|20261003001650|892.47
1790957830|20261003001710|892.63
1790957835|20261003001715|892.68
1790957840|20261003001720|892.59
1790957845|20261003001725|892.73
1790957855|20261003001735|892.73
1790957885|20261003001805|892.65
1790957890|20261003001810|892.64
1790957905|20261003001825|892.77
1790957915|20261003001835|892.80
1790957920|20261003001840|892.94
1790957930|20261003001850|892.82
1790957935|20261003001855|892.85
1790957945|20261003001905|892.73
1790957950|20261003001910|892.75
1790957955|20261003001915|892.76
1790958000|20261003002000|892.58
1790958005|20261003002005|892.64
1790958010|20261003002010|892.60
1790958015|20261003002015|892.57
1790958020|20261003002020|892.53
1790958025|20261003002025|892.80
1790958035|20261003002035|892.73
1790958040|20261003002040|892.86
1790958045|20261003002045|892.82
1790958050|20261003002050|893.02
1790958055|20261003002055|892.99
1790958065|20261003002105|893.09
1790958080|20261003002120|893.12
1790958085|20261003002125|893.21
1790958100|20261003002140|893.11
1790958125|20261003002205|893.14
1790958130|20261003002210|892.96
1790958135|20261003002215|892.98
1790958140|20261003002220|893.02
1790958145|20261003002225|893.01
1790958155|20261003002235|892.70
1790958165|20261003002245|892.79
1790958170|20261003002250|892.74
1790958175|20261003002255|892.76
1790958190|20261003002310|893.03
1790958200|20261003002320|893.19
1790958205|20261003002325|893.15
1790958225|20261003002345|892.90
1790958245|20261003002405|892.69
1790958255|20261003002415|892.73
1790958260|20261003002420|892.86
1790958305|20261003002505|892.19
1790958310|20261003002510|892.07
1790958315|20261003002515|892.14
1790958320|20261003002520|892.31
1790958335|20261003002535|892.47
1790958340|20261003002540|892.59
1790958345|20261003002545|892.52
1790958355|20261003002555|892.04
1790958365|20261003002605|891.71
1790958375|20261003002615|891.95
1790958380|20261003002620|892.02
1790958385|20261003002625|892.14
1790958395|20261003002635|892.16
1790958400|20261003002640|892.19
1790958405|20261003002645|892.17
1790958440|20261003002720|891.94
1790958445|20261003002725|892.01
1790958455|20261003002735|892.07
1790958465|20261003002745|892.02
1790958485|20261003002805|892.28
1790958490|20261003002810|892.28
1790958495|20261003002815|892.19
1790958500|20261003002820|892.17
1790958505|20261003002825|892.02
1790958520|20261003002840|891.85
1790958525|20261003002845|891.90
1790958535|20261003002855|891.93
1790958545|20261003002905|891.88
1790958555|20261003002915|891.93
1790958575|20261003002935|891.94
1790958600|20261003003000|892.33
1790958605|20261003003005|892.36
1790958610|20261003003010|892.45
1790958615|20261003003015|892.41
1790958620|20261003003020|892.51
1790958625|20261003003025|892.47
1790958635|20261003003035|892.66
1790958640|20261003003040|892.79
1790958645|20261003003045|892.67
1790958650|20261003003050|892.84
1790958655|20261003003055|892.78
1790958665|20261003003105|892.69
1790958675|20261003003115|892.78
1790958680|20261003003120|892.72
1790958685|20261003003125|892.67
1790958695|20261003003135|892.60
1790958700|20261003003140|892.49
1790958715|20261003003155|892.48
1790958730|20261003003210|892.47
1790958735|20261003003215|892.40
1790958740|20261003003220|892.35
1790958745|20261003003225|892.28
1790958755|20261003003235|892.45
1790958760|20261003003240|892.41
1790958765|20261003003245|892.43
1790958770|20261003003250|892.43
1790958775|20261003003255|892.37
1790958785|20261003003305|892.53
1790958790|20261003003310|892.65
1790958795|20261003003315|892.72
1790958800|20261003003320|892.74
1790958805|20261003003325|892.84
1790958815|20261003003335|892.90
1790958825|20261003003345|892.86
1790958835|20261003003355|892.84
1790958850|20261003003410|892.88
1790958855|20261003003415|892.85
1790958860|20261003003420|892.81
1790958865|20261003003425|892.63
1790958880|20261003003440|892.86
1790958905|20261003003505|892.83
1790958910|20261003003510|892.94
1790958915|20261003003515|893.04
1790958920|20261003003520|892.96
1790958925|20261003003525|893.09
1790958935|20261003003535|893.26
1790958945|20261003003545|893.14
1790958950|20261003003550|893.11
1790958955|20261003003555|893.12
1790958970|20261003003610|893.14
1790958975|20261003003615|893.15
1790958980|20261003003620|893.12
1790958985|20261003003625|893.10
1790959000|20261003003640|893.16
1790959005|20261003003645|893.10
1790959010|20261003003650|893.09
1790959015|20261003003655|893.26
1790959025|20261003003705|893.29
1790959030|20261003003710|893.26
1790959045|20261003003725|893.00
1790959060|20261003003740|893.00
1790959065|20261003003745|893.07
1790959070|20261003003750|892.88
1790959075|20261003003755|892.68
1790959085|20261003003805|892.76
1790959095|20261003003815|892.81
1790959100|20261003003820|892.80
1790959105|20261003003825|892.80
1790959115|20261003003835|892.76
1790959125|20261003003845|892.64
1790959145|20261003003905|893.12
1790959150|20261003003910|893.15
1790959155|20261003003915|893.09
1790959165|20261003003925|893.05
1790959200|20261003004000|893.07
1790959205|20261003004005|893.03
1790959220|20261003004020|893.00
1790959235|20261003004035|892.83
1790959240|20261003004040|892.96
1790959255|20261003004055|892.71
1790959265|20261003004105|892.63
1790959285|20261003004125|892.34
1790959295|20261003004135|892.13
1790959300|20261003004140|892.32
1790959310|20261003004150|892.28
1790959315|20261003004155|892.11
1790959325|20261003004205|891.92
1790959330|20261003004210|891.95
1790959335|20261003004215|891.97
1790959340|20261003004220|892.07
1790959345|20261003004225|892.01
1790959355|20261003004235|892.19
1790959365|20261003004245|892.25
1790959370|20261003004250|892.35
1790959385|20261003004305|892.43
1790959390|20261003004310|892.39
1790959395|20261003004315|892.20
1790959400|20261003004320|892.20
1790959405|20261003004325|892.16
1790959425|20261003004345|892.11
1790959430|20261003004350|892.02
1790959435|20261003004355|891.99
1790959445|20261003004405|891.91
1790959450|20261003004410|891.91
1790959455|20261003004415|891.94
1790959465|20261003004425|892.00
1790959505|20261003004505|892.12
1790959510|20261003004510|892.46
1790959520|20261003004520|892.48
1790959525|20261003004525|892.44
1790959535|20261003004535|892.50
1790959545|20261003004545|892.53
1790959555|20261003004555|892.52
1790959570|20261003004610|892.63
1790959575|20261003004615|892.82
1790959580|20261003004620|892.83
1790959585|20261003004625|892.92
1790959595|20261003004635|892.83
1790959600|20261003004640|892.78
1790959615|20261003004655|892.67
1790959635|20261003004715|892.83
1790959640|20261003004720|892.81
1790959645|20261003004725|892.75
1790959665|20261003004745|892.70
1790959690|20261003004810|892.66
1790959695|20261003004815|892.64
1790959700|20261003004820|892.71
1790959715|20261003004835|892.67
1790959720|20261003004840|892.64
1790959725|20261003004845|892.57
1790959730|20261003004850|892.56
1790959745|20261003004905|892.64
1790959755|20261003004915|892.71
1790959765|20261003004925|892.62
1790959815|20261003005015|892.46
1790959825|20261003005025|892.54
1790959835|20261003005035|892.85
1790959845|20261003005045|892.80
1790959850|20261003005050|892.81
1790959855|20261003005055|892.89
1790959865|20261003005105|892.89
1790959870|20261003005110|892.71
1790959880|20261003005120|892.76
1790959885|20261003005125|892.74
1790959895|20261003005135|892.64
1790959900|20261003005140|892.57
1790959905|20261003005145|892.58
1790959910|20261003005150|892.62
1790959925|20261003005205|892.59
1790959930|20261003005210|892.70
1790959935|20261003005215|892.79
1790959940|20261003005220|892.76
1790959945|20261003005225|892.78
1790959955|20261003005235|892.66
1790959960|20261003005240|892.70
1790959965|20261003005245|892.63
1790959970|20261003005250|892.65
1790959975|20261003005255|892.67
1790959985|20261003005305|892.66
1790960015|20261003005335|892.83
1790960020|20261003005340|892.86
1790960025|20261003005345|892.94
1790960030|20261003005350|892.92
1790960035|20261003005355|892.97
1790960045|20261003005405|892.86
1790960050|20261003005410|892.88
1790960060|20261003005420|892.88
1790960065|20261003005425|892.85
1790960105|20261003005505|892.80
1790960115|20261003005515|892.90
1790960120|20261003005520|892.96
1790960125|20261003005525|893.03
1790960135|20261003005535|892.99
1790960150|20261003005550|893.01
1790960185|20261003005625|892.80
1790960200|20261003005640|892.87
1790960205|20261003005645|892.87
1790960210|20261003005650|892.82
1790960215|20261003005655|892.82
1790960225|20261003005705|892.87
1790960230|20261003005710|892.87
1790960235|20261003005715|892.87
1790960240|20261003005720|892.86
1790960245|20261003005725|892.88
1790960255|20261003005735|892.93
1790960260|20261003005740|893.05
1790960265|20261003005745|893.03
1790960270|20261003005750|892.97
1790960275|20261003005755|892.97
1790960285|20261003005805|892.91
1790960290|20261003005810|892.95
1790960295|20261003005815|892.92
1790960300|20261003005820|893.04
1790960305|20261003005825|893.14
1790960315|20261003005835|893.07
1790960320|20261003005840|893.05
1790960325|20261003005845|893.02
1790960330|20261003005850|892.95
1790960345|20261003005905|892.85
1790960350|20261003005910|892.66
1790960355|20261003005915|892.68
1790960360|20261003005920|892.63
1790960365|20261003005925|892.64
1790960400|20261003010000|892.93
1790960405|20261003010005|892.94
1790960410|20261003010010|892.95
1790960415|20261003010015|892.89
1790960420|20261003010020|892.92
1790960425|20261003010025|892.98
1790960435|20261003010035|892.90
1790960440|20261003010040|892.85
1790960445|20261003010045|892.95
1790960450|20261003010050|892.98
1790960455|20261003010055|892.98
1790960465|20261003010105|893.31
1790960470|20261003010110|893.23
1790960475|20261003010115|893.49
1790960480|20261003010120|893.39
1790960495|20261003010135|893.30
1790960505|20261003010145|893.43
1790960515|20261003010155|893.49
1790960525|20261003010205|893.31
1790960530|20261003010210|893.26
1790960535|20261003010215|893.25
1790960540|20261003010220|893.30
1790960545|20261003010225|893.40
1790960555|20261003010235|893.45
1790960565|20261003010245|893.59
1790960570|20261003010250|893.76
1790960585|20261003010305|893.66
1790960595|20261003010315|893.47
1790960600|20261003010320|893.47
1790960605|20261003010325|893.46
1790960615|20261003010335|893.36
1790960650|20261003010410|893.57
1790960660|20261003010420|893.53
1790960665|20261003010425|893.53
1790960700|20261003010500|893.57
1790960710|20261003010510|893.52
1790960715|20261003010515|893.53
1790960725|20261003010525|893.59
1790960735|20261003010535|893.61
1790960745|20261003010545|893.45
1790960765|20261003010605|893.44
1790960775|20261003010615|893.33
1790960780|20261003010620|893.22
1790960785|20261003010625|893.04
1790960795|20261003010635|892.84
1790960800|20261003010640|892.92
1790960805|20261003010645|892.91
1790960810|20261003010650|892.91
1790960815|20261003010655|892.84
1790960825|20261003010705|892.87
1790960830|20261003010710|892.88
1790960840|20261003010720|892.77
1790960845|20261003010725|892.75
1790960860|20261003010740|892.86
1790960865|20261003010745|892.85
1790960885|20261003010805|892.75
1790960890|20261003010810|892.72
1790960900|20261003010820|892.77
1790960905|20261003010825|892.81
1790960915|20261003010835|892.74
1790960925|20261003010845|892.80
1790960955|20261003010915|892.75
1790960960|20261003010920|892.71
1790960965|20261003010925|892.63
1790961000|20261003011000|892.74
1790961010|20261003011010|892.90
1790961035|20261003011035|892.92
1790961040|20261003011040|892.89
1790961045|20261003011045|892.84
1790961055|20261003011055|892.91
1790961065|20261003011105|892.86
1790961070|20261003011110|892.86
1790961075|20261003011115|892.87
1790961080|20261003011120|892.85
1790961100|20261003011140|892.78
1790961105|20261003011145|892.82
1790961110|20261003011150|892.82
1790961115|20261003011155|892.79
1790961125|20261003011205|892.69
1790961130|20261003011210|892.73
1790961135|20261003011215|892.73
1790961140|20261003011220|892.73
1790961145|20261003011225|892.72
1790961160|20261003011240|892.69
1790961170|20261003011250|892.65
1790961175|20261003011255|892.63
1790961185|20261003011305|892.61
1790961190|20261003011310|892.54
1790961195|20261003011315|892.50
1790961200|20261003011320|892.51
1790961205|20261003011325|892.47
1790961225|20261003011345|892.32
1790961230|20261003011350|892.48
1790961245|20261003011405|892.64
1790961250|20261003011410|892.64
1790961260|20261003011420|892.64
1790961265|20261003011425|892.63
1790961305|20261003011505|892.31
1790961310|20261003011510|892.25
1790961320|20261003011520|892.20
1790961340|20261003011540|892.21
1790961345|20261003011545|892.29
1790961350|20261003011550|892.36
1790961365|20261003011605|892.11
1790961370|20261003011610|892.09
1790961375|20261003011615|892.24
1790961380|20261003011620|892.22
1790961385|20261003011625|892.30
1790961400|20261003011640|892.26
1790961405|20261003011645|892.26
1790961410|20261003011650|892.57
1790961430|20261003011710|892.46
1790961435|20261003011715|892.40
1790961440|20261003011720|892.47
1790961445|20261003011725|892.45
1790961465|20261003011745|892.46
1790961470|20261003011750|892.46
1790961475|20261003011755|892.31
1790961490|20261003011810|892.47
1790961495|20261003011815|892.37
1790961500|20261003011820|892.39
1790961520|20261003011840|892.40
1790961525|20261003011845|892.42
1790961550|20261003011910|892.54
1790961555|20261003011915|892.57
1790961560|20261003011920|892.71
1790961605|20261003012005|892.88
1790961610|20261003012010|892.87
1790961615|20261003012015|892.85
1790961620|20261003012020|892.85
1790961635|20261003012035|892.70
1790961640|20261003012040|892.74
1790961645|20261003012045|892.74
1790961650|20261003012050|892.70
1790961655|20261003012055|892.70
1790961680|20261003012120|892.48
1790961695|20261003012135|892.34
1790961715|20261003012155|892.30
1790961725|20261003012205|892.43
1790961730|20261003012210|892.46
1790961735|20261003012215|892.43
1790961755|20261003012235|892.57
1790961760|20261003012240|892.62
1790961770|20261003012250|892.67
1790961775|20261003012255|892.62
1790961785|20261003012305|892.38
1790961790|20261003012310|892.43
1790961795|20261003012315|892.40
1790961800|20261003012320|892.40
1790961805|20261003012325|892.45
1790961815|20261003012335|892.31
1790961820|20261003012340|892.35
1790961825|20261003012345|892.26
1790961830|20261003012350|892.30
1790961835|20261003012355|892.28
1790961845|20261003012405|892.01
1790961850|20261003012410|891.63
1790961855|20261003012415|891.79
1790961860|20261003012420|891.85
1790961865|20261003012425|891.84
1790961895|20261003012455|891.59
1790961905|20261003012505|891.78
1790961910|20261003012510|891.82
1790961915|20261003012515|891.94
1790961925|20261003012525|892.05
1790961935|20261003012535|891.96
1790961940|20261003012540|891.88
1790961950|20261003012550|891.92
1790961955|20261003012555|891.94
1790961965|20261003012605|892.00
1790961975|20261003012615|892.10
1790961980|20261003012620|891.98
1790961995|20261003012635|891.54
1790962000|20261003012640|891.41
1790962010|20261003012650|891.37
1790962025|20261003012705|891.08
1790962030|20261003012710|891.11
1790962045|20261003012725|891.20
1790962060|20261003012740|891.08
1790962065|20261003012745|891.07
1790962070|20261003012750|891.22
1790962075|20261003012755|891.21
1790962090|20261003012810|891.50
1790962095|20261003012815|891.39
1790962100|20261003012820|891.35
1790962125|20261003012845|891.50
1790962130|20261003012850|891.53
1790962135|20261003012855|891.44
1790962145|20261003012905|891.72
1790962155|20261003012915|891.66
1790962160|20261003012920|891.74
1790962165|20261003012925|891.71
1790962210|20261003013010|891.67
1790962215|20261003013015|891.57
1790962220|20261003013020|891.68
1790962225|20261003013025|891.78
1790962235|20261003013035|891.80
1790962240|20261003013040|891.84
1790962245|20261003013045|891.90
1790962255|20261003013055|891.73
1790962265|20261003013105|891.88
1790962275|20261003013115|891.92
1790962280|20261003013120|891.89
1790962285|20261003013125|891.93
1790962295|20261003013135|891.85
1790962305|20261003013145|891.80
1790962310|20261003013150|891.79
1790962325|20261003013205|891.96
1790962330|20261003013210|891.91
1790962335|20261003013215|891.87
1790962340|20261003013220|891.94
1790962360|20261003013240|891.98
1790962365|20261003013245|891.98
1790962370|20261003013250|892.03
1790962385|20261003013305|892.36
1790962390|20261003013310|892.34
1790962395|20261003013315|892.49
1790962400|20261003013320|892.47
1790962405|20261003013325|892.49
1790962425|20261003013345|892.44
1790962435|20261003013355|892.59
1790962445|20261003013405|892.49
1790962450|20261003013410|892.60
1790962455|20261003013415|892.71
1790962460|20261003013420|892.73
1790962465|20261003013425|892.71
1790962505|20261003013505|892.95
1790962510|20261003013510|892.94
1790962515|20261003013515|893.04
1790962520|20261003013520|892.94
1790962525|20261003013525|892.92
1790962535|20261003013535|892.84
1790962540|20261003013540|892.74
1790962545|20261003013545|892.79
1790962555|20261003013555|892.72
1790962565|20261003013605|892.71
1790962575|20261003013615|892.54
1790962580|20261003013620|892.54
1790962585|20261003013625|892.53
1790962600|20261003013640|892.45
1790962605|20261003013645|892.67
1790962615|20261003013655|892.67
1790962625|20261003013705|892.63
1790962630|20261003013710|892.73
1790962635|20261003013715|892.70
1790962640|20261003013720|892.64
1790962645|20261003013725|892.63
1790962655|20261003013735|892.69
1790962670|20261003013750|892.64
1790962675|20261003013755|892.63
1790962685|20261003013805|892.48
1790962690|20261003013810|892.57
1790962695|20261003013815|892.58
1790962700|20261003013820|892.54
1790962705|20261003013825|892.46
1790962715|20261003013835|892.52
1790962720|20261003013840|892.41
1790962725|20261003013845|892.43
1790962730|20261003013850|892.41
1790962745|20261003013905|892.39
1790962750|20261003013910|892.42
1790962755|20261003013915|892.37
1790962760|20261003013920|892.37
1790962795|20261003013955|892.47
1790962800|20261003014000|892.41
1790962815|20261003014015|892.45
1790962825|20261003014025|892.44
1790962835|20261003014035|892.38
1790962845|20261003014045|892.45
1790962850|20261003014050|892.43
1790962855|20261003014055|892.41
1790962865|20261003014105|892.37
1790962870|20261003014110|892.35
1790962875|20261003014115|892.37
1790962880|20261003014120|892.36
1790962900|20261003014140|892.43
1790962905|20261003014145|892.41
1790962910|20261003014150|892.40
1790962920|20261003014200|892.41
1790962925|20261003014205|892.39
1790962930|20261003014210|892.38
1790962935|20261003014215|892.37
1790962945|20261003014225|892.43
1790962955|20261003014235|892.36
1790962965|20261003014245|892.59
1790962975|20261003014255|892.56
1790962990|20261003014310|892.50
1790963015|20261003014335|892.54
1790963025|20261003014345|892.54
1790963035|20261003014355|892.55
1790963045|20261003014405|892.52
1790963050|20261003014410|892.55
1790963055|20261003014415|892.49
1790963060|20261003014420|892.51
1790963105|20261003014505|892.68
1790963110|20261003014510|892.68
1790963115|20261003014515|892.70
1790963120|20261003014520|892.78
1790963125|20261003014525|892.76
1790963135|20261003014535|892.76
1790963140|20261003014540|892.74
1790963145|20261003014545|892.68
1790963150|20261003014550|892.62
1790963155|20261003014555|892.68
1790963165|20261003014605|892.45
1790963175|20261003014615|892.33
1790963185|20261003014625|892.36
1790963210|20261003014650|892.26
1790963225|20261003014705|892.52
1790963230|20261003014710|892.48
1790963235|20261003014715|892.46
1790963240|20261003014720|892.57
1790963245|20261003014725|892.53
1790963255|20261003014735|892.56
1790963265|20261003014745|892.54
1790963270|20261003014750|892.53
1790963275|20261003014755|892.52
1790963300|20261003014820|892.52
1790963305|20261003014825|892.67
1790963315|20261003014835|892.64
1790963325|20261003014845|892.65
1790963335|20261003014855|892.63
1790963345|20261003014905|892.68
1790963350|20261003014910|892.72
1790963355|20261003014915|892.75
1790963360|20261003014920|892.74
1790963365|20261003014925|892.73
1790963375|20261003014935|892.70
1790963400|20261003015000|892.86
1790963405|20261003015005|892.84
1790963410|20261003015010|892.84
1790963415|20261003015015|892.83
1790963420|20261003015020|892.91
1790963425|20261003015025|893.03
1790963435|20261003015035|893.09
1790963445|20261003015045|892.49
1790963465|20261003015105|892.84
1790963470|20261003015110|892.88
1790963475|20261003015115|892.80
1790963485|20261003015125|892.85
1790963500|20261003015140|892.89
1790963505|20261003015145|893.06
1790963510|20261003015150|893.02
1790963515|20261003015155|892.95
1790963530|20261003015210|893.03
1790963535|20261003015215|893.01
1790963555|20261003015235|893.11
1790963560|20261003015240|893.15
1790963565|20261003015245|893.07
1790963590|20261003015310|893.11
1790963595|20261003015315|893.09
1790963620|20261003015340|893.02
1790963625|20261003015345|893.06
1790963630|20261003015350|893.06
1790963645|20261003015405|893.07
1790963650|20261003015410|892.94
1790963655|20261003015415|892.94
1790963660|20261003015420|892.94
1790963705|20261003015505|893.16
1790963710|20261003015510|893.09
1790963715|20261003015515|893.16
1790963720|20261003015520|893.07
1790963735|20261003015535|893.04
1790963740|20261003015540|893.05
1790963745|20261003015545|893.00
1790963750|20261003015550|893.01
1790963780|20261003015620|892.89
1790963785|20261003015625|892.89
1790963795|20261003015635|892.80
1790963800|20261003015640|892.81
1790963805|20261003015645|892.71
1790963815|20261003015655|892.76
1790963825|20261003015705|892.37
1790963830|20261003015710|892.33
1790963835|20261003015715|892.41
1790963840|20261003015720|892.19
1790963855|20261003015735|892.18
1790963860|20261003015740|892.27
1790963865|20261003015745|892.28
1790963870|20261003015750|892.20
1790963875|20261003015755|892.10
1790963885|20261003015805|891.83
1790963890|20261003015810|891.85
1790963895|20261003015815|891.92
1790963900|20261003015820|891.76
1790963905|20261003015825|891.80
1790963915|20261003015835|891.63
1790963925|20261003015845|891.80
1790963935|20261003015855|891.81
1790963945|20261003015905|892.38
1790963955|20261003015915|892.33
1790963960|20261003015920|892.32
1790963965|20261003015925|892.37
1790964000|20261003020000|892.54
1790964005|20261003020005|892.70
1790964015|20261003020015|892.49
1790964020|20261003020020|892.40
1790964025|20261003020025|892.45
1790964040|20261003020040|892.31
1790964050|20261003020050|892.36
1790964065|20261003020105|892.38
1790964070|20261003020110|892.58
1790964075|20261003020115|892.51
1790964080|20261003020120|892.56
1790964100|20261003020140|892.39
1790964105|20261003020145|892.40
1790964110|20261003020150|892.15
1790964115|20261003020155|892.21
1790964125|20261003020205|892.32
1790964130|20261003020210|892.36
1790964140|20261003020220|892.22
1790964145|20261003020225|892.29
1790964155|20261003020235|892.26
1790964165|20261003020245|892.24
1790964170|20261003020250|892.23
1790964185|20261003020305|892.18
1790964190|20261003020310|892.13
1790964195|20261003020315|892.12
1790964200|20261003020320|892.20
1790964205|20261003020325|892.39
1790964215|20261003020335|892.35
1790964220|20261003020340|892.43
1790964225|20261003020345|892.43
1790964250|20261003020410|892.44
1790964255|20261003020415|892.44
1790964260|20261003020420|892.50
1790964305|20261003020505|892.60
1790964310|20261003020510|892.69
1790964315|20261003020515|892.69
1790964320|20261003020520|892.71
1790964325|20261003020525|892.77
1790964340|20261003020540|892.64
1790964345|20261003020545|892.70
1790964355|20261003020555|892.67
1790964365|20261003020605|892.67
1790964370|20261003020610|892.63
1790964375|20261003020615|892.62
1790964380|20261003020620|892.68
1790964385|20261003020625|892.59
1790964395|20261003020635|892.69
1790964400|20261003020640|892.65
1790964405|20261003020645|892.64
1790964410|20261003020650|892.63
1790964415|20261003020655|892.67
1790964425|20261003020705|892.92
1790964430|20261003020710|892.92
1790964440|20261003020720|892.81
1790964445|20261003020725|892.82
1790964455|20261003020735|892.78
1790964460|20261003020740|892.81
1790964465|20261003020745|892.77
1790964470|20261003020750|892.80
1790964475|20261003020755|892.75
1790964485|20261003020805|892.78
1790964490|20261003020810|892.78
1790964495|20261003020815|892.72
1790964500|20261003020820|892.70
1790964505|20261003020825|892.70
1790964515|20261003020835|892.69
1790964520|20261003020840|892.65
1790964525|20261003020845|892.72
1790964530|20261003020850|892.75
1790964535|20261003020855|892.76
1790964545|20261003020905|892.75
1790964550|20261003020910|892.73
1790964555|20261003020915|892.75
1790964560|20261003020920|892.73
1790964565|20261003020925|892.75
1790964580|20261003020940|892.75
1790964600|20261003021000|892.81
1790964605|20261003021005|892.81
1790964610|20261003021010|892.77
1790964620|20261003021020|892.74
1790964625|20261003021025|892.74
1790964635|20261003021035|892.71
1790964640|20261003021040|892.72
1790964645|20261003021045|892.69
1790964650|20261003021050|892.64
1790964655|20261003021055|892.66
1790964670|20261003021110|892.58
1790964675|20261003021115|892.64
1790964680|20261003021120|892.60
1790964685|20261003021125|892.61
1790964695|20261003021135|892.63
1790964705|20261003021145|892.63
1790964710|20261003021150|892.56
1790964715|20261003021155|892.59
1790964725|20261003021205|892.73
1790964730|20261003021210|892.72
1790964745|20261003021225|892.86
1790964760|20261003021240|892.84
1790964765|20261003021245|892.85
1790964775|20261003021255|892.82
1790964785|20261003021305|892.91
1790964790|20261003021310|892.99
1790964795|20261003021315|893.10
1790964800|20261003021320|893.05
1790964815|20261003021335|893.12
1790964825|20261003021345|893.33
1790964835|20261003021355|893.28
1790964845|20261003021405|893.26
1790964855|20261003021415|893.29
1790964860|20261003021420|893.36
1790964865|20261003021425|893.38
1790964905|20261003021505|893.13
1790964910|20261003021510|893.07
1790964915|20261003021515|892.99
1790964920|20261003021520|892.93
1790964935|20261003021535|892.95
1790964945|20261003021545|892.95
1790964950|20261003021550|892.91
1790964955|20261003021555|892.96
1790964965|20261003021605|892.85
1790964975|20261003021615|892.87
1790964980|20261003021620|892.73
1790964985|20261003021625|892.72
1790965000|20261003021640|892.81
1790965005|20261003021645|892.79
1790965015|20261003021655|892.77
1790965025|20261003021705|892.71
1790965030|20261003021710|892.76
1790965035|20261003021715|892.75
1790965040|20261003021720|892.76
1790965045|20261003021725|892.75
1790965070|20261003021750|892.59
1790965075|20261003021755|892.53
1790965085|20261003021805|892.46
1790965090|20261003021810|892.42
1790965100|20261003021820|892.30
1790965120|20261003021840|892.46
1790965125|20261003021845|892.41
1790965135|20261003021855|892.42
1790965145|20261003021905|892.31
1790965150|20261003021910|892.38
1790965155|20261003021915|892.38
1790965160|20261003021920|892.41
1790965165|20261003021925|892.41
1790965200|20261003022000|892.63
1790965205|20261003022005|892.61
1790965215|20261003022015|892.65
1790965220|20261003022020|892.70
1790965240|20261003022040|892.83
1790965245|20261003022045|892.83
1790965250|20261003022050|892.79
1790965255|20261003022055|892.77
1790965265|20261003022105|892.75
1790965270|20261003022110|892.66
1790965275|20261003022115|892.74
1790965280|20261003022120|892.72
1790965305|20261003022145|892.79
1790965325|20261003022205|892.76
1790965330|20261003022210|892.65
1790965335|20261003022215|892.75
1790965345|20261003022225|892.63
1790965355|20261003022235|892.70
1790965360|20261003022240|892.68
1790965385|20261003022305|892.54
1790965390|20261003022310|892.54
1790965395|20261003022315|892.71
1790965405|20261003022325|892.64
1790965420|20261003022340|892.49
1790965425|20261003022345|892.46
1790965445|20261003022405|892.52
1790965450|20261003022410|892.53
1790965460|20261003022420|892.56
1790965465|20261003022425|892.55
1790965505|20261003022505|892.50
1790965510|20261003022510|892.64
1790965515|20261003022515|892.62
1790965525|20261003022525|892.64
1790965535|20261003022535|892.65
1790965550|20261003022550|892.70
1790965570|20261003022610|892.62
1790965575|20261003022615|892.65
1790965580|20261003022620|892.69
1790965585|20261003022625|892.63
1790965595|20261003022635|892.62
1790965600|20261003022640|892.65
1790965605|20261003022645|892.62
1790965610|20261003022650|892.61
1790965615|20261003022655|892.58
1790965630|20261003022710|892.58
1790965640|20261003022720|892.56
1790965645|20261003022725|892.53
1790965655|20261003022735|892.60
1790965660|20261003022740|892.56
1790965665|20261003022745|892.63
1790965670|20261003022750|892.55
1790965685|20261003022805|892.62
1790965690|20261003022810|892.88
1790965695|20261003022815|892.84
1790965700|20261003022820|892.87
1790965705|20261003022825|892.84
1790965720|20261003022840|893.26
1790965725|20261003022845|893.24
1790965730|20261003022850|893.28
1790965735|20261003022855|893.26
1790965745|20261003022905|893.19
1790965750|20261003022910|893.16
1790965755|20261003022915|893.17
1790965760|20261003022920|893.10
1790965765|20261003022925|893.08
1790965800|20261003023000|893.15
1790965810|20261003023010|893.06
1790965815|20261003023015|893.06
1790965820|20261003023020|893.03
1790965845|20261003023045|893.02
1790965855|20261003023055|892.96
1790965865|20261003023105|893.02
1790965875|20261003023115|892.92
1790965880|20261003023120|892.96
1790965885|20261003023125|892.95
1790965895|20261003023135|892.90
1790965910|20261003023150|892.72
1790965915|20261003023155|892.73
1790965930|20261003023210|892.72
1790965935|20261003023215|892.76
1790965940|20261003023220|892.72
1790965955|20261003023235|892.80
1790965965|20261003023245|892.85
1790965975|20261003023255|892.85
1790965985|20261003023305|893.19
1790965990|20261003023310|893.03
1790965995|20261003023315|893.07
1790966005|20261003023325|893.20
1790966020|20261003023340|893.04
1790966030|20261003023350|893.03
1790966035|20261003023355|892.91
1790966045|20261003023405|892.78
1790966050|20261003023410|892.74
1790966055|20261003023415|892.86
1790966060|20261003023420|892.87
1790966065|20261003023425|892.86
1790966105|20261003023505|892.98
1790966115|20261003023515|892.97
1790966125|20261003023525|892.95
1790966135|20261003023535|892.91
1790966140|20261003023540|892.87
1790966145|20261003023545|893.17
1790966165|20261003023605|892.96
1790966170|20261003023610|893.05
1790966175|20261003023615|893.20
1790966180|20261003023620|893.18
1790966185|20261003023625|893.15
1790966205|20261003023645|893.33
1790966210|20261003023650|893.24
1790966225|20261003023705|893.43
1790966230|20261003023710|893.33
1790966235|20261003023715|893.36
1790966240|20261003023720|893.36
1790966245|20261003023725|893.39
1790966255|20261003023735|893.41
1790966265|20261003023745|893.46
1790966275|20261003023755|893.40
1790966285|20261003023805|893.42
1790966295|20261003023815|893.41
1790966300|20261003023820|893.33
1790966320|20261003023840|893.29
1790966325|20261003023845|893.30
1790966335|20261003023855|893.29
1790966345|20261003023905|893.26
1790966355|20261003023915|893.29
1790966360|20261003023920|893.20
1790966400|20261003024000|893.15
1790966405|20261003024005|893.08
1790966410|20261003024010|893.05
1790966415|20261003024015|893.02
1790966450|20261003024050|893.07
1790966465|20261003024105|893.09
1790966480|20261003024120|893.17
1790966485|20261003024125|893.21
1790966500|20261003024140|893.31
1790966505|20261003024145|893.31
1790966510|20261003024150|893.28
1790966515|20261003024155|893.34
1790966520|20261003024200|893.33
1790966525|20261003024205|893.37
1790966530|20261003024210|893.36
1790966535|20261003024215|893.44
1790966540|20261003024220|893.45
1790966545|20261003024225|893.34
1790966555|20261003024235|893.42
1790966560|20261003024240|893.51
1790966570|20261003024250|893.67
1790966575|20261003024255|893.65
1790966585|20261003024305|893.68
1790966595|20261003024315|893.75
1790966600|20261003024320|893.72
1790966605|20261003024325|893.63
1790966620|20261003024340|893.63
1790966625|20261003024345|893.54
1790966645|20261003024405|893.46
1790966650|20261003024410|893.45
1790966655|20261003024415|893.56
1790966660|20261003024420|893.57
1790966665|20261003024425|893.59
1790966700|20261003024500|893.63
1790966705|20261003024505|893.66
1790966710|20261003024510|893.66
1790966720|20261003024520|893.69
1790966725|20261003024525|893.63
1790966735|20261003024535|893.82
1790966745|20261003024545|893.81
1790966750|20261003024550|893.77
1790966765|20261003024605|893.57
1790966770|20261003024610|893.60
1790966775|20261003024615|893.57
1790966780|20261003024620|893.50
1790966785|20261003024625|893.49
1790966800|20261003024640|893.47
1790966805|20261003024645|893.51
1790966815|20261003024655|893.60
1790966825|20261003024705|893.68
1790966830|20261003024710|893.66
1790966835|20261003024715|893.79
1790966840|20261003024720|893.74
1790966845|20261003024725|893.73
1790966855|20261003024735|893.73
1790966860|20261003024740|893.77
1790966865|20261003024745|893.68
1790966870|20261003024750|893.66
1790966875|20261003024755|893.66
1790966885|20261003024805|893.70
1790966890|20261003024810|893.68
1790966900|20261003024820|893.69
1790966905|20261003024825|893.66
1790966915|20261003024835|893.69
1790966930|20261003024850|893.71
1790966935|20261003024855|893.70
1790966945|20261003024905|893.61
1790966955|20261003024915|893.66
1790966960|20261003024920|893.67
1790966965|20261003024925|893.72
1790967000|20261003025000|893.81
1790967005|20261003025005|893.76
1790967020|20261003025020|893.80
1790967025|20261003025025|893.72
1790967045|20261003025045|893.85
1790967055|20261003025055|893.81
1790967065|20261003025105|893.85
1790967080|20261003025120|893.91
1790967085|20261003025125|893.89
1790967105|20261003025145|893.92
1790967115|20261003025155|893.93
1790967130|20261003025210|893.80
1790967135|20261003025215|893.77
1790967140|20261003025220|893.78
1790967155|20261003025235|893.65
1790967160|20261003025240|893.62
1790967165|20261003025245|893.60
1790967170|20261003025250|893.59
1790967175|20261003025255|893.58
1790967185|20261003025305|893.57
1790967190|20261003025310|893.68
1790967195|20261003025315|893.73
1790967200|20261003025320|893.73
1790967205|20261003025325|893.74
1790967215|20261003025335|893.74
1790967220|20261003025340|893.75
1790967225|20261003025345|893.77
1790967230|20261003025350|893.80
1790967235|20261003025355|893.82
1790967240|20261003025400|893.80
1790967245|20261003025405|893.73
1790967250|20261003025410|893.73
1790967255|20261003025415|893.74
1790967260|20261003025420|893.72
1790967295|20261003025455|893.73
1790967305|20261003025505|893.66
1790967315|20261003025515|893.69
1790967320|20261003025520|893.71
1790967325|20261003025525|893.72
1790967345|20261003025545|893.71
1790967355|20261003025555|893.81
1790967365|20261003025605|893.82
1790967370|20261003025610|893.76
1790967375|20261003025615|893.77
1790967380|20261003025620|893.79
1790967385|20261003025625|893.81
1790967400|20261003025640|893.79
1790967405|20261003025645|893.78
1790967415|20261003025655|893.79
1790967425|20261003025705|893.75
1790967430|20261003025710|893.77
1790967435|20261003025715|893.79
1790967440|20261003025720|893.77
1790967445|20261003025725|893.81
1790967460|20261003025740|893.78
1790967465|20261003025745|893.81
1790967470|20261003025750|893.76
1790967475|20261003025755|893.76
1790967490|20261003025810|893.80
1790967495|20261003025815|893.84
1790967500|20261003025820|893.85
1790967505|20261003025825|893.83
1790967515|20261003025835|894.00
1790967520|20261003025840|894.01
1790967525|20261003025845|893.99
1790967530|20261003025850|894.06
1790967535|20261003025855|894.18
1790967545|20261003025905|894.50
1790967550|20261003025910|894.47
1790967560|20261003025920|894.44
1790967600|20261003030000|894.54
1790967605|20261003030005|894.72
1790967610|20261003030010|894.52
1790967615|20261003030015|894.74
1790967625|20261003030025|894.76
1790967635|20261003030035|894.70
1790967640|20261003030040|894.66
1790967645|20261003030045|894.52
1790967655|20261003030055|894.45
1790967665|20261003030105|894.55
1790967680|20261003030120|894.50
1790967685|20261003030125|894.74
1790967705|20261003030145|894.71
1790967710|20261003030150|894.68
1790967715|20261003030155|894.69
1790967725|20261003030205|894.70
1790967730|20261003030210|894.65
1790967735|20261003030215|894.56
1790967740|20261003030220|894.49
1790967745|20261003030225|894.54
1790967760|20261003030240|894.38
1790967770|20261003030250|894.15
1790967775|20261003030255|894.15
1790967785|20261003030305|894.21
1790967790|20261003030310|894.20
1790967795|20261003030315|894.14
1790967800|20261003030320|894.11
1790967815|20261003030335|894.05
1790967825|20261003030345|894.05
1790967845|20261003030405|894.03
1790967850|20261003030410|894.09
1790967855|20261003030415|894.19
1790967860|20261003030420|894.16
1790967865|20261003030425|894.14
1790967905|20261003030505|894.25
1790967910|20261003030510|894.25
1790967915|20261003030515|894.29
1790967920|20261003030520|894.30
1790967940|20261003030540|894.43
1790967945|20261003030545|894.38
1790967950|20261003030550|894.37
1790967965|20261003030605|894.36
1790967970|20261003030610|894.37
1790967975|20261003030615|894.38
1790967985|20261003030625|894.40
1790967995|20261003030635|894.23
1790968005|20261003030645|894.25
1790968010|20261003030650|894.25
1790968015|20261003030655|894.18
1790968025|20261003030705|894.12
1790968035|20261003030715|894.28
1790968040|20261003030720|894.26
1790968045|20261003030725|894.27
1790968055|20261003030735|894.24
1790968060|20261003030740|894.24
1790968065|20261003030745|894.24
1790968085|20261003030805|894.15
1790968090|20261003030810|894.27
1790968095|20261003030815|894.26
1790968100|20261003030820|894.22
1790968105|20261003030825|894.25
1790968115|20261003030835|894.25
1790968125|20261003030845|894.29
1790968145|20261003030905|894.35
1790968150|20261003030910|894.37
1790968155|20261003030915|894.52
1790968160|20261003030920|894.57
1790968165|20261003030925|894.47
1790968170|20261003030930|894.47
1790968175|20261003030935|894.45
1790968200|20261003031000|894.42
1790968205|20261003031005|894.43
1790968210|20261003031010|894.45
1790968215|20261003031015|894.49
1790968220|20261003031020|894.48
1790968225|20261003031025|894.48
1790968240|20261003031040|894.74
1790968245|20261003031045|894.79
1790968250|20261003031050|894.78
1790968265|20261003031105|894.71
1790968270|20261003031110|894.68
1790968275|20261003031115|894.62
1790968285|20261003031125|894.60
1790968295|20261003031135|894.65
1790968310|20261003031150|894.63
1790968315|20261003031155|894.68
1790968325|20261003031205|894.82
1790968330|20261003031210|894.81
1790968335|20261003031215|894.84
1790968340|20261003031220|894.81
1790968360|20261003031240|894.81
1790968365|20261003031245|894.78
1790968370|20261003031250|894.76
1790968375|20261003031255|894.70
1790968385|20261003031305|894.69
1790968395|20261003031315|894.69
1790968400|20261003031320|894.65
1790968405|20261003031325|894.64
1790968420|20261003031340|894.61
1790968425|20261003031345|894.67
1790968430|20261003031350|894.70
1790968435|20261003031355|894.77
1790968455|20261003031415|894.91
1790968460|20261003031420|894.93
1790968465|20261003031425|894.89
1790968480|20261003031440|895.06
1790968505|20261003031505|895.07
1790968510|20261003031510|895.00
1790968515|20261003031515|895.01
1790968520|20261003031520|895.02
1790968525|20261003031525|895.05
1790968530|20261003031530|895.03
1790968535|20261003031535|894.99
1790968540|20261003031540|895.02
1790968545|20261003031545|894.97
1790968550|20261003031550|894.96
1790968555|20261003031555|894.91
1790968570|20261003031610|894.49
1790968575|20261003031615|894.37
1790968580|20261003031620|894.41
1790968585|20261003031625|894.44
1790968600|20261003031640|894.36
1790968605|20261003031645|894.36
1790968610|20261003031650|894.34
1790968615|20261003031655|894.32
1790968625|20261003031705|894.25
1790968630|20261003031710|894.25
1790968660|20261003031740|894.25
1790968665|20261003031745|894.25
1790968690|20261003031810|894.25
1790968695|20261003031815|894.17
1790968700|20261003031820|894.23
1790968705|20261003031825|894.26
1790968720|20261003031840|894.41
1790968725|20261003031845|894.39
1790968730|20261003031850|894.50
1790968735|20261003031855|894.51
1790968750|20261003031910|894.58
1790968755|20261003031915|894.59
1790968760|20261003031920|894.62
1790968765|20261003031925|894.57
1790968800|20261003032000|894.55
1790968805|20261003032005|894.68
1790968815|20261003032015|894.61
1790968820|20261003032020|894.68
1790968840|20261003032040|894.70
1790968845|20261003032045|894.73
1790968850|20261003032050|894.67
1790968865|20261003032105|894.72
1790968870|20261003032110|894.72
1790968880|20261003032120|894.68
1790968885|20261003032125|894.74
1790968905|20261003032145|894.69
1790968915|20261003032155|894.67
1790968925|20261003032205|894.61
1790968935|20261003032215|894.64
1790968945|20261003032225|894.61
1790968955|20261003032235|894.78
1790968960|20261003032240|894.82
1790968965|20261003032245|894.71
1790968990|20261003032310|894.75
1790968995|20261003032315|894.75
1790969000|20261003032320|894.77
1790969015|20261003032335|894.82
1790969020|20261003032340|894.84
1790969025|20261003032345|894.81
1790969030|20261003032350|894.83
1790969035|20261003032355|894.85
1790969045|20261003032405|894.94
1790969050|20261003032410|895.03
1790969060|20261003032420|895.00
1790969065|20261003032425|894.99
1790969105|20261003032505|894.94
1790969110|20261003032510|894.93
1790969115|20261003032515|894.94
1790969120|20261003032520|894.96
1790969125|20261003032525|894.96
1790969135|20261003032535|894.91
1790969140|20261003032540|894.94
1790969145|20261003032545|894.92
1790969150|20261003032550|894.96
1790969155|20261003032555|894.99
1790969170|20261003032610|894.95
1790969180|20261003032620|894.83
1790969185|20261003032625|894.85
1790969195|20261003032635|894.78
1790969200|20261003032640|894.67
1790969205|20261003032645|894.67
1790969215|20261003032655|894.82
1790969225|20261003032705|894.69
1790969230|20261003032710|894.71
1790969235|20261003032715|894.71
1790969240|20261003032720|894.77
1790969245|20261003032725|894.80
1790969255|20261003032735|894.75
1790969260|20261003032740|894.73
1790969265|20261003032745|894.73
1790969270|20261003032750|894.81
1790969285|20261003032805|894.82
1790969290|20261003032810|894.80
1790969295|20261003032815|894.80
1790969300|20261003032820|894.76
1790969305|20261003032825|894.80
1790969315|20261003032835|894.77
1790969325|20261003032845|894.92
1790969330|20261003032850|895.01
1790969335|20261003032855|894.99
1790969350|20261003032910|894.96
1790969355|20261003032915|894.87
1790969360|20261003032920|894.88
1790969365|20261003032925|894.90
1790969400|20261003033000|894.94
1790969405|20261003033005|894.95
1790969410|20261003033010|895.04
1790969420|20261003033020|894.90
1790969435|20261003033035|894.96
1790969440|20261003033040|895.00
1790969445|20261003033045|894.92
1790969450|20261003033050|895.09
1790969465|20261003033105|895.10
1790969470|20261003033110|895.07
1790969475|20261003033115|895.15
1790969485|20261003033125|895.06
1790969495|20261003033135|895.05
1790969500|20261003033140|895.08
1790969510|20261003033150|895.05
1790969525|20261003033205|895.04
1790969545|20261003033225|894.90
1790969560|20261003033240|894.91
1790969590|20261003033310|895.08
1790969595|20261003033315|895.07
1790969600|20261003033320|895.03
1790969605|20261003033325|895.03
1790969620|20261003033340|894.91
1790969635|20261003033355|894.77
1790969645|20261003033405|894.96
1790969650|20261003033410|894.94
1790969655|20261003033415|894.94
1790969660|20261003033420|894.93
1790969665|20261003033425|895.01
1790969680|20261003033440|895.03
1790969705|20261003033505|895.03
1790969710|20261003033510|894.94
1790969715|20261003033515|894.91
1790969720|20261003033520|894.98
1790969725|20261003033525|894.97
1790969740|20261003033540|894.94
1790969745|20261003033545|894.93
1790969755|20261003033555|894.95
1790969765|20261003033605|895.02
1790969780|20261003033620|895.08
1790969785|20261003033625|895.09
1790969795|20261003033635|895.14
1790969800|20261003033640|895.18
1790969805|20261003033645|895.15
1790969815|20261003033655|895.14
1790969825|20261003033705|895.17
1790969830|20261003033710|895.17
1790969840|20261003033720|895.13
1790969845|20261003033725|895.12
1790969855|20261003033735|895.07
1790969865|20261003033745|895.07
1790969870|20261003033750|895.08
1790969875|20261003033755|895.07
1790969885|20261003033805|894.99
1790969890|20261003033810|894.92
1790969920|20261003033840|894.73
1790969925|20261003033845|894.73
1790969930|20261003033850|894.69
1790969935|20261003033855|894.63
1790969945|20261003033905|894.63
1790969950|20261003033910|894.65
1790969955|20261003033915|894.57
1790969960|20261003033920|894.70
1790969965|20261003033925|894.71
1790970000|20261003034000|894.58
1790970010|20261003034010|894.61
1790970015|20261003034015|894.57
1790970020|20261003034020|894.62
1790970025|20261003034025|894.57
1790970045|20261003034045|894.52
1790970050|20261003034050|894.52
1790970055|20261003034055|894.58
1790970075|20261003034115|894.59
1790970080|20261003034120|894.53
1790970085|20261003034125|894.56
1790970095|20261003034135|894.62
1790970110|20261003034150|894.58
1790970115|20261003034155|894.57
1790970125|20261003034205|894.53
1790970130|20261003034210|894.37
1790970135|20261003034215|894.37
1790970145|20261003034225|894.21
1790970170|20261003034250|894.19
1790970175|20261003034255|894.16
1790970185|20261003034305|894.19
1790970190|20261003034310|894.27
1790970195|20261003034315|894.28
1790970215|20261003034335|894.12
1790970225|20261003034345|894.07
1790970230|20261003034350|894.02
1790970250|20261003034410|893.97
1790970265|20261003034425|893.99
1790970300|20261003034500|893.80
1790970305|20261003034505|893.81
1790970310|20261003034510|893.82
1790970320|20261003034520|893.80
1790970350|20261003034550|894.00
1790970365|20261003034605|893.75
1790970375|20261003034615|893.83
1790970380|20261003034620|893.79
1790970395|20261003034635|893.84
1790970400|20261003034640|893.87
1790970405|20261003034645|893.86
1790970415|20261003034655|893.77
1790970425|20261003034705|893.71
1790970435|20261003034715|893.76
1790970440|20261003034720|893.67
1790970445|20261003034725|893.69
1790970455|20261003034735|893.54
1790970460|20261003034740|893.57
1790970465|20261003034745|893.62
1790970470|20261003034750|893.59
1790970475|20261003034755|893.57
1790970485|20261003034805|893.56
1790970490|20261003034810|893.58
1790970505|20261003034825|893.67
1790970515|20261003034835|893.67
1790970520|20261003034840|893.54
1790970525|20261003034845|893.56
1790970530|20261003034850|893.65
1790970550|20261003034910|893.58
1790970560|20261003034920|893.54
1790970580|20261003034940|893.44
1790970595|20261003034955|893.37
1790970600|20261003035000|893.43
1790970605|20261003035005|893.60
1790970610|20261003035010|893.57
1790970615|20261003035015|893.55
1790970620|20261003035020|893.55
1790970625|20261003035025|893.54
1790970635|20261003035035|893.47
1790970640|20261003035040|893.46
1790970645|20261003035045|893.56
1790970650|20261003035050|893.52
1790970655|20261003035055|893.53
1790970665|20261003035105|893.52
1790970670|20261003035110|893.51
1790970675|20261003035115|893.49
1790970680|20261003035120|893.45
1790970685|20261003035125|893.44
1790970695|20261003035135|893.44
1790970705|20261003035145|893.42
1790970715|20261003035155|893.46
1790970725|20261003035205|893.29
1790970730|20261003035210|893.27
1790970735|20261003035215|893.26
1790970740|20261003035220|893.31
1790970745|20261003035225|893.31
1790970765|20261003035245|893.51
1790970770|20261003035250|893.49
1790970775|20261003035255|893.58
1790970785|20261003035305|893.57
1790970790|20261003035310|893.60
1790970800|20261003035320|893.74
1790970805|20261003035325|893.75
1790970815|20261003035335|893.70
1790970820|20261003035340|893.75
1790970835|20261003035355|893.68
1790970845|20261003035405|893.70
1790970850|20261003035410|893.69
1790970860|20261003035420|893.70
1790970865|20261003035425|893.70
1790970905|20261003035505|893.76
1790970920|20261003035520|893.75
1790970935|20261003035535|893.86
1790970945|20261003035545|893.94
1790970965|20261003035605|893.89
1790970970|20261003035610|893.99
1790970975|20261003035615|894.06
1790970980|20261003035620|893.99
1790970985|20261003035625|893.98
1790970995|20261003035635|894.07
1790971005|20261003035645|894.06
1790971010|20261003035650|894.02
1790971015|20261003035655|893.99
1790971025|20261003035705|893.99
1790971030|20261003035710|893.98
1790971035|20261003035715|894.08
1790971040|20261003035720|894.09
1790971055|20261003035735|894.11
1790971065|20261003035745|894.10
1790971070|20261003035750|894.11
1790971075|20261003035755|894.11
1790971095|20261003035815|894.40
1790971100|20261003035820|894.41
1790971115|20261003035835|894.41
1790971120|20261003035840|894.41
1790971125|20261003035845|894.33
1790971130|20261003035850|894.33
1790971135|20261003035855|894.29
1790971145|20261003035905|894.31
1790971150|20261003035910|894.38
1790971155|20261003035915|894.34
1790971165|20261003035925|894.46
1790971200|20261003040000|894.77
