1788739200|20260907080000|954.44
1788739205|20260907080005|954.77
1788739210|20260907080010|954.71
1788739215|20260907080015|954.38
1788739220|20260907080020|954.49
1788739225|20260907080025|954.49
1788739235|20260907080035|954.46
1788739240|20260907080040|954.42
1788739245|20260907080045|954.53
1788739250|20260907080050|954.86
1788739255|20260907080055|954.57
1788739260|20260907080100|954.48
1788739265|20260907080105|954.63
1788739270|20260907080110|954.98
1788739280|20260907080120|954.87
1788739285|20260907080125|954.95
1788739295|20260907080135|954.96
1788739300|20260907080140|954.92
1788739305|20260907080145|954.97
1788739310|20260907080150|955.04
1788739315|20260907080155|955.11
1788739320|20260907080200|955.09
1788739325|20260907080205|954.99
1788739330|20260907080210|955.14
1788739335|20260907080215|955.07
1788739340|20260907080220|954.85
1788739345|20260907080225|954.99
1788739355|20260907080235|954.98
1788739360|20260907080240|954.97
1788739365|20260907080245|955.03
1788739370|20260907080250|954.91
1788739375|20260907080255|954.51
1788739385|20260907080305|954.60
1788739390|20260907080310|954.50
1788739395|20260907080315|954.59
1788739405|20260907080325|954.35
1788739415|20260907080335|954.27
1788739420|20260907080340|954.26
1788739425|20260907080345|954.28
1788739430|20260907080350|954.24
1788739435|20260907080355|954.43
1788739445|20260907080405|954.36
1788739450|20260907080410|954.42
1788739460|20260907080420|954.34
1788739465|20260907080425|954.55
1788739505|20260907080505|954.45
1788739510|20260907080510|954.43
1788739515|20260907080515|954.16
1788739520|20260907080520|954.19
1788739525|20260907080525|954.34
1788739535|20260907080535|954.51
1788739540|20260907080540|954.52
1788739545|20260907080545|954.53
1788739550|20260907080550|954.56
1788739555|20260907080555|954.65
1788739560|20260907080600|954.64
1788739565|20260907080605|954.63
1788739570|20260907080610|954.69
1788739575|20260907080615|954.71
1788739580|20260907080620|954.69
1788739585|20260907080625|954.74
1788739595|20260907080635|954.76
1788739600|20260907080640|954.76
1788739605|20260907080645|954.61
1788739610|20260907080650|954.53
1788739615|20260907080655|954.58
1788739620|20260907080700|954.63
1788739625|20260907080705|954.72
1788739630|20260907080710|954.69
1788739635|20260907080715|954.70
1788739640|20260907080720|954.69
1788739645|20260907080725|954.75
1788739660|20260907080740|954.75
1788739665|20260907080745|954.65
1788739670|20260907080750|954.41
1788739675|20260907080755|954.43
1788739680|20260907080800|954.35
1788739685|20260907080805|954.32
1788739690|20260907080810|954.21
1788739695|20260907080815|954.13
1788739720|20260907080840|954.03
1788739725|20260907080845|954.05
1788739730|20260907080850|954.03
1788739735|20260907080855|954.11
1788739740|20260907080900|954.22
1788739745|20260907080905|954.22
1788739750|20260907080910|954.28
1788739755|20260907080915|954.21
1788739765|20260907080925|954.11
1788739805|20260907081005|954.07
1788739810|20260907081010|954.13
1788739815|20260907081015|954.05
1788739820|20260907081020|954.08
1788739835|20260907081035|954.00
1788739840|20260907081040|954.01
1788739850|20260907081050|954.42
1788739865|20260907081105|954.52
1788739870|20260907081110|954.53
1788739875|20260907081115|954.60
1788739880|20260907081120|954.75
1788739885|20260907081125|954.73
1788739895|20260907081135|954.88
1788739900|20260907081140|954.95
1788739905|20260907081145|954.97
1788739910|20260907081150|954.96
1788739915|20260907081155|954.99
1788739920|20260907081200|955.23
1788739925|20260907081205|955.31
1788739930|20260907081210|955.30
1788739935|20260907081215|955.28
1788739940|20260907081220|955.19
1788739945|20260907081225|955.08
1788739955|20260907081235|954.92
1788739965|20260907081245|954.99
1788739970|20260907081250|955.01
1788739975|20260907081255|954.96
1788739985|20260907081305|954.91
1788739990|20260907081310|954.77
1788739995|20260907081315|954.87
1788740000|20260907081320|954.88
1788740005|20260907081325|954.87
1788740015|20260907081335|955.04
1788740025|20260907081345|955.05
1788740030|20260907081350|955.01
1788740035|20260907081355|955.00
1788740040|20260907081400|954.78
1788740045|20260907081405|954.77
1788740050|20260907081410|954.53
1788740055|20260907081415|954.70
1788740060|20260907081420|954.58
1788740100|20260907081500|954.75
1788740105|20260907081505|954.57
1788740110|20260907081510|954.67
1788740115|20260907081515|954.80
1788740120|20260907081520|954.81
1788740125|20260907081525|954.75
1788740145|20260907081545|954.96
1788740150|20260907081550|955.37
1788740160|20260907081600|955.24
1788740165|20260907081605|955.20
1788740175|20260907081615|955.26
1788740180|20260907081620|955.09
1788740185|20260907081625|955.21
1788740205|20260907081645|955.04
1788740210|20260907081650|955.02
1788740215|20260907081655|954.92
1788740220|20260907081700|954.86
1788740225|20260907081705|955.08
1788740230|20260907081710|955.16
1788740235|20260907081715|955.04
1788740240|20260907081720|955.27
1788740245|20260907081725|955.25
1788740255|20260907081735|955.41
1788740260|20260907081740|955.39
1788740265|20260907081745|955.38
1788740270|20260907081750|955.53
1788740275|20260907081755|955.48
1788740280|20260907081800|955.36
1788740285|20260907081805|955.33
1788740290|20260907081810|955.33
1788740295|20260907081815|955.22
1788740300|20260907081820|955.30
1788740310|20260907081830|955.16
1788740320|20260907081840|955.13
1788740325|20260907081845|955.09
1788740330|20260907081850|955.14
1788740335|20260907081855|955.12
1788740340|20260907081900|955.05
1788740345|20260907081905|954.81
1788740355|20260907081915|954.82
1788740400|20260907082000|954.98
1788740405|20260907082005|955.18
1788740410|20260907082010|955.21
1788740415|20260907082015|955.24
1788740420|20260907082020|955.10
1788740425|20260907082025|955.24
1788740435|20260907082035|955.20
1788740440|20260907082040|955.25
1788740445|20260907082045|955.26
1788740450|20260907082050|955.21
1788740465|20260907082105|955.22
1788740470|20260907082110|955.17
1788740475|20260907082115|955.24
1788740485|20260907082125|955.24
1788740495|20260907082135|955.27
1788740500|20260907082140|955.23
1788740505|20260907082145|955.22
1788740510|20260907082150|955.13
1788740515|20260907082155|954.94
1788740520|20260907082200|954.91
1788740530|20260907082210|954.93
1788740535|20260907082215|954.84
1788740540|20260907082220|954.90
1788740545|20260907082225|954.87
1788740570|20260907082250|954.94
1788740575|20260907082255|955.08
1788740580|20260907082300|955.11
1788740585|20260907082305|955.05
1788740590|20260907082310|955.10
1788740595|20260907082315|955.00
1788740605|20260907082325|955.01
1788740620|20260907082340|954.97
1788740625|20260907082345|954.95
1788740630|20260907082350|954.97
1788740635|20260907082355|954.89
1788740640|20260907082400|954.88
1788740655|20260907082415|955.04
1788740660|20260907082420|954.99
1788740665|20260907082425|955.04
1788740690|20260907082450|955.08
1788740700|20260907082500|955.11
1788740705|20260907082505|954.83
1788740710|20260907082510|954.77
1788740715|20260907082515|954.85
1788740720|20260907082520|954.87
1788740725|20260907082525|954.90
1788740740|20260907082540|954.93
1788740745|20260907082545|954.94
1788740755|20260907082555|954.97
1788740765|20260907082605|954.87
1788740770|20260907082610|954.86
1788740775|20260907082615|954.86
1788740780|20260907082620|954.72
1788740785|20260907082625|954.78
1788740795|20260907082635|954.92
1788740800|20260907082640|954.99
1788740805|20260907082645|954.96
1788740810|20260907082650|954.92
1788740815|20260907082655|954.93
1788740825|20260907082705|954.97
1788740830|20260907082710|955.07
1788740835|20260907082715|955.14
1788740840|20260907082720|955.16
1788740845|20260907082725|955.14
1788740855|20260907082735|955.06
1788740860|20260907082740|955.19
1788740865|20260907082745|955.17
1788740875|20260907082755|955.10
1788740885|20260907082805|954.96
1788740890|20260907082810|954.79
1788740895|20260907082815|954.82
1788740900|20260907082820|954.96
1788740905|20260907082825|954.80
1788740920|20260907082840|954.54
1788740925|20260907082845|954.48
1788740930|20260907082850|954.52
1788740935|20260907082855|954.54
1788740945|20260907082905|954.60
1788740955|20260907082915|954.58
1788740960|20260907082920|954.60
1788740965|20260907082925|954.36
1788741000|20260907083000|954.25
1788741005|20260907083005|954.18
1788741010|20260907083010|954.30
1788741015|20260907083015|954.28
1788741020|20260907083020|953.85
1788741025|20260907083025|953.82
1788741035|20260907083035|953.55
1788741040|20260907083040|953.66
1788741045|20260907083045|953.72
1788741050|20260907083050|953.80
1788741055|20260907083055|954.02
1788741060|20260907083100|954.00
1788741065|20260907083105|953.99
1788741070|20260907083110|954.01
1788741075|20260907083115|954.03
1788741080|20260907083120|953.95
1788741085|20260907083125|954.06
1788741095|20260907083135|954.01
1788741100|20260907083140|953.96
1788741110|20260907083150|953.93
1788741115|20260907083155|953.93
1788741120|20260907083200|953.68
1788741125|20260907083205|953.75
1788741130|20260907083210|953.75
1788741135|20260907083215|953.69
1788741140|20260907083220|953.91
1788741145|20260907083225|953.99
1788741155|20260907083235|953.96
1788741160|20260907083240|953.87
1788741165|20260907083245|953.64
1788741170|20260907083250|953.66
1788741180|20260907083300|953.65
1788741185|20260907083305|953.60
1788741195|20260907083315|953.50
1788741205|20260907083325|953.49
1788741210|20260907083330|953.51
1788741220|20260907083340|953.69
1788741225|20260907083345|953.66
1788741235|20260907083355|954.14
1788741240|20260907083400|954.13
1788741245|20260907083405|954.12
1788741250|20260907083410|953.90
1788741255|20260907083415|953.85
1788741260|20260907083420|953.81
1788741265|20260907083425|953.74
1788741275|20260907083435|953.68
1788741305|20260907083505|953.52
1788741315|20260907083515|953.58
1788741325|20260907083525|953.63
1788741335|20260907083535|953.60
1788741340|20260907083540|953.79
1788741345|20260907083545|953.76
1788741350|20260907083550|953.70
1788741355|20260907083555|953.68
1788741360|20260907083600|953.67
1788741365|20260907083605|953.76
1788741370|20260907083610|953.76
1788741375|20260907083615|953.78
1788741380|20260907083620|953.70
1788741385|20260907083625|953.73
1788741395|20260907083635|953.60
1788741400|20260907083640|953.69
1788741405|20260907083645|953.68
1788741410|20260907083650|953.63
1788741415|20260907083655|953.60
1788741420|20260907083700|953.51
1788741425|20260907083705|953.46
1788741430|20260907083710|953.55
1788741435|20260907083715|953.55
1788741460|20260907083740|953.56
1788741465|20260907083745|953.58
1788741470|20260907083750|953.69
1788741475|20260907083755|953.59
1788741480|20260907083800|953.57
1788741485|20260907083805|953.56
1788741490|20260907083810|953.60
1788741495|20260907083815|953.61
1788741500|20260907083820|953.61
1788741505|20260907083825|953.61
1788741515|20260907083835|953.46
1788741520|20260907083840|953.52
1788741525|20260907083845|953.52
1788741545|20260907083905|954.03
1788741555|20260907083915|954.02
1788741560|20260907083920|953.97
1788741565|20260907083925|954.09
1788741600|20260907084000|954.26
1788741605|20260907084005|953.98
1788741610|20260907084010|954.21
1788741615|20260907084015|954.17
1788741620|20260907084020|954.16
1788741625|20260907084025|954.15
1788741635|20260907084035|954.17
1788741645|20260907084045|954.28
1788741650|20260907084050|954.30
1788741655|20260907084055|954.23
1788741660|20260907084100|954.25
1788741665|20260907084105|954.26
1788741685|20260907084125|954.22
1788741695|20260907084135|954.24
1788741700|20260907084140|954.28
1788741715|20260907084155|954.21
1788741720|20260907084200|954.36
1788741725|20260907084205|954.52
1788741730|20260907084210|954.39
1788741735|20260907084215|954.38
1788741740|20260907084220|954.40
1788741745|20260907084225|954.30
1788741755|20260907084235|954.60
1788741760|20260907084240|954.57
1788741765|20260907084245|954.59
1788741770|20260907084250|954.81
1788741785|20260907084305|954.42
1788741790|20260907084310|954.37
1788741805|20260907084325|954.49
1788741815|20260907084335|954.63
1788741820|20260907084340|954.67
1788741825|20260907084345|954.67
1788741830|20260907084350|954.74
1788741835|20260907084355|954.78
1788741845|20260907084405|954.67
1788741850|20260907084410|954.53
1788741860|20260907084420|954.67
1788741865|20260907084425|954.74
1788741875|20260907084435|954.52
1788741900|20260907084500|954.58
1788741905|20260907084505|955.08
1788741915|20260907084515|954.97
1788741920|20260907084520|955.11
1788741925|20260907084525|954.90
1788741935|20260907084535|954.95
1788741940|20260907084540|954.84
1788741945|20260907084545|954.82
1788741950|20260907084550|954.79
1788741955|20260907084555|954.85
1788741960|20260907084600|954.78
1788741965|20260907084605|954.79
1788741970|20260907084610|954.79
1788741975|20260907084615|954.80
1788741980|20260907084620|954.81
1788741985|20260907084625|954.85
1788741995|20260907084635|954.89
1788742000|20260907084640|954.82
1788742005|20260907084645|954.96
1788742010|20260907084650|955.02
1788742015|20260907084655|955.01
1788742025|20260907084705|955.04
1788742030|20260907084710|954.98
1788742035|20260907084715|955.00
1788742040|20260907084720|955.01
1788742045|20260907084725|955.07
1788742055|20260907084735|955.04
1788742060|20260907084740|955.14
1788742065|20260907084745|955.08
1788742070|20260907084750|955.01
1788742075|20260907084755|955.10
1788742080|20260907084800|955.19
1788742085|20260907084805|955.07
1788742090|20260907084810|955.19
1788742095|20260907084815|955.18
1788742100|20260907084820|955.36
1788742105|20260907084825|955.36
1788742115|20260907084835|955.62
1788742120|20260907084840|955.63
1788742125|20260907084845|955.63
1788742130|20260907084850|955.63
1788742150|20260907084910|955.46
1788742155|20260907084915|955.44
1788742160|20260907084920|955.38
1788742165|20260907084925|955.32
1788742180|20260907084940|955.29
1788742205|20260907085005|955.30
1788742210|20260907085010|955.13
1788742215|20260907085015|954.75
1788742220|20260907085020|954.60
1788742225|20260907085025|954.31
1788742240|20260907085040|954.63
1788742245|20260907085045|954.72
1788742250|20260907085050|954.49
1788742255|20260907085055|954.49
1788742270|20260907085110|954.54
1788742275|20260907085115|954.45
1788742280|20260907085120|954.47
1788742285|20260907085125|954.56
1788742300|20260907085140|954.57
1788742305|20260907085145|954.66
1788742310|20260907085150|954.73
1788742315|20260907085155|954.74
1788742325|20260907085205|954.81
1788742330|20260907085210|954.70
1788742335|20260907085215|954.72
1788742340|20260907085220|954.70
1788742345|20260907085225|954.62
1788742355|20260907085235|954.59
1788742360|20260907085240|954.66
1788742365|20260907085245|954.59
1788742370|20260907085250|954.64
1788742375|20260907085255|954.74
1788742385|20260907085305|954.64
1788742390|20260907085310|954.59
1788742395|20260907085315|954.53
1788742400|20260907085320|954.52
1788742405|20260907085325|954.53
1788742415|20260907085335|954.51
1788742425|20260907085345|954.55
1788742430|20260907085350|954.47
1788742435|20260907085355|954.40
1788742440|20260907085400|954.41
1788742445|20260907085405|954.39
1788742450|20260907085410|954.46
1788742455|20260907085415|954.36
1788742460|20260907085420|954.40
1788742465|20260907085425|954.25
1788742500|20260907085500|954.29
1788742510|20260907085510|954.21
1788742515|20260907085515|954.02
1788742525|20260907085525|954.07
1788742540|20260907085540|954.17
1788742545|20260907085545|954.09
1788742555|20260907085555|954.12
1788742565|20260907085605|953.91
1788742570|20260907085610|953.73
1788742575|20260907085615|953.77
1788742580|20260907085620|953.64
1788742585|20260907085625|953.62
1788742595|20260907085635|953.43
1788742600|20260907085640|953.60
1788742605|20260907085645|953.57
1788742610|20260907085650|953.27
1788742615|20260907085655|953.16
1788742625|20260907085705|952.68
1788742630|20260907085710|952.61
1788742635|20260907085715|952.39
1788742640|20260907085720|952.42
1788742645|20260907085725|952.39
1788742655|20260907085735|952.39
1788742660|20260907085740|952.42
1788742665|20260907085745|952.71
1788742670|20260907085750|952.69
1788742675|20260907085755|952.48
1788742685|20260907085805|951.99
1788742690|20260907085810|952.18
1788742695|20260907085815|952.35
1788742700|20260907085820|952.30
1788742705|20260907085825|952.13
1788742715|20260907085835|952.12
1788742720|20260907085840|952.16
1788742725|20260907085845|952.26
1788742730|20260907085850|952.13
1788742735|20260907085855|952.19
1788742745|20260907085905|952.15
1788742750|20260907085910|952.40
1788742755|20260907085915|952.49
1788742760|20260907085920|952.70
1788742765|20260907085925|952.61
1788742800|20260907090000|952.14
1788742805|20260907090005|951.08
1788742810|20260907090010|951.52
1788742820|20260907090020|951.58
1788742840|20260907090040|952.08
1788742845|20260907090045|951.98
1788742850|20260907090050|951.81
1788742865|20260907090105|951.77
1788742870|20260907090110|951.94
1788742875|20260907090115|951.66
1788742880|20260907090120|951.87
1788742885|20260907090125|951.80
1788742895|20260907090135|951.97
1788742900|20260907090140|952.37
1788742905|20260907090145|952.15
1788742910|20260907090150|952.03
1788742915|20260907090155|952.32
1788742930|20260907090210|952.35
1788742940|20260907090220|952.42
1788742945|20260907090225|952.69
1788742955|20260907090235|952.42
1788742960|20260907090240|952.73
1788742965|20260907090245|952.72
1788742985|20260907090305|952.52
1788742990|20260907090310|952.54
1788742995|20260907090315|952.18
1788743000|20260907090320|951.79
1788743005|20260907090325|951.70
1788743015|20260907090335|951.60
1788743020|20260907090340|951.72
1788743025|20260907090345|951.65
1788743035|20260907090355|951.50
1788743045|20260907090405|951.98
1788743050|20260907090410|951.93
1788743055|20260907090415|952.09
1788743060|20260907090420|951.70
1788743065|20260907090425|951.59
1788743105|20260907090505|951.85
1788743110|20260907090510|951.91
1788743115|20260907090515|951.96
1788743120|20260907090520|952.25
1788743125|20260907090525|952.09
1788743135|20260907090535|951.96
1788743140|20260907090540|951.98
1788743145|20260907090545|951.91
1788743165|20260907090605|951.66
1788743175|20260907090615|951.40
1788743180|20260907090620|951.03
1788743185|20260907090625|950.88
1788743195|20260907090635|951.24
1788743200|20260907090640|951.10
1788743205|20260907090645|951.05
1788743210|20260907090650|951.06
1788743215|20260907090655|950.94
1788743220|20260907090700|950.93
1788743225|20260907090705|951.00
1788743230|20260907090710|950.94
1788743240|20260907090720|950.57
1788743245|20260907090725|950.47
1788743260|20260907090740|950.48
1788743275|20260907090755|950.93
1788743280|20260907090800|950.86
1788743295|20260907090815|950.72
1788743300|20260907090820|950.59
1788743305|20260907090825|950.73
1788743320|20260907090840|950.95
1788743325|20260907090845|950.67
1788743330|20260907090850|950.63
1788743335|20260907090855|950.65
1788743340|20260907090900|950.47
1788743345|20260907090905|950.43
1788743350|20260907090910|950.20
1788743355|20260907090915|950.09
1788743365|20260907090925|949.98
1788743405|20260907091005|950.11
1788743410|20260907091010|950.02
1788743415|20260907091015|950.12
1788743420|20260907091020|950.05
1788743440|20260907091040|950.48
1788743445|20260907091045|950.70
1788743450|20260907091050|950.64
1788743465|20260907091105|950.90
1788743475|20260907091115|950.53
1788743480|20260907091120|950.63
1788743485|20260907091125|950.78
1788743495|20260907091135|950.31
1788743500|20260907091140|950.42
1788743505|20260907091145|950.24
1788743510|20260907091150|950.19
1788743520|20260907091200|949.96
1788743525|20260907091205|949.76
1788743530|20260907091210|949.59
1788743535|20260907091215|949.56
1788743540|20260907091220|949.50
1788743545|20260907091225|949.41
1788743555|20260907091235|949.47
1788743560|20260907091240|949.47
1788743565|20260907091245|949.51
1788743570|20260907091250|949.39
1788743575|20260907091255|949.36
1788743580|20260907091300|949.36
1788743585|20260907091305|949.04
1788743590|20260907091310|949.17
1788743595|20260907091315|949.18
1788743620|20260907091340|948.55
1788743625|20260907091345|948.63
1788743630|20260907091350|948.56
1788743645|20260907091405|948.51
1788743650|20260907091410|948.62
1788743655|20260907091415|948.47
1788743660|20260907091420|948.59
1788743665|20260907091425|948.75
1788743700|20260907091500|949.37
1788743705|20260907091505|949.31
1788743710|20260907091510|949.06
1788743715|20260907091515|949.13
1788743720|20260907091520|949.35
1788743725|20260907091525|949.14
1788743735|20260907091535|949.16
1788743740|20260907091540|949.07
1788743750|20260907091550|948.75
1788743755|20260907091555|948.66
1788743760|20260907091600|948.79
1788743765|20260907091605|948.76
1788743770|20260907091610|948.68
1788743775|20260907091615|948.68
1788743780|20260907091620|948.81
1788743795|20260907091635|948.86
1788743800|20260907091640|948.85
1788743810|20260907091650|948.67
1788743815|20260907091655|948.83
1788743820|20260907091700|948.49
1788743825|20260907091705|948.67
1788743830|20260907091710|948.70
1788743835|20260907091715|948.66
1788743840|20260907091720|948.57
1788743855|20260907091735|948.59
1788743860|20260907091740|948.51
1788743865|20260907091745|948.42
1788743870|20260907091750|948.43
1788743875|20260907091755|948.27
1788743885|20260907091805|948.36
1788743890|20260907091810|948.28
1788743895|20260907091815|948.26
1788743900|20260907091820|948.18
1788743905|20260907091825|948.07
1788743920|20260907091840|947.96
1788743925|20260907091845|947.70
1788743930|20260907091850|947.72
1788743935|20260907091855|947.61
1788743950|20260907091910|947.71
1788743960|20260907091920|948.05
1788743965|20260907091925|948.24
1788743980|20260907091940|947.99
1788744005|20260907092005|948.09
1788744010|20260907092010|947.93
1788744015|20260907092015|947.80
1788744020|20260907092020|947.82
1788744025|20260907092025|947.85
1788744035|20260907092035|948.02
1788744040|20260907092040|948.05
1788744045|20260907092045|948.09
1788744050|20260907092050|948.00
1788744055|20260907092055|947.91
1788744060|20260907092100|947.79
1788744065|20260907092105|947.63
1788744075|20260907092115|947.37
1788744085|20260907092125|947.48
1788744095|20260907092135|947.76
1788744100|20260907092140|947.81
1788744105|20260907092145|948.00
1788744120|20260907092200|947.90
1788744135|20260907092215|947.68
1788744140|20260907092220|947.87
1788744145|20260907092225|947.83
1788744165|20260907092245|948.08
1788744170|20260907092250|948.03
1788744185|20260907092305|948.34
1788744190|20260907092310|948.45
1788744195|20260907092315|948.46
1788744200|20260907092320|948.61
1788744205|20260907092325|948.41
1788744215|20260907092335|948.31
1788744220|20260907092340|948.36
1788744225|20260907092345|948.40
1788744230|20260907092350|948.34
1788744235|20260907092355|948.35
1788744250|20260907092410|948.14
1788744255|20260907092415|948.18
1788744260|20260907092420|948.37
1788744300|20260907092500|948.60
1788744305|20260907092505|948.51
1788744310|20260907092510|948.61
1788744315|20260907092515|948.74
1788744320|20260907092520|948.79
1788744325|20260907092525|948.73
1788744335|20260907092535|948.56
1788744340|20260907092540|948.27
1788744345|20260907092545|948.30
1788744350|20260907092550|948.24
1788744365|20260907092605|948.30
1788744370|20260907092610|948.30
1788744375|20260907092615|948.37
1788744380|20260907092620|948.55
1788744385|20260907092625|948.64
1788744395|20260907092635|948.60
1788744400|20260907092640|948.72
1788744405|20260907092645|948.89
1788744410|20260907092650|949.08
1788744415|20260907092655|949.18
1788744420|20260907092700|949.23
1788744425|20260907092705|949.22
1788744435|20260907092715|949.32
1788744440|20260907092720|949.41
1788744445|20260907092725|949.41
1788744455|20260907092735|949.64
1788744465|20260907092745|949.70
1788744470|20260907092750|949.78
1788744475|20260907092755|949.82
1788744480|20260907092800|949.91
1788744485|20260907092805|949.91
1788744490|20260907092810|949.94
1788744495|20260907092815|950.05
1788744500|20260907092820|950.08
1788744505|20260907092825|950.05
1788744525|20260907092845|949.96
1788744530|20260907092850|950.00
1788744535|20260907092855|949.98
1788744540|20260907092900|949.90
1788744545|20260907092905|949.97
1788744550|20260907092910|949.94
1788744555|20260907092915|949.92
1788744560|20260907092920|949.91
1788744565|20260907092925|950.00
1788744605|20260907093005|950.21
1788744610|20260907093010|950.20
1788744615|20260907093015|950.16
1788744620|20260907093020|950.28
1788744625|20260907093025|950.22
1788744635|20260907093035|949.89
1788744640|20260907093040|949.99
1788744645|20260907093045|949.90
1788744650|20260907093050|949.92
1788744655|20260907093055|950.11
1788744660|20260907093100|950.17
1788744665|20260907093105|950.22
1788744680|20260907093120|950.27
1788744685|20260907093125|950.52
1788744695|20260907093135|950.69
1788744715|20260907093155|950.68
1788744720|20260907093200|950.46
1788744725|20260907093205|950.55
1788744730|20260907093210|950.41
1788744735|20260907093215|950.48
1788744740|20260907093220|950.49
1788744745|20260907093225|950.43
1788744755|20260907093235|950.65
1788744765|20260907093245|950.79
1788744770|20260907093250|950.90
1788744780|20260907093300|951.21
1788744785|20260907093305|951.39
1788744790|20260907093310|951.40
1788744795|20260907093315|951.31
1788744800|20260907093320|951.55
1788744805|20260907093325|951.57
1788744815|20260907093335|951.75
1788744820|20260907093340|951.81
1788744825|20260907093345|951.73
1788744830|20260907093350|951.69
1788744840|20260907093400|951.16
1788744845|20260907093405|951.17
1788744855|20260907093415|951.42
1788744860|20260907093420|951.39
1788744895|20260907093455|951.35
1788744900|20260907093500|951.26
1788744905|20260907093505|951.37
1788744910|20260907093510|951.21
1788744920|20260907093520|951.03
1788744945|20260907093545|951.17
1788744950|20260907093550|951.13
1788744965|20260907093605|951.10
1788744970|20260907093610|950.94
1788744980|20260907093620|951.07
1788744995|20260907093635|951.07
1788745000|20260907093640|950.93
1788745005|20260907093645|951.05
1788745010|20260907093650|951.20
1788745025|20260907093705|951.14
1788745030|20260907093710|951.18
1788745040|20260907093720|951.33
1788745045|20260907093725|951.33
1788745055|20260907093735|951.29
1788745060|20260907093740|951.37
1788745065|20260907093745|951.42
1788745070|20260907093750|951.34
1788745085|20260907093805|951.38
1788745090|20260907093810|951.49
1788745100|20260907093820|951.77
1788745105|20260907093825|951.79
1788745130|20260907093850|951.83
1788745135|20260907093855|951.80
1788745145|20260907093905|951.92
1788745150|20260907093910|951.99
1788745155|20260907093915|952.04
1788745160|20260907093920|951.95
1788745165|20260907093925|952.05
1788745180|20260907093940|952.17
1788745205|20260907094005|952.16
1788745210|20260907094010|952.10
1788745215|20260907094015|952.07
1788745220|20260907094020|952.05
1788745225|20260907094025|951.86
1788745235|20260907094035|951.70
1788745240|20260907094040|951.67
1788745245|20260907094045|951.60
1788745250|20260907094050|951.65
1788745255|20260907094055|951.59
1788745265|20260907094105|951.56
1788745270|20260907094110|951.61
1788745275|20260907094115|951.56
1788745280|20260907094120|951.69
1788745285|20260907094125|951.66
1788745295|20260907094135|951.71
1788745310|20260907094150|951.42
1788745315|20260907094155|951.38
1788745325|20260907094205|951.41
1788745330|20260907094210|951.42
1788745335|20260907094215|951.48
1788745340|20260907094220|951.53
1788745345|20260907094225|951.53
1788745355|20260907094235|951.48
1788745360|20260907094240|951.45
1788745365|20260907094245|951.55
1788745370|20260907094250|951.50
1788745375|20260907094255|951.75
1788745385|20260907094305|951.71
1788745400|20260907094320|951.61
1788745405|20260907094325|951.45
1788745415|20260907094335|951.66
1788745425|20260907094345|951.67
1788745430|20260907094350|951.51
1788745435|20260907094355|951.58
1788745445|20260907094405|951.48
1788745455|20260907094415|951.44
1788745460|20260907094420|951.32
1788745465|20260907094425|951.31
1788745480|20260907094440|951.49
1788745505|20260907094505|951.57
1788745510|20260907094510|951.67
1788745520|20260907094520|951.57
1788745525|20260907094525|951.59
1788745535|20260907094535|951.62
1788745540|20260907094540|951.59
1788745545|20260907094545|951.58
1788745555|20260907094555|951.66
1788745565|20260907094605|951.62
1788745570|20260907094610|951.60
1788745575|20260907094615|951.62
1788745580|20260907094620|951.66
1788745595|20260907094635|951.67
1788745605|20260907094645|951.68
1788745610|20260907094650|951.81
1788745625|20260907094705|952.22
1788745630|20260907094710|952.02
1788745640|20260907094720|951.93
1788745655|20260907094735|951.99
1788745660|20260907094740|951.99
1788745665|20260907094745|951.95
1788745675|20260907094755|951.96
1788745690|20260907094810|951.88
1788745695|20260907094815|951.86
1788745700|20260907094820|951.81
1788745705|20260907094825|951.64
1788745715|20260907094835|951.67
1788745725|20260907094845|951.76
1788745735|20260907094855|951.93
1788745745|20260907094905|951.89
1788745750|20260907094910|951.82
1788745755|20260907094915|951.84
1788745760|20260907094920|951.79
1788745765|20260907094925|951.85
1788745810|20260907095010|951.62
1788745815|20260907095015|951.73
1788745820|20260907095020|951.78
1788745835|20260907095035|951.54
1788745840|20260907095040|951.46
1788745845|20260907095045|951.52
1788745850|20260907095050|951.58
1788745865|20260907095105|951.63
1788745870|20260907095110|951.70
1788745880|20260907095120|951.60
1788745885|20260907095125|951.59
1788745900|20260907095140|951.84
1788745910|20260907095150|951.64
1788745915|20260907095155|951.79
1788745925|20260907095205|952.13
1788745935|20260907095215|952.47
1788745940|20260907095220|952.56
1788745960|20260907095240|952.46
1788745970|20260907095250|952.61
1788745975|20260907095255|952.65
1788745985|20260907095305|952.63
1788745995|20260907095315|952.63
1788746000|20260907095320|952.67
1788746005|20260907095325|952.66
1788746015|20260907095335|952.38
1788746020|20260907095340|952.30
1788746025|20260907095345|952.67
1788746030|20260907095350|952.82
1788746045|20260907095405|952.88
1788746060|20260907095420|952.84
1788746065|20260907095425|952.84
1788746105|20260907095505|952.42
1788746115|20260907095515|952.43
1788746120|20260907095520|952.49
1788746125|20260907095525|952.41
1788746135|20260907095535|952.53
1788746140|20260907095540|952.59
1788746145|20260907095545|952.52
1788746150|20260907095550|952.51
1788746155|20260907095555|952.46
1788746165|20260907095605|952.45
1788746175|20260907095615|952.38
1788746180|20260907095620|952.28
1788746185|20260907095625|952.17
1788746195|20260907095635|952.14
1788746200|20260907095640|952.11
1788746210|20260907095650|952.00
1788746215|20260907095655|951.96
1788746225|20260907095705|952.04
1788746230|20260907095710|951.99
1788746235|20260907095715|951.98
1788746240|20260907095720|952.04
1788746245|20260907095725|951.98
1788746255|20260907095735|951.99
1788746260|20260907095740|952.12
1788746270|20260907095750|952.09
1788746275|20260907095755|952.20
1788746285|20260907095805|952.15
1788746290|20260907095810|952.15
1788746295|20260907095815|952.17
1788746300|20260907095820|952.16
1788746315|20260907095835|951.85
1788746320|20260907095840|951.76
1788746325|20260907095845|951.66
1788746330|20260907095850|951.76
1788746335|20260907095855|951.79
1788746345|20260907095905|951.80
1788746350|20260907095910|951.70
1788746355|20260907095915|951.68
1788746365|20260907095925|951.61
1788746380|20260907095940|951.71
1788746400|20260907100000|951.49
1788746405|20260907100005|951.65
1788746410|20260907100010|951.66
1788746415|20260907100015|951.77
1788746420|20260907100020|951.73
1788746425|20260907100025|951.66
1788746430|20260907100030|951.54
1788746435|20260907100035|951.48
1788746440|20260907100040|951.39
1788746445|20260907100045|951.46
1788746450|20260907100050|951.40
1788746455|20260907100055|951.39
1788746465|20260907100105|951.36
1788746470|20260907100110|951.44
1788746480|20260907100120|951.39
1788746485|20260907100125|951.41
1788746490|20260907100130|951.45
1788746495|20260907100135|951.42
1788746500|20260907100140|951.02
1788746505|20260907100145|951.10
1788746510|20260907100150|950.89
1788746515|20260907100155|950.78
1788746525|20260907100205|950.83
1788746530|20260907100210|950.87
1788746535|20260907100215|950.90
1788746545|20260907100225|950.92
1788746555|20260907100235|951.08
1788746560|20260907100240|950.96
1788746565|20260907100245|951.06
1788746570|20260907100250|951.01
1788746575|20260907100255|951.03
1788746590|20260907100310|950.90
1788746595|20260907100315|950.80
1788746600|20260907100320|950.83
1788746615|20260907100335|950.80
1788746620|20260907100340|950.80
1788746625|20260907100345|951.00
1788746635|20260907100355|951.18
1788746645|20260907100405|951.07
1788746650|20260907100410|951.22
1788746655|20260907100415|951.23
1788746660|20260907100420|951.22
1788746665|20260907100425|951.18
1788746705|20260907100505|951.18
1788746710|20260907100510|951.16
1788746715|20260907100515|951.03
1788746720|20260907100520|950.94
1788746725|20260907100525|950.81
1788746735|20260907100535|951.01
1788746740|20260907100540|950.98
1788746745|20260907100545|951.12
1788746750|20260907100550|951.17
1788746755|20260907100555|951.13
1788746765|20260907100605|951.17
1788746770|20260907100610|951.08
1788746775|20260907100615|951.15
1788746785|20260907100625|950.82
1788746790|20260907100630|950.79
1788746795|20260907100635|950.77
1788746800|20260907100640|950.79
1788746815|20260907100655|950.87
1788746820|20260907100700|950.82
1788746825|20260907100705|950.85
1788746830|20260907100710|950.89
1788746835|20260907100715|950.82
1788746840|20260907100720|950.79
1788746845|20260907100725|950.76
1788746850|20260907100730|950.71
1788746855|20260907100735|950.78
1788746860|20260907100740|950.71
1788746865|20260907100745|950.72
1788746870|20260907100750|950.73
1788746875|20260907100755|950.75
1788746880|20260907100800|950.73
1788746885|20260907100805|950.73
1788746890|20260907100810|950.71
1788746900|20260907100820|950.57
1788746905|20260907100825|950.69
1788746915|20260907100835|950.69
1788746920|20260907100840|950.62
1788746925|20260907100845|950.61
1788746935|20260907100855|950.68
1788746945|20260907100905|950.60
1788746955|20260907100915|950.50
1788746965|20260907100925|950.37
1788746995|20260907100955|950.61
1788747000|20260907101000|950.69
1788747005|20260907101005|950.58
1788747010|20260907101010|950.58
1788747015|20260907101015|950.49
1788747020|20260907101020|950.36
1788747025|20260907101025|950.49
1788747035|20260907101035|950.59
1788747040|20260907101040|950.59
1788747045|20260907101045|950.49
1788747050|20260907101050|950.51
1788747055|20260907101055|950.56
1788747065|20260907101105|950.66
1788747070|20260907101110|950.79
1788747075|20260907101115|950.75
1788747080|20260907101120|950.81
1788747085|20260907101125|950.83
1788747095|20260907101135|950.87
1788747100|20260907101140|950.89
1788747105|20260907101145|950.91
1788747110|20260907101150|950.87
1788747115|20260907101155|950.91
1788747125|20260907101205|950.77
1788747130|20260907101210|950.82
1788747135|20260907101215|950.76
1788747140|20260907101220|950.78
1788747145|20260907101225|950.77
1788747155|20260907101235|950.67
1788747160|20260907101240|950.71
1788747165|20260907101245|950.79
1788747170|20260907101250|950.76
1788747175|20260907101255|950.86
1788747185|20260907101305|950.66
1788747190|20260907101310|950.72
1788747195|20260907101315|950.72
1788747200|20260907101320|950.70
1788747205|20260907101325|950.78
1788747220|20260907101340|950.60
1788747225|20260907101345|950.51
1788747230|20260907101350|950.50
1788747235|20260907101355|950.41
1788747245|20260907101405|950.44
1788747250|20260907101410|950.47
1788747255|20260907101415|950.47
1788747260|20260907101420|950.55
1788747265|20260907101425|950.50
1788747295|20260907101455|950.37
1788747305|20260907101505|950.50
1788747315|20260907101515|950.54
1788747320|20260907101520|950.47
1788747325|20260907101525|950.47
1788747335|20260907101535|950.46
1788747340|20260907101540|950.37
1788747345|20260907101545|950.44
1788747350|20260907101550|950.42
1788747355|20260907101555|950.43
1788747365|20260907101605|950.44
1788747375|20260907101615|950.47
1788747380|20260907101620|950.51
1788747385|20260907101625|950.40
1788747395|20260907101635|950.50
1788747400|20260907101640|950.50
1788747405|20260907101645|950.59
1788747410|20260907101650|950.63
1788747415|20260907101655|950.66
1788747425|20260907101705|950.68
1788747430|20260907101710|950.64
1788747435|20260907101715|950.65
1788747445|20260907101725|950.59
1788747460|20260907101740|950.80
1788747465|20260907101745|950.85
1788747470|20260907101750|950.89
1788747475|20260907101755|950.89
1788747485|20260907101805|950.96
1788747490|20260907101810|950.93
1788747495|20260907101815|951.01
1788747500|20260907101820|950.92
1788747505|20260907101825|951.01
1788747515|20260907101835|950.94
1788747520|20260907101840|950.96
1788747530|20260907101850|950.97
1788747535|20260907101855|950.98
1788747545|20260907101905|951.03
1788747560|20260907101920|950.98
1788747565|20260907101925|950.94
1788747605|20260907102005|951.10
1788747615|20260907102015|951.34
1788747620|20260907102020|951.31
1788747625|20260907102025|951.25
1788747635|20260907102035|951.36
1788747640|20260907102040|951.37
1788747645|20260907102045|951.39
1788747650|20260907102050|951.29
1788747655|20260907102055|951.35
1788747660|20260907102100|951.28
1788747665|20260907102105|951.24
1788747670|20260907102110|951.23
1788747675|20260907102115|951.19
1788747680|20260907102120|951.19
1788747685|20260907102125|951.22
1788747695|20260907102135|951.05
1788747700|20260907102140|951.13
1788747705|20260907102145|951.08
1788747710|20260907102150|951.12
1788747715|20260907102155|951.10
1788747720|20260907102200|951.13
1788747725|20260907102205|951.10
1788747730|20260907102210|951.11
1788747735|20260907102215|951.14
1788747740|20260907102220|951.07
1788747745|20260907102225|951.07
1788747755|20260907102235|951.17
1788747760|20260907102240|951.36
1788747765|20260907102245|951.36
1788747770|20260907102250|951.46
1788747775|20260907102255|951.46
1788747785|20260907102305|951.40
1788747795|20260907102315|951.39
1788747800|20260907102320|951.34
1788747805|20260907102325|951.34
1788747815|20260907102335|951.40
1788747825|20260907102345|951.49
1788747830|20260907102350|951.45
1788747845|20260907102405|951.51
1788747850|20260907102410|951.55
1788747855|20260907102415|951.58
1788747860|20260907102420|951.54
1788747865|20260907102425|951.52
1788747905|20260907102505|951.53
1788747910|20260907102510|951.57
1788747915|20260907102515|951.45
1788747920|20260907102520|951.44
1788747925|20260907102525|951.39
1788747935|20260907102535|951.40
1788747950|20260907102550|951.42
1788747955|20260907102555|951.41
1788747960|20260907102600|951.41
1788747965|20260907102605|951.41
1788747970|20260907102610|951.40
1788747980|20260907102620|951.43
1788747985|20260907102625|951.50
1788747995|20260907102635|951.48
1788748000|20260907102640|951.53
1788748005|20260907102645|951.59
1788748015|20260907102655|951.45
1788748020|20260907102700|951.47
1788748025|20260907102705|951.33
1788748030|20260907102710|951.30
1788748045|20260907102725|951.34
1788748060|20260907102740|951.36
1788748065|20260907102745|951.31
1788748070|20260907102750|951.31
1788748075|20260907102755|951.27
1788748080|20260907102800|951.30
1788748090|20260907102810|951.25
1788748095|20260907102815|951.27
1788748100|20260907102820|951.45
1788748120|20260907102840|951.36
1788748140|20260907102900|951.47
1788748145|20260907102905|951.39
1788748150|20260907102910|951.38
1788748160|20260907102920|951.36
1788748165|20260907102925|951.20
1788748205|20260907103005|951.50
1788748210|20260907103010|951.19
1788748220|20260907103020|951.52
1788748240|20260907103040|951.49
1788748245|20260907103045|951.78
1788748250|20260907103050|951.82
1788748255|20260907103055|952.21
1788748265|20260907103105|952.09
1788748270|20260907103110|952.03
1788748275|20260907103115|952.07
1788748280|20260907103120|952.12
1788748285|20260907103125|952.28
1788748295|20260907103135|952.36
1788748305|20260907103145|952.42
1788748325|20260907103205|952.42
1788748330|20260907103210|952.23
1788748335|20260907103215|952.19
1788748340|20260907103220|952.13
1788748345|20260907103225|952.05
1788748355|20260907103235|952.03
1788748360|20260907103240|951.98
1788748365|20260907103245|951.96
1788748370|20260907103250|952.03
1788748375|20260907103255|952.01
1788748380|20260907103300|952.02
1788748385|20260907103305|952.04
1788748390|20260907103310|952.38
1788748395|20260907103315|952.55
1788748405|20260907103325|952.45
1788748420|20260907103340|952.18
1788748430|20260907103350|952.05
1788748440|20260907103400|952.58
1788748445|20260907103405|952.68
1788748450|20260907103410|952.67
1788748455|20260907103415|952.65
1788748460|20260907103420|952.48
1788748500|20260907103500|952.65
1788748505|20260907103505|952.76
1788748510|20260907103510|952.86
1788748520|20260907103520|952.85
1788748525|20260907103525|952.93
1788748535|20260907103535|952.71
1788748540|20260907103540|952.63
1788748545|20260907103545|952.62
1788748550|20260907103550|952.80
1788748555|20260907103555|952.75
1788748560|20260907103600|952.72
1788748565|20260907103605|952.68
1788748570|20260907103610|952.66
1788748575|20260907103615|952.61
1788748580|20260907103620|952.52
1788748585|20260907103625|952.44
1788748605|20260907103645|952.47
1788748610|20260907103650|952.42
1788748615|20260907103655|952.40
1788748625|20260907103705|952.62
1788748630|20260907103710|952.56
1788748635|20260907103715|952.63
1788748645|20260907103725|952.66
1788748655|20260907103735|952.81
1788748660|20260907103740|952.81
1788748665|20260907103745|952.94
1788748670|20260907103750|952.94
1788748685|20260907103805|953.27
1788748690|20260907103810|953.25
1788748695|20260907103815|953.24
1788748700|20260907103820|953.13
1788748705|20260907103825|953.21
1788748715|20260907103835|953.24
1788748720|20260907103840|953.09
1788748725|20260907103845|953.12
1788748730|20260907103850|953.02
1788748735|20260907103855|953.11
1788748740|20260907103900|953.16
1788748745|20260907103905|953.12
1788748750|20260907103910|953.10
1788748755|20260907103915|953.14
1788748765|20260907103925|953.15
1788748805|20260907104005|953.48
1788748810|20260907104010|953.51
1788748815|20260907104015|953.37
1788748820|20260907104020|953.36
1788748825|20260907104025|953.22
1788748835|20260907104035|953.24
1788748840|20260907104040|953.19
1788748845|20260907104045|953.26
1788748850|20260907104050|953.28
1788748855|20260907104055|953.29
1788748865|20260907104105|953.37
1788748870|20260907104110|953.31
1788748875|20260907104115|953.45
1788748880|20260907104120|953.48
1788748900|20260907104140|953.47
1788748905|20260907104145|953.45
1788748910|20260907104150|953.48
1788748915|20260907104155|953.33
1788748920|20260907104200|953.40
1788748925|20260907104205|953.40
1788748930|20260907104210|953.43
1788748935|20260907104215|953.41
1788748940|20260907104220|953.45
1788748945|20260907104225|953.28
1788748955|20260907104235|953.00
1788748960|20260907104240|952.97
1788748965|20260907104245|952.92
1788748970|20260907104250|952.81
1788748975|20260907104255|952.87
1788748980|20260907104300|952.83
1788748985|20260907104305|952.89
1788748990|20260907104310|952.93
1788748995|20260907104315|952.76
1788749000|20260907104320|952.76
1788749005|20260907104325|952.71
1788749015|20260907104335|952.76
1788749035|20260907104355|952.76
1788749045|20260907104405|952.80
1788749050|20260907104410|952.76
1788749055|20260907104415|953.01
1788749060|20260907104420|952.94
1788749065|20260907104425|952.95
1788749100|20260907104500|952.89
1788749105|20260907104505|952.87
1788749110|20260907104510|952.61
1788749120|20260907104520|952.73
1788749125|20260907104525|952.65
1788749130|20260907104530|952.67
1788749140|20260907104540|952.88
1788749145|20260907104545|952.87
1788749150|20260907104550|952.95
1788749155|20260907104555|952.92
1788749165|20260907104605|952.89
1788749170|20260907104610|952.94
1788749175|20260907104615|953.06
1788749180|20260907104620|952.99
1788749185|20260907104625|952.94
1788749195|20260907104635|953.12
1788749200|20260907104640|953.14
1788749205|20260907104645|953.10
1788749210|20260907104650|953.13
1788749220|20260907104700|953.21
1788749230|20260907104710|953.37
1788749235|20260907104715|953.43
1788749240|20260907104720|953.51
1788749245|20260907104725|953.27
1788749260|20260907104740|953.51
1788749265|20260907104745|953.61
1788749270|20260907104750|953.59
1788749275|20260907104755|953.59
1788749280|20260907104800|953.73
1788749285|20260907104805|953.62
1788749290|20260907104810|953.56
1788749295|20260907104815|953.47
1788749300|20260907104820|953.56
1788749305|20260907104825|953.46
1788749315|20260907104835|953.37
1788749325|20260907104845|953.32
1788749330|20260907104850|953.30
1788749335|20260907104855|953.36
1788749345|20260907104905|953.22
1788749350|20260907104910|953.00
1788749355|20260907104915|953.02
1788749360|20260907104920|953.15
1788749365|20260907104925|953.16
1788749385|20260907104945|953.33
1788749405|20260907105005|953.31
1788749410|20260907105010|953.33
1788749415|20260907105015|953.39
1788749420|20260907105020|953.34
1788749425|20260907105025|953.27
1788749440|20260907105040|953.27
1788749445|20260907105045|953.34
1788749450|20260907105050|953.39
1788749455|20260907105055|953.33
1788749465|20260907105105|953.31
1788749470|20260907105110|953.34
1788749475|20260907105115|953.34
1788749480|20260907105120|953.36
1788749485|20260907105125|953.30
1788749495|20260907105135|953.20
1788749500|20260907105140|953.10
1788749505|20260907105145|952.79
1788749510|20260907105150|952.78
1788749525|20260907105205|952.92
1788749530|20260907105210|952.98
1788749535|20260907105215|953.02
1788749540|20260907105220|952.98
1788749545|20260907105225|952.99
1788749555|20260907105235|953.03
1788749560|20260907105240|953.03
1788749565|20260907105245|953.10
1788749570|20260907105250|953.12
1788749575|20260907105255|952.99
1788749585|20260907105305|952.94
1788749590|20260907105310|953.02
1788749600|20260907105320|952.82
1788749605|20260907105325|952.82
1788749615|20260907105335|952.83
1788749620|20260907105340|952.80
1788749625|20260907105345|952.71
1788749630|20260907105350|952.74
1788749635|20260907105355|952.65
1788749640|20260907105400|952.72
1788749645|20260907105405|952.59
1788749650|20260907105410|952.54
1788749655|20260907105415|952.63
1788749660|20260907105420|952.67
1788749665|20260907105425|952.70
1788749705|20260907105505|952.64
1788749710|20260907105510|952.72
1788749715|20260907105515|952.70
1788749720|20260907105520|952.61
1788749725|20260907105525|952.56
1788749735|20260907105535|952.58
1788749740|20260907105540|952.57
1788749745|20260907105545|952.54
1788749750|20260907105550|952.42
1788749755|20260907105555|952.45
1788749765|20260907105605|952.51
1788749770|20260907105610|952.51
1788749775|20260907105615|952.48
1788749780|20260907105620|952.29
1788749785|20260907105625|952.28
1788749795|20260907105635|952.12
1788749800|20260907105640|952.17
1788749805|20260907105645|952.17
1788749810|20260907105650|952.17
1788749815|20260907105655|952.09
1788749820|20260907105700|951.93
1788749825|20260907105705|951.85
1788749830|20260907105710|952.03
1788749835|20260907105715|952.13
1788749840|20260907105720|952.04
1788749845|20260907105725|951.93
1788749855|20260907105735|952.04
1788749860|20260907105740|952.06
1788749870|20260907105750|951.86
1788749875|20260907105755|951.88
1788749885|20260907105805|951.88
1788749890|20260907105810|951.27
1788749895|20260907105815|951.51
1788749900|20260907105820|951.59
1788749905|20260907105825|951.65
1788749915|20260907105835|951.79
1788749920|20260907105840|951.76
1788749925|20260907105845|951.67
1788749930|20260907105850|951.73
1788749935|20260907105855|951.69
1788749945|20260907105905|951.62
1788749950|20260907105910|951.67
1788749955|20260907105915|951.74
1788749960|20260907105920|951.73
1788749965|20260907105925|951.77
1788749995|20260907105955|951.58
1788750005|20260907110005|951.46
1788750010|20260907110010|951.35
1788750015|20260907110015|951.32
1788750020|20260907110020|951.31
1788750035|20260907110035|951.41
1788750040|20260907110040|951.48
1788750045|20260907110045|951.54
1788750050|20260907110050|951.56
1788750055|20260907110055|951.63
1788750065|20260907110105|951.40
1788750070|20260907110110|951.31
1788750075|20260907110115|951.34
1788750080|20260907110120|951.26
1788750085|20260907110125|951.30
1788750095|20260907110135|951.27
1788750100|20260907110140|951.25
1788750105|20260907110145|951.29
1788750110|20260907110150|951.34
1788750115|20260907110155|951.26
1788750125|20260907110205|951.31
1788750130|20260907110210|951.33
1788750135|20260907110215|951.29
1788750140|20260907110220|951.27
1788750145|20260907110225|951.33
1788750155|20260907110235|951.29
1788750160|20260907110240|951.32
1788750165|20260907110245|951.37
1788750170|20260907110250|951.50
1788750175|20260907110255|951.45
1788750185|20260907110305|951.21
1788750190|20260907110310|951.31
1788750195|20260907110315|951.39
1788750200|20260907110320|951.38
1788750205|20260907110325|951.41
1788750215|20260907110335|951.45
1788750220|20260907110340|951.41
1788750225|20260907110345|951.36
1788750230|20260907110350|951.55
1788750235|20260907110355|951.55
1788750245|20260907110405|951.52
1788750250|20260907110410|951.40
1788750255|20260907110415|951.40
1788750260|20260907110420|951.30
1788750265|20260907110425|951.31
1788750305|20260907110505|951.53
1788750310|20260907110510|951.46
1788750315|20260907110515|951.53
1788750320|20260907110520|951.58
1788750325|20260907110525|951.55
1788750335|20260907110535|951.38
1788750340|20260907110540|951.48
1788750345|20260907110545|951.52
1788750350|20260907110550|951.48
1788750365|20260907110605|951.43
1788750370|20260907110610|951.36
1788750375|20260907110615|951.37
1788750380|20260907110620|951.44
1788750385|20260907110625|951.46
1788750395|20260907110635|951.34
1788750400|20260907110640|951.16
1788750405|20260907110645|951.11
1788750415|20260907110655|951.02
1788750425|20260907110705|950.91
1788750430|20260907110710|950.91
1788750435|20260907110715|950.94
1788750440|20260907110720|950.86
1788750445|20260907110725|950.90
1788750455|20260907110735|950.98
1788750460|20260907110740|951.09
1788750465|20260907110745|951.06
1788750470|20260907110750|951.01
1788750475|20260907110755|951.04
1788750485|20260907110805|950.96
1788750490|20260907110810|951.06
1788750495|20260907110815|951.00
1788750500|20260907110820|950.95
1788750505|20260907110825|950.96
1788750515|20260907110835|950.84
1788750520|20260907110840|950.79
1788750525|20260907110845|950.77
1788750530|20260907110850|950.84
1788750545|20260907110905|950.97
1788750550|20260907110910|950.97
1788750555|20260907110915|950.87
1788750560|20260907110920|950.85
1788750565|20260907110925|950.86
1788750580|20260907110940|950.90
1788750600|20260907111000|950.97
1788750605|20260907111005|950.88
1788750610|20260907111010|950.90
1788750615|20260907111015|950.91
1788750620|20260907111020|950.94
1788750625|20260907111025|951.00
1788750630|20260907111030|950.98
1788750640|20260907111040|950.90
1788750645|20260907111045|950.82
1788750650|20260907111050|950.79
1788750655|20260907111055|950.85
1788750665|20260907111105|951.03
1788750670|20260907111110|951.01
1788750675|20260907111115|950.97
1788750680|20260907111120|950.99
1788750685|20260907111125|951.06
1788750695|20260907111135|951.06
1788750700|20260907111140|950.99
1788750705|20260907111145|950.99
1788750710|20260907111150|950.94
1788750715|20260907111155|951.02
1788750730|20260907111210|951.18
1788750735|20260907111215|951.22
1788750740|20260907111220|951.23
1788750745|20260907111225|951.23
1788750750|20260907111230|951.22
1788750760|20260907111240|951.19
1788750765|20260907111245|951.20
1788750770|20260907111250|951.21
1788750775|20260907111255|951.15
1788750780|20260907111300|951.10
1788750785|20260907111305|951.08
1788750790|20260907111310|951.09
1788750795|20260907111315|951.17
1788750805|20260907111325|951.33
1788750815|20260907111335|951.32
1788750825|20260907111345|951.23
1788750830|20260907111350|951.24
1788750835|20260907111355|951.23
1788750840|20260907111400|951.24
1788750845|20260907111405|951.22
1788750850|20260907111410|951.32
1788750855|20260907111415|951.38
1788750865|20260907111425|951.38
1788750875|20260907111435|951.30
1788750880|20260907111440|951.34
1788750895|20260907111455|951.15
1788750900|20260907111500|951.20
1788750915|20260907111515|951.17
1788750920|20260907111520|951.26
1788750935|20260907111535|951.27
1788750940|20260907111540|951.23
1788750945|20260907111545|951.20
1788750950|20260907111550|951.24
1788750955|20260907111555|951.28
1788750960|20260907111600|951.15
1788750965|20260907111605|951.06
1788750970|20260907111610|951.14
1788750980|20260907111620|951.18
1788750985|20260907111625|951.19
1788750995|20260907111635|951.16
1788751000|20260907111640|951.15
1788751005|20260907111645|951.13
1788751010|20260907111650|951.10
1788751025|20260907111705|951.08
1788751030|20260907111710|951.08
1788751035|20260907111715|951.02
1788751040|20260907111720|951.00
1788751045|20260907111725|951.16
1788751055|20260907111735|951.15
1788751060|20260907111740|951.07
1788751065|20260907111745|951.00
1788751070|20260907111750|951.05
1788751080|20260907111800|950.99
1788751085|20260907111805|950.73
1788751090|20260907111810|950.72
1788751095|20260907111815|950.72
1788751100|20260907111820|950.70
1788751105|20260907111825|950.69
1788751115|20260907111835|950.50
1788751120|20260907111840|950.52
1788751125|20260907111845|950.64
1788751130|20260907111850|950.54
1788751135|20260907111855|950.61
1788751140|20260907111900|950.88
1788751145|20260907111905|951.06
1788751160|20260907111920|951.13
1788751180|20260907111940|951.00
1788751210|20260907112010|950.92
1788751220|20260907112020|950.98
1788751225|20260907112025|951.03
1788751235|20260907112035|951.18
1788751245|20260907112045|951.20
1788751255|20260907112055|951.29
1788751260|20260907112100|951.28
1788751275|20260907112115|951.30
1788751280|20260907112120|951.32
1788751295|20260907112135|951.30
1788751300|20260907112140|951.32
1788751305|20260907112145|951.38
1788751310|20260907112150|951.37
1788751315|20260907112155|951.59
1788751325|20260907112205|951.52
1788751335|20260907112215|951.38
1788751340|20260907112220|951.46
1788751345|20260907112225|951.49
1788751355|20260907112235|951.37
1788751360|20260907112240|951.34
1788751365|20260907112245|951.29
1788751370|20260907112250|951.35
1788751375|20260907112255|951.37
1788751385|20260907112305|951.47
1788751390|20260907112310|951.47
1788751395|20260907112315|951.44
1788751400|20260907112320|951.45
1788751405|20260907112325|951.44
1788751415|20260907112335|951.40
1788751420|20260907112340|951.36
1788751430|20260907112350|951.41
1788751435|20260907112355|951.42
1788751445|20260907112405|951.56
1788751455|20260907112415|951.53
1788751465|20260907112425|951.33
1788751490|20260907112450|951.33
1788751500|20260907112500|951.40
1788751505|20260907112505|951.47
1788751510|20260907112510|951.51
1788751515|20260907112515|951.52
1788751520|20260907112520|951.54
1788751525|20260907112525|951.36
1788751535|20260907112535|951.40
1788751540|20260907112540|951.39
1788751545|20260907112545|951.39
1788751550|20260907112550|951.39
1788751555|20260907112555|951.48
1788751565|20260907112605|951.54
1788751570|20260907112610|951.52
1788751575|20260907112615|951.54
1788751580|20260907112620|951.52
1788751585|20260907112625|951.52
1788751595|20260907112635|951.49
1788751600|20260907112640|951.49
1788751605|20260907112645|951.48
1788751610|20260907112650|951.46
1788751615|20260907112655|951.49
1788751625|20260907112705|951.53
1788751630|20260907112710|951.54
1788751635|20260907112715|951.49
1788751640|20260907112720|951.51
1788751645|20260907112725|951.50
1788751660|20260907112740|951.48
1788751665|20260907112745|951.47
1788751670|20260907112750|951.49
1788751675|20260907112755|951.48
1788751685|20260907112805|951.49
1788751695|20260907112815|951.49
1788751700|20260907112820|951.46
1788751705|20260907112825|951.37
1788751715|20260907112835|951.40
1788751720|20260907112840|951.45
1788751725|20260907112845|951.45
1788751730|20260907112850|951.43
1788751735|20260907112855|951.43
1788751745|20260907112905|951.46
1788751755|20260907112915|951.41
1788751760|20260907112920|951.40
1788751765|20260907112925|951.46
1788751795|20260907112955|951.41
1788751810|20260907113010|951.23
1788751815|20260907113015|951.23
1788751820|20260907113020|951.09
1788751825|20260907113025|951.05
1788751835|20260907113035|951.09
1788751840|20260907113040|951.08
1788751845|20260907113045|951.09
1788751850|20260907113050|951.39
1788751855|20260907113055|951.37
1788751865|20260907113105|951.27
1788751870|20260907113110|951.20
1788751880|20260907113120|951.20
1788751885|20260907113125|951.18
1788751895|20260907113135|951.14
1788751900|20260907113140|951.16
1788751905|20260907113145|951.03
1788751915|20260907113155|950.85
1788751925|20260907113205|950.97
1788751935|20260907113215|951.16
1788751940|20260907113220|951.16
1788751960|20260907113240|951.13
1788751965|20260907113245|951.10
1788751970|20260907113250|951.15
1788751975|20260907113255|951.24
1788751990|20260907113310|951.31
1788751995|20260907113315|951.17
1788752000|20260907113320|951.17
1788752005|20260907113325|951.13
1788752015|20260907113335|951.18
1788752020|20260907113340|951.14
1788752025|20260907113345|951.11
1788752030|20260907113350|951.11
1788752035|20260907113355|951.13
1788752045|20260907113405|951.03
1788752050|20260907113410|951.04
1788752055|20260907113415|951.08
1788752060|20260907113420|951.19
1788752065|20260907113425|951.21
1788752080|20260907113440|951.14
1788752105|20260907113505|951.19
1788752110|20260907113510|951.21
1788752115|20260907113515|951.31
1788752120|20260907113520|951.25
1788752125|20260907113525|951.22
1788752135|20260907113535|951.15
1788752140|20260907113540|951.13
1788752145|20260907113545|951.13
1788752150|20260907113550|951.18
1788752170|20260907113610|951.21
1788752175|20260907113615|951.02
1788752180|20260907113620|951.00
1788752185|20260907113625|950.93
1788752195|20260907113635|951.05
1788752200|20260907113640|951.08
1788752205|20260907113645|951.07
1788752235|20260907113715|951.14
1788752240|20260907113720|951.10
1788752245|20260907113725|951.03
1788752255|20260907113735|950.87
1788752260|20260907113740|950.87
1788752265|20260907113745|950.83
1788752270|20260907113750|950.87
1788752275|20260907113755|950.77
1788752285|20260907113805|950.60
1788752290|20260907113810|950.65
1788752300|20260907113820|950.57
1788752305|20260907113825|950.60
1788752315|20260907113835|950.60
1788752320|20260907113840|950.59
1788752325|20260907113845|950.64
1788752330|20260907113850|950.60
1788752350|20260907113910|950.63
1788752355|20260907113915|950.67
1788752360|20260907113920|950.64
1788752365|20260907113925|950.64
1788752400|20260907114000|950.61
1788752405|20260907114005|950.65
1788752410|20260907114010|950.63
1788752415|20260907114015|950.61
1788752420|20260907114020|950.67
1788752435|20260907114035|950.73
1788752440|20260907114040|950.68
1788752445|20260907114045|950.69
1788752450|20260907114050|950.71
1788752455|20260907114055|950.72
1788752465|20260907114105|950.73
1788752470|20260907114110|950.63
1788752485|20260907114125|950.58
1788752495|20260907114135|950.64
1788752505|20260907114145|950.59
1788752510|20260907114150|950.58
1788752515|20260907114155|950.60
1788752525|20260907114205|950.58
1788752535|20260907114215|950.52
1788752540|20260907114220|950.47
1788752545|20260907114225|950.29
1788752555|20260907114235|950.24
1788752565|20260907114245|950.23
1788752570|20260907114250|950.21
1788752575|20260907114255|950.16
1788752585|20260907114305|950.10
1788752590|20260907114310|950.12
1788752595|20260907114315|950.12
1788752605|20260907114325|950.07
1788752620|20260907114340|950.11
1788752625|20260907114345|950.11
1788752630|20260907114350|950.08
1788752635|20260907114355|950.03
1788752645|20260907114405|950.21
1788752655|20260907114415|950.20
1788752660|20260907114420|950.24
1788752665|20260907114425|950.20
1788752705|20260907114505|950.04
1788752715|20260907114515|950.04
1788752720|20260907114520|950.02
1788752725|20260907114525|949.97
1788752735|20260907114535|950.01
1788752740|20260907114540|949.95
1788752745|20260907114545|950.02
1788752750|20260907114550|950.06
1788752755|20260907114555|950.03
1788752760|20260907114600|950.06
1788752765|20260907114605|950.05
1788752775|20260907114615|950.08
1788752780|20260907114620|950.09
1788752785|20260907114625|950.16
1788752795|20260907114635|950.34
1788752800|20260907114640|950.42
1788752805|20260907114645|950.35
1788752810|20260907114650|950.39
1788752815|20260907114655|950.37
1788752825|20260907114705|950.34
1788752830|20260907114710|950.44
1788752835|20260907114715|950.40
1788752845|20260907114725|950.39
1788752855|20260907114735|950.37
1788752870|20260907114750|950.41
1788752885|20260907114805|950.47
1788752890|20260907114810|950.56
1788752895|20260907114815|950.56
1788752900|20260907114820|950.57
1788752905|20260907114825|950.53
1788752915|20260907114835|950.47
1788752920|20260907114840|950.42
1788752930|20260907114850|950.36
1788752945|20260907114905|950.33
1788752950|20260907114910|950.34
1788752955|20260907114915|950.29
1788752960|20260907114920|950.26
1788752965|20260907114925|950.31
1788753000|20260907115000|950.20
1788753005|20260907115005|950.22
1788753010|20260907115010|950.23
1788753015|20260907115015|950.18
1788753020|20260907115020|950.18
1788753025|20260907115025|950.15
1788753035|20260907115035|950.17
1788753040|20260907115040|950.16
1788753045|20260907115045|950.24
1788753055|20260907115055|950.26
1788753065|20260907115105|950.24
1788753075|20260907115115|950.20
1788753080|20260907115120|950.09
1788753085|20260907115125|950.12
1788753095|20260907115135|950.12
1788753100|20260907115140|950.05
1788753105|20260907115145|949.99
1788753110|20260907115150|950.09
1788753115|20260907115155|950.06
1788753130|20260907115210|950.01
1788753135|20260907115215|950.01
1788753145|20260907115225|950.09
1788753155|20260907115235|950.10
1788753160|20260907115240|950.20
1788753170|20260907115250|950.13
1788753175|20260907115255|950.10
1788753185|20260907115305|950.06
1788753190|20260907115310|949.94
1788753200|20260907115320|949.91
1788753205|20260907115325|949.94
1788753215|20260907115335|949.92
1788753225|20260907115345|949.92
1788753230|20260907115350|949.87
1788753235|20260907115355|949.86
1788753245|20260907115405|949.97
1788753250|20260907115410|949.93
1788753255|20260907115415|950.00
1788753260|20260907115420|949.93
1788753265|20260907115425|949.96
1788753295|20260907115455|950.02
1788753305|20260907115505|950.04
1788753310|20260907115510|950.05
1788753315|20260907115515|950.07
1788753320|20260907115520|950.07
1788753325|20260907115525|950.08
1788753335|20260907115535|949.92
1788753340|20260907115540|949.92
1788753345|20260907115545|949.97
1788753360|20260907115600|950.09
1788753365|20260907115605|950.03
1788753370|20260907115610|950.00
1788753375|20260907115615|950.04
1788753380|20260907115620|949.90
1788753395|20260907115635|949.90
1788753400|20260907115640|949.97
1788753405|20260907115645|949.95
1788753415|20260907115655|950.01
1788753425|20260907115705|950.05
1788753430|20260907115710|950.02
1788753440|20260907115720|950.04
1788753445|20260907115725|950.01
1788753455|20260907115735|950.12
1788753465|20260907115745|950.04
1788753470|20260907115750|950.09
1788753475|20260907115755|950.10
1788753490|20260907115810|950.06
1788753495|20260907115815|950.04
1788753500|20260907115820|950.06
1788753505|20260907115825|950.09
1788753515|20260907115835|950.13
1788753520|20260907115840|950.14
1788753530|20260907115850|950.15
1788753535|20260907115855|950.13
1788753545|20260907115905|950.14
1788753550|20260907115910|950.17
1788753560|20260907115920|950.21
1788753565|20260907115925|950.24
1788753600|20260907120000|950.39
1788753605|20260907120005|950.37
1788753610|20260907120010|950.48
1788753620|20260907120020|950.50
1788753625|20260907120025|950.44
1788753635|20260907120035|950.56
1788753640|20260907120040|950.53
1788753650|20260907120050|950.58
1788753655|20260907120055|950.52
1788753660|20260907120100|950.53
1788753665|20260907120105|950.48
1788753670|20260907120110|950.45
1788753675|20260907120115|950.30
1788753680|20260907120120|950.28
1788753685|20260907120125|950.11
1788753695|20260907120135|950.00
1788753700|20260907120140|950.08
1788753705|20260907120145|950.19
1788753710|20260907120150|950.18
1788753715|20260907120155|950.12
1788753725|20260907120205|949.99
1788753730|20260907120210|950.05
1788753735|20260907120215|950.02
1788753740|20260907120220|950.30
1788753745|20260907120225|950.30
1788753755|20260907120235|950.26
1788753760|20260907120240|950.37
1788753765|20260907120245|950.34
1788753770|20260907120250|950.36
1788753775|20260907120255|950.37
1788753780|20260907120300|950.41
1788753785|20260907120305|950.47
1788753790|20260907120310|950.46
1788753795|20260907120315|950.49
1788753800|20260907120320|950.23
1788753805|20260907120325|950.31
1788753815|20260907120335|950.24
1788753820|20260907120340|950.29
1788753825|20260907120345|950.04
1788753830|20260907120350|950.04
1788753835|20260907120355|949.97
1788753840|20260907120400|950.01
1788753850|20260907120410|950.08
1788753855|20260907120415|950.09
1788753860|20260907120420|950.25
1788753865|20260907120425|950.22
1788753900|20260907120500|949.82
1788753905|20260907120505|949.76
1788753910|20260907120510|949.89
1788753915|20260907120515|949.82
1788753920|20260907120520|949.90
1788753925|20260907120525|949.95
1788753935|20260907120535|949.92
1788753940|20260907120540|950.07
1788753945|20260907120545|950.10
1788753955|20260907120555|950.14
1788753965|20260907120605|950.18
1788753970|20260907120610|950.20
1788753975|20260907120615|950.17
1788753980|20260907120620|950.19
1788753985|20260907120625|950.22
1788754000|20260907120640|950.26
1788754005|20260907120645|950.28
1788754010|20260907120650|950.26
1788754015|20260907120655|950.24
1788754030|20260907120710|950.16
1788754035|20260907120715|950.00
1788754045|20260907120725|949.97
1788754055|20260907120735|950.11
1788754065|20260907120745|950.24
1788754070|20260907120750|950.17
1788754075|20260907120755|950.15
1788754090|20260907120810|950.14
1788754095|20260907120815|950.13
1788754100|20260907120820|950.16
1788754105|20260907120825|950.20
1788754115|20260907120835|950.26
1788754120|20260907120840|950.26
1788754125|20260907120845|950.24
1788754130|20260907120850|950.25
1788754135|20260907120855|950.27
1788754145|20260907120905|950.34
1788754150|20260907120910|950.47
1788754155|20260907120915|950.49
1788754160|20260907120920|950.49
1788754165|20260907120925|950.52
1788754210|20260907121010|950.57
1788754215|20260907121015|950.62
1788754220|20260907121020|950.62
1788754225|20260907121025|950.68
1788754235|20260907121035|950.58
1788754240|20260907121040|950.66
1788754245|20260907121045|950.64
1788754250|20260907121050|950.59
1788754265|20260907121105|950.59
1788754270|20260907121110|950.57
1788754275|20260907121115|950.66
1788754280|20260907121120|950.61
1788754285|20260907121125|950.66
1788754295|20260907121135|950.73
1788754300|20260907121140|950.70
1788754310|20260907121150|950.75
1788754315|20260907121155|950.75
1788754320|20260907121200|950.75
1788754325|20260907121205|950.89
1788754330|20260907121210|950.92
1788754335|20260907121215|951.02
1788754340|20260907121220|950.83
1788754345|20260907121225|950.82
1788754355|20260907121235|950.74
1788754360|20260907121240|950.76
1788754370|20260907121250|950.96
1788754375|20260907121255|950.95
1788754385|20260907121305|950.86
1788754405|20260907121325|950.82
1788754420|20260907121340|950.85
1788754425|20260907121345|950.80
1788754430|20260907121350|950.73
1788754445|20260907121405|950.78
1788754450|20260907121410|950.74
1788754455|20260907121415|950.79
1788754460|20260907121420|950.73
1788754465|20260907121425|950.73
1788754505|20260907121505|950.92
1788754510|20260907121510|950.92
1788754515|20260907121515|950.91
1788754520|20260907121520|950.88
1788754525|20260907121525|950.89
1788754535|20260907121535|950.73
1788754540|20260907121540|950.78
1788754545|20260907121545|950.73
1788754555|20260907121555|950.82
1788754560|20260907121600|950.78
1788754565|20260907121605|950.75
1788754570|20260907121610|950.76
1788754580|20260907121620|950.55
1788754595|20260907121635|950.47
1788754600|20260907121640|950.46
1788754605|20260907121645|950.50
1788754620|20260907121700|950.48
1788754630|20260907121710|950.40
1788754635|20260907121715|950.27
1788754640|20260907121720|950.21
1788754655|20260907121735|950.30
1788754660|20260907121740|950.36
1788754665|20260907121745|950.26
1788754670|20260907121750|950.26
1788754685|20260907121805|950.16
1788754690|20260907121810|950.18
1788754695|20260907121815|950.13
1788754700|20260907121820|950.17
1788754705|20260907121825|950.18
1788754715|20260907121835|950.25
1788754725|20260907121845|950.15
1788754730|20260907121850|950.18
1788754735|20260907121855|950.19
1788754740|20260907121900|950.17
1788754745|20260907121905|950.17
1788754750|20260907121910|950.19
1788754755|20260907121915|950.23
1788754780|20260907121940|950.26
1788754805|20260907122005|950.13
1788754810|20260907122010|950.15
1788754820|20260907122020|950.16
1788754825|20260907122025|949.99
1788754835|20260907122035|950.07
1788754840|20260907122040|949.83
1788754845|20260907122045|949.98
1788754850|20260907122050|949.98
1788754855|20260907122055|949.95
1788754860|20260907122100|949.90
1788754865|20260907122105|949.86
1788754870|20260907122110|949.86
1788754875|20260907122115|949.76
1788754880|20260907122120|949.73
1788754885|20260907122125|949.68
1788754895|20260907122135|949.81
1788754905|20260907122145|949.84
1788754910|20260907122150|949.85
1788754915|20260907122155|949.80
1788754920|20260907122200|949.83
1788754925|20260907122205|949.83
1788754930|20260907122210|949.85
1788754935|20260907122215|949.87
1788754940|20260907122220|949.85
1788754945|20260907122225|949.85
1788754950|20260907122230|949.85
1788754955|20260907122235|949.89
1788754960|20260907122240|949.82
1788754970|20260907122250|949.84
1788754975|20260907122255|949.82
1788754980|20260907122300|949.80
1788754990|20260907122310|949.83
1788755015|20260907122335|949.91
1788755020|20260907122340|949.78
1788755025|20260907122345|949.84
1788755030|20260907122350|949.84
1788755040|20260907122400|949.69
1788755045|20260907122405|949.66
1788755050|20260907122410|949.70
1788755055|20260907122415|949.71
1788755060|20260907122420|949.66
1788755100|20260907122500|949.66
1788755105|20260907122505|949.67
1788755110|20260907122510|949.76
1788755115|20260907122515|949.73
1788755120|20260907122520|949.73
1788755125|20260907122525|949.75
1788755135|20260907122535|949.83
1788755140|20260907122540|949.82
1788755145|20260907122545|949.87
1788755155|20260907122555|949.90
1788755160|20260907122600|949.84
1788755165|20260907122605|949.84
1788755170|20260907122610|949.63
1788755175|20260907122615|949.71
1788755180|20260907122620|949.66
1788755185|20260907122625|949.64
1788755195|20260907122635|949.76
1788755200|20260907122640|949.71
1788755210|20260907122650|949.72
1788755215|20260907122655|949.77
1788755220|20260907122700|949.69
1788755225|20260907122705|949.65
1788755235|20260907122715|949.68
1788755240|20260907122720|949.68
1788755245|20260907122725|949.73
1788755255|20260907122735|949.78
1788755270|20260907122750|949.94
1788755275|20260907122755|949.92
1788755280|20260907122800|949.92
1788755290|20260907122810|949.89
1788755295|20260907122815|949.82
1788755305|20260907122825|949.84
1788755315|20260907122835|949.84
1788755320|20260907122840|949.93
1788755325|20260907122845|949.94
1788755330|20260907122850|949.99
1788755335|20260907122855|949.93
1788755340|20260907122900|949.95
1788755345|20260907122905|949.95
1788755350|20260907122910|949.95
1788755355|20260907122915|949.93
1788755360|20260907122920|949.93
1788755365|20260907122925|949.91
1788755380|20260907122940|949.95
1788755405|20260907123005|949.99
1788755410|20260907123010|950.05
1788755415|20260907123015|949.99
1788755420|20260907123020|950.02
1788755425|20260907123025|949.84
1788755440|20260907123040|949.76
1788755445|20260907123045|949.78
1788755460|20260907123100|949.76
1788755465|20260907123105|949.73
1788755470|20260907123110|949.76
1788755475|20260907123115|949.78
1788755480|20260907123120|949.78
1788755485|20260907123125|949.81
1788755495|20260907123135|949.73
1788755505|20260907123145|949.76
1788755510|20260907123150|949.77
1788755530|20260907123210|949.46
1788755535|20260907123215|949.37
1788755540|20260907123220|949.62
1788755555|20260907123235|949.60
1788755560|20260907123240|949.54
1788755565|20260907123245|949.55
1788755570|20260907123250|949.60
1788755575|20260907123255|949.56
1788755580|20260907123300|949.52
1788755590|20260907123310|949.54
1788755595|20260907123315|949.59
1788755600|20260907123320|949.56
1788755620|20260907123340|949.52
1788755625|20260907123345|949.49
1788755630|20260907123350|949.46
1788755635|20260907123355|949.47
1788755645|20260907123405|949.31
1788755650|20260907123410|949.15
1788755655|20260907123415|949.15
1788755700|20260907123500|948.95
1788755705|20260907123505|949.12
1788755710|20260907123510|949.10
1788755720|20260907123520|949.01
1788755725|20260907123525|949.02
1788755735|20260907123535|948.97
1788755740|20260907123540|948.88
1788755745|20260907123545|948.88
1788755750|20260907123550|949.00
1788755755|20260907123555|949.00
1788755760|20260907123600|948.97
1788755765|20260907123605|948.90
1788755770|20260907123610|948.87
1788755775|20260907123615|948.86
1788755780|20260907123620|948.86
1788755785|20260907123625|948.78
1788755795|20260907123635|948.75
1788755800|20260907123640|948.74
1788755805|20260907123645|948.69
1788755810|20260907123650|948.67
1788755825|20260907123705|948.68
1788755830|20260907123710|948.68
1788755835|20260907123715|948.57
1788755840|20260907123720|948.59
1788755845|20260907123725|948.58
1788755855|20260907123735|948.55
1788755860|20260907123740|948.57
1788755865|20260907123745|948.52
1788755870|20260907123750|948.59
1788755875|20260907123755|948.57
1788755880|20260907123800|948.50
1788755885|20260907123805|948.61
1788755890|20260907123810|948.62
1788755895|20260907123815|948.59
1788755900|20260907123820|948.65
1788755905|20260907123825|948.63
1788755915|20260907123835|948.87
1788755920|20260907123840|948.85
1788755925|20260907123845|948.83
1788755930|20260907123850|948.82
1788755945|20260907123905|948.71
1788755950|20260907123910|948.50
1788755955|20260907123915|948.34
1788755960|20260907123920|948.38
1788755965|20260907123925|948.40
1788755975|20260907123935|948.42
1788756005|20260907124005|948.43
1788756015|20260907124015|948.38
1788756020|20260907124020|948.43
1788756025|20260907124025|948.40
1788756035|20260907124035|948.47
1788756040|20260907124040|948.48
1788756045|20260907124045|948.66
1788756050|20260907124050|948.67
1788756055|20260907124055|948.71
1788756065|20260907124105|948.71
1788756075|20260907124115|948.76
1788756080|20260907124120|948.72
1788756085|20260907124125|948.75
1788756095|20260907124135|948.78
1788756100|20260907124140|948.77
1788756105|20260907124145|948.77
1788756110|20260907124150|948.77
1788756115|20260907124155|948.71
1788756125|20260907124205|948.68
1788756130|20260907124210|948.76
1788756135|20260907124215|948.76
1788756140|20260907124220|948.77
1788756145|20260907124225|948.77
1788756155|20260907124235|948.77
1788756165|20260907124245|948.78
1788756170|20260907124250|948.76
1788756175|20260907124255|948.76
1788756185|20260907124305|948.83
1788756190|20260907124310|948.88
1788756195|20260907124315|948.86
1788756200|20260907124320|948.83
1788756205|20260907124325|948.90
1788756220|20260907124340|948.89
1788756225|20260907124345|948.91
1788756230|20260907124350|948.84
1788756235|20260907124355|948.86
1788756250|20260907124410|948.75
1788756260|20260907124420|948.70
1788756265|20260907124425|948.76
1788756290|20260907124450|948.82
1788756310|20260907124510|948.72
1788756315|20260907124515|948.83
1788756320|20260907124520|948.78
1788756325|20260907124525|948.87
1788756335|20260907124535|948.86
1788756340|20260907124540|948.80
1788756345|20260907124545|948.82
1788756360|20260907124600|948.85
1788756365|20260907124605|948.75
1788756370|20260907124610|948.77
1788756375|20260907124615|948.83
1788756380|20260907124620|948.84
1788756385|20260907124625|948.77
1788756395|20260907124635|948.74
1788756405|20260907124645|948.75
1788756410|20260907124650|948.77
1788756415|20260907124655|948.79
1788756425|20260907124705|948.87
1788756430|20260907124710|948.97
1788756440|20260907124720|948.86
1788756445|20260907124725|948.87
1788756455|20260907124735|948.81
1788756465|20260907124745|948.87
1788756470|20260907124750|948.74
1788756475|20260907124755|948.68
1788756480|20260907124800|948.69
1788756490|20260907124810|948.72
1788756495|20260907124815|948.80
1788756505|20260907124825|948.93
1788756515|20260907124835|948.96
1788756520|20260907124840|948.70
1788756525|20260907124845|948.74
1788756530|20260907124850|948.77
1788756535|20260907124855|948.63
1788756540|20260907124900|948.67
1788756545|20260907124905|948.61
1788756555|20260907124915|948.58
1788756560|20260907124920|948.56
1788756565|20260907124925|948.65
1788756605|20260907125005|948.71
1788756615|20260907125015|948.69
1788756620|20260907125020|948.75
1788756625|20260907125025|948.66
1788756635|20260907125035|948.82
1788756640|20260907125040|948.81
1788756645|20260907125045|948.88
1788756655|20260907125055|948.89
1788756660|20260907125100|948.89
1788756665|20260907125105|949.02
1788756675|20260907125115|948.99
1788756680|20260907125120|948.96
1788756685|20260907125125|948.94
1788756690|20260907125130|948.97
1788756695|20260907125135|948.92
1788756700|20260907125140|948.87
1788756705|20260907125145|948.90
1788756715|20260907125155|948.93
1788756725|20260907125205|948.91
1788756730|20260907125210|948.91
1788756740|20260907125220|948.81
1788756745|20260907125225|948.81
1788756755|20260907125235|948.84
1788756760|20260907125240|948.93
1788756765|20260907125245|948.75
1788756770|20260907125250|948.77
1788756775|20260907125255|948.80
1788756780|20260907125300|948.77
1788756785|20260907125305|948.87
1788756790|20260907125310|948.87
1788756795|20260907125315|948.83
1788756800|20260907125320|948.83
1788756805|20260907125325|948.80
1788756815|20260907125335|948.69
1788756820|20260907125340|948.75
1788756825|20260907125345|948.75
1788756835|20260907125355|948.70
1788756845|20260907125405|948.60
1788756850|20260907125410|948.59
1788756855|20260907125415|948.55
1788756860|20260907125420|948.57
1788756865|20260907125425|948.61
1788756900|20260907125500|948.69
1788756970|20260907125610|948.71
