1790265673|20260925000113|918.52
1790265898|20260925000458|919.29
1790265909|20260925000509|919.58
1790266169|20260925000929|918.08
1790266200|20260925001000|918.12
1790266362|20260925001242|918.74
1790266502|20260925001502|918.44
1790266691|20260925001811|925.65
1790266825|20260925002025|924.28
1790267042|20260925002402|922.05
1790267109|20260925002509|923.41
1790267237|20260925002717|922.13
1790267438|20260925003038|923.44
1790267549|20260925003229|921.79
1790267720|20260925003520|922.26
1790267833|20260925003713|923.84
1790268141|20260925004221|925.13
1790268298|20260925004458|922.72
1790268316|20260925004516|922.24
1790268497|20260925004817|923.39
1790268717|20260925005157|923.67
1790268832|20260925005352|921.89
1790268906|20260925005506|922.28
1790269117|20260925005837|923.14
1790269329|20260925010209|921.50
1790269425|20260925010345|923.48
1790269604|20260925010644|922.60
1790269690|20260925010810|921.69
1790269808|20260925011008|920.93
1790270081|20260925011441|922.40
1790270102|20260925011502|922.00
1790270394|20260925011954|919.96
1790270566|20260925012246|920.85
1790270694|20260925012454|919.65
1790270804|20260925012644|919.32
1790270926|20260925012846|920.50
1790271049|20260925013049|920.08
1790271222|20260925013342|921.12
1790271467|20260925013747|920.46
1790271530|20260925013850|919.84
1790271664|20260925014104|920.29
1790271879|20260925014439|919.09
1790272009|20260925014649|919.76
1790272152|20260925014912|919.01
1790272206|20260925015006|919.08
1790272466|20260925015426|920.05
1790272501|20260925015501|919.60
1790272735|20260925015855|920.73
1790272866|20260925020106|920.88
1790273048|20260925020408|918.64
1790273106|20260925020506|918.90
1790273366|20260925020926|920.32
1790273400|20260925021000|919.98
1790273653|20260925021413|921.85
1790273733|20260925021533|921.22
1790273805|20260925021645|922.19
1790274055|20260925022055|920.98
1790274276|20260925022436|921.60
1790274305|20260925022505|921.34
1790274550|20260925022910|922.84
1790274627|20260925023027|923.09
1790274888|20260925023448|921.74
1790275030|20260925023710|921.14
1790275174|20260925023934|924.11
1790275200|20260925024000|923.30
1790275431|20260925024351|921.60
1790275666|20260925024746|921.74
1790275797|20260925024957|922.43
1790275808|20260925025008|922.15
1790275858|20260925025058|923.20
1790276293|20260925025813|922.82
1790276381|20260925025941|921.93
1790276507|20260925030147|921.31
1790276539|20260925030219|922.63
1790276701|20260925030501|921.80
1790276809|20260925030649|922.67
1790277010|20260925031010|922.62
1790277284|20260925031444|921.72
1790277314|20260925031514|921.85
1790277471|20260925031751|922.88
1790277665|20260925032105|922.21
1790277865|20260925032425|923.39
1790277922|20260925032522|923.76
1790278181|20260925032941|922.64
1790278249|20260925033049|922.64
1790278415|20260925033335|923.20
1790278542|20260925033542|922.67
1790278793|20260925033953|923.66
1790278934|20260925034214|923.13
1790279049|20260925034409|923.70
1790279169|20260925034609|923.04
1790279274|20260925034754|923.84
1790279439|20260925035039|922.92
1790279689|20260925035449|923.60
1790279706|20260925035506|923.55
1790279950|20260925035910|922.85
1790280092|20260925040132|923.48
1790280217|20260925040337|922.60
1790280384|20260925040624|923.15
1790280566|20260925040926|922.35
1790280673|20260925041113|923.11
1790280895|20260925041455|922.25
1790280941|20260925041541|922.65
1790281135|20260925041855|921.22
1790281415|20260925042335|921.12
1790281471|20260925042431|921.85
1790281583|20260925042623|921.90
1790281751|20260925042911|921.10
1790281827|20260925043027|921.25
1790282065|20260925043425|922.01
1790282275|20260925043755|921.46
1790282388|20260925043948|922.37
1790282401|20260925044001|921.99
1790282687|20260925044447|922.91
1790282798|20260925044638|922.38
1790282835|20260925044715|923.16
1790283054|20260925045054|922.57
1790283299|20260925045459|923.20
1790283306|20260925045506|922.88
1790283372|20260925045612|923.86
1790287230|20260925060030|922.85
1790287399|20260925060319|923.69
1790287501|20260925060501|923.28
1790287776|20260925060936|922.64
1790287930|20260925061210|922.94
1790288049|20260925061409|922.36
1790288148|20260925061548|922.69
1790288391|20260925061951|921.90
1790288557|20260925062237|921.84
1790288593|20260925062313|922.45
1790288708|20260925062508|922.23
1790288818|20260925062658|922.92
1790289048|20260925063048|923.05
1790289158|20260925063238|922.50
1790289307|20260925063507|922.89
1790289580|20260925063940|922.16
1790289614|20260925064014|922.05
1790289787|20260925064307|922.94
1790289905|20260925064505|922.51
1790289969|20260925064609|922.93
1790290440|20260925065400|922.55
1790290456|20260925065416|922.95
1790290510|20260925065510|922.70
1790290610|20260925065650|923.43
1790290959|20260925070239|922.79
1790291027|20260925070347|923.57
1790291154|20260925070554|923.51
1790291357|20260925070917|922.74
1790291436|20260925071036|922.82
1790291659|20260925071419|923.36
1790291878|20260925071758|922.68
1790291968|20260925071928|923.52
1790292009|20260925072009|923.33
1790292230|20260925072350|922.82
1790292354|20260925072554|923.28
1790292361|20260925072601|922.65
1790292632|20260925073032|922.50
1790292797|20260925073317|923.25
1790292904|20260925073504|922.83
1790293153|20260925073913|923.66
1790293255|20260925074055|923.56
1790293397|20260925074317|923.05
1790293538|20260925074538|923.37
1790293788|20260925074948|922.63
1790293807|20260925075007|922.81
1790294099|20260925075459|921.77
1790294168|20260925075608|921.97
1790294385|20260925075945|921.20
1790294411|20260925080011|921.12
1790294681|20260925080441|922.51
1790294757|20260925080557|922.49
1790294886|20260925080806|921.65
1790295058|20260925081058|922.29
1790295187|20260925081307|921.38
1790295313|20260925081513|921.19
1790295442|20260925081722|922.08
1790295654|20260925082054|921.52
1790295779|20260925082259|922.57
1790295910|20260925082510|921.99
1790296030|20260925082710|922.57
1790296275|20260925083115|921.73
1790296441|20260925083401|922.60
1790296560|20260925083600|922.70
1790296741|20260925083901|922.06
1790296806|20260925084006|922.20
1790296920|20260925084200|922.97
1790297259|20260925084739|922.41
1790297392|20260925084952|923.19
1790297498|20260925085138|923.35
1790297608|20260925085328|922.82
1790297706|20260925085506|922.93
1790297943|20260925085903|924.84
1790298028|20260925090028|923.95
1790298243|20260925090403|925.37
1790298320|20260925090520|924.67
1790298526|20260925090846|925.80
1790298607|20260925091007|925.35
1790298897|20260925091457|927.01
1790299074|20260925091754|927.26
1790299176|20260925091936|926.40
1790299202|20260925092002|926.51
1790299326|20260925092206|927.72
1790299699|20260925092819|927.05
1790299730|20260925092850|927.81
1790299809|20260925093009|927.80
1790299849|20260925093049|927.01
1790300113|20260925093513|926.96
1790300268|20260925093748|927.98
1790300472|20260925094112|928.13
1790300699|20260925094459|927.25
1790300706|20260925094506|927.38
1790300952|20260925094912|926.10
1790301112|20260925095152|925.88
1790301153|20260925095233|926.61
1790301458|20260925095738|926.01
1790301565|20260925095925|926.67
1790301640|20260925100040|926.18
1790301840|20260925100400|927.43
1790301979|20260925100619|926.84
1790302166|20260925100926|928.07
1790302250|20260925101050|927.87
1790302494|20260925101454|926.67
1790302529|20260925101529|927.14
1790302573|20260925101613|926.34
1790303003|20260925102323|927.40
1790303041|20260925102401|926.67
1790303152|20260925102552|927.13
1790303397|20260925102957|926.22
1790303527|20260925103207|926.02
1790303626|20260925103346|926.67
1790303839|20260925103719|926.42
1790303892|20260925103812|925.38
1790304151|20260925104231|924.98
1790304254|20260925104414|926.23
1790304318|20260925104518|925.99
1790304585|20260925104945|924.70
1790304600|20260925105000|925.00
1790304714|20260925105154|924.04
1790304902|20260925105502|924.84
1790305160|20260925105920|925.79
1790305238|20260925110038|925.66
1790305451|20260925110411|924.94
1790305504|20260925110504|925.16
1790305613|20260925110653|926.18
1790305897|20260925111137|925.67
1790306098|20260925111458|925.01
1790306150|20260925111550|925.82
1790306295|20260925111815|924.99
1790306433|20260925112033|925.62
1790306675|20260925112435|924.95
1790306787|20260925112627|925.32
1790306997|20260925112957|924.05
1790307254|20260925113414|924.22
1790307297|20260925113457|923.71
1790307320|20260925113520|923.93
1790307425|20260925113705|923.12
1790307699|20260925114139|923.20
1790307836|20260925114356|923.95
1790307917|20260925114517|923.31
1790307997|20260925114637|922.61
1790308205|20260925115005|922.58
1790308250|20260925115050|923.33
1790308507|20260925115507|923.00
1790308763|20260925115923|922.25
1790308930|20260925120210|922.87
1790309017|20260925120337|922.05
1790309195|20260925120635|922.90
1790309240|20260925120720|922.10
1790309557|20260925121237|922.80
1790309687|20260925121447|921.92
1790309705|20260925121505|921.81
1790309898|20260925121818|922.49
1790310007|20260925122007|921.93
1790310189|20260925122309|922.68
1790310408|20260925122648|922.27
1790310596|20260925122956|923.06
1790310740|20260925123220|923.01
1790310799|20260925123319|922.40
1790310961|20260925123601|922.98
1790311169|20260925123929|922.37
1790311201|20260925124001|922.44
1790311415|20260925124335|923.30
1790311524|20260925124524|923.21
1790311776|20260925124936|922.42
1790311877|20260925125117|922.51
1790312020|20260925125340|921.69
1790312103|20260925125503|922.18
1790312321|20260925125841|920.72
1790312487|20260925130127|921.24
1790312673|20260925130433|919.91
1790312737|20260925130537|920.84
1790312894|20260925130814|919.94
1790313030|20260925131030|920.39
1790313284|20260925131444|919.37
1790313305|20260925131505|919.50
1790313583|20260925131943|920.61
1790313867|20260925132427|920.79
1790313897|20260925132457|920.06
1790313905|20260925132505|920.06
1790314121|20260925132841|921.60
1790314216|20260925133016|920.85
1790314442|20260925133402|923.08
1790314587|20260925133627|921.41
1790314790|20260925133950|923.46
1790314968|20260925134248|923.61
1790314997|20260925134317|922.78
1790315248|20260925134728|923.67
1790315397|20260925134957|922.48
1790315549|20260925135229|922.85
1790315650|20260925135410|922.01
1790315792|20260925135632|922.34
1790315852|20260925135732|921.39
1790316003|20260925140003|921.59
1790316136|20260925140216|922.88
1790316322|20260925140522|923.03
1790316451|20260925140731|921.75
1790316600|20260925141000|921.90
1790316879|20260925141439|923.80
1790316901|20260925141501|923.23
1790317069|20260925141749|924.95
1790317307|20260925142147|924.92
1790317448|20260925142408|923.55
1790317513|20260925142513|924.37
1790317776|20260925142936|923.24
1790317826|20260925143026|923.31
1790318071|20260925143431|923.87
1790318225|20260925143705|923.34
1790318326|20260925143846|924.17
1790318510|20260925144150|924.18
1790318670|20260925144430|923.62
1790318829|20260925144709|924.31
1790318882|20260925144802|923.46
1790319017|20260925145017|923.94
1790319185|20260925145305|923.31
1790319327|20260925145527|923.35
1790319477|20260925145757|924.63
1790319635|20260925150035|924.64
1790319898|20260925150458|923.01
1790319900|20260925150500|923.07
1790320042|20260925150722|924.45
1790320230|20260925151030|924.12
1790320353|20260925151233|923.20
1790320595|20260925151635|923.99
1790320797|20260925151957|922.83
1790320822|20260925152022|922.77
1790320894|20260925152134|923.63
1790321134|20260925152534|923.62
1790321233|20260925152713|922.64
1790321490|20260925153130|924.16
1790321646|20260925153406|922.61
1790321704|20260925153504|923.48
1790321756|20260925153556|924.72
1790322070|20260925154110|923.33
1790322129|20260925154209|924.21
1790322300|20260925154500|923.61
1790322434|20260925154714|924.71
1790322683|20260925155123|923.98
1790322800|20260925155320|924.91
