1774784267989|2
1774784267989|3
1774784267989|4
1774784267989|5
1774784267989|6
1774784267989|7
1774784267989|8
1774784267989|9
1774784267989|10
1774784267989|11
1774784267989|12
1774784267989|13
1774784267989|14
1774784267989|15
1774784267989|16
1774784267989|17
1774784267989|18
1774784267989|19
1774784267989|20
1774784267989|21
1774784267989|22
1774784267989|23
1774784267989|24
1774784267989|25
1774784267989|26
1774784267989|27
1774784267989|28
1774784267989|29
1774784267989|30
1774784267989|31
1774784267989|32
1774784267989|33
1774784267989|34
1774784267989|35
1774784267989|36
1774784267989|37
1774784267989|38
1774784267989|39
1774784267989|40
1774784267989|41
1774784267989|42
1774784267989|43
1774784267989|44
1774784267989|45
1774784267989|46
1774784267989|47
1774784267989|48
1774784267989|49
1774784267989|50
1774784267989|51
1774784267989|52
1774784267989|53
1774784267989|54
1774784267989|55
1774784267989|56
1774784267989|57
1774784267989|58
1774784267989|59
1774784267989|60
1774784267989|61
1774784267989|62
1774784267989|63
1774784267989|64
1774784267989|66
1774784267989|67
1774784267989|68
1774784267989|69
1774784267989|70
1774784267989|71
1774784267989|73
1774784267989|74
1774784267989|75
1774784267989|76
1774784267989|77
1774784267989|78
1774784267989|80
1774784267989|81
1774784267989|82
1774784267989|83
1774784267989|84
1774784267989|85
1774784267989|87
1774784267989|88
1774784267989|89
1774784267989|90
1774784267989|91
1774784267989|92
1774784267989|94
1774784267989|95
1774784267989|96
1774784267989|97
1774784267989|98
1774784267989|99
1774784267989|101
1774784267989|102
1774784267989|103
1774784267989|104
1774784267989|105
1774784267989|106
1774784267989|108
1774784267989|109
1774784267989|110
1774784267989|111
1774784267989|112
1774784267989|113
1774784267989|115
1774784267989|116
1774784267989|117
1774784267989|118
1774784267989|119
1774784267989|120
1774784267989|122
1774784267989|123
1774784267989|124
1774784267989|125
1774784267989|126
1774784267989|127
1774784267989|129
1774784267989|130
1774784267989|131
1774784267989|132
1774784267989|133
1774784267989|134
1774784267989|136
1774784267989|137
1774784268026|138
1774784268026|139
1774784268026|140
1774784268026|141
1774784268026|143
1774784268026|144
1774784268026|145
1774784268026|146
1774784268026|147
1774784268026|148
1774784268026|150
1774784268026|151
1774784268026|152
1774784268026|153
1774784268026|154
1774784268026|155
1774784268026|157
1774784268026|158
1774784268026|159
1774784268026|160
1774784268026|161
1774784268026|162
1774784268026|164
1774784268026|165
1774784268026|166
1774784268026|167
1774784268026|168
1774784268026|169
1774784268026|171
1774784268026|172
1774784268026|173
1774784268026|174
1774784268026|175
1774784268026|176
1774784268026|178
1774784268026|179
1774784268026|180
1774784268026|181
1774784268026|182
1774784268026|183
1774784268026|185
1774784268026|186
1774784268026|187
1774784268026|188
1774784268026|189
1774784268026|190
1774784268026|192
1774784268026|193
1774784268026|194
1774784268026|195
1774784268026|196
1774784268026|197
1774784268026|199
1774784268026|200
1774784268026|201
1774784268026|202
1774784268026|203
1774784268026|204
1774784268026|206
1774784268026|207
1774784268026|208
1774784268026|209
1774784268026|210
1774784268026|211
1774784268026|213
1774784268026|214
1774784268026|215
1774784268026|216
1774784268026|217
1774784268026|218
1774784268026|220
1774784268026|221
1774784268026|222
1774784268026|223
1774784268026|224
1774784268026|225
1774784268026|227
1774784268026|228
1774784268026|229
1774784268026|230
1774784268026|231
1774784268026|232
1774784268026|234
1774784268026|235
1774784268026|236
1774784268026|237
1774784268026|238
1774784268026|239
1774784268026|241
1774784268026|242
1774784268026|243
1774784268026|244
1774784268026|245
1774784268026|246
1774784268026|248
1774784268026|249
1774785268031|1
